0 0.54296875 0.915625 0.06640625 0.16796875
0 0.16171875 0.81171875 0.084375 0.0890625
0 0.27265625 0.865625 0.071875 0.10390625
0 0.34921875 0.89140625 0.071875 0.10546875
0 0.659375 0.7546875 0.125 0.153125
0 0.775 0.68515625 0.10859375 0.13046875
0 0.62265625 0.94765625 0.071875 0.10390625
0 0.74765625 0.86640625 0.09453125 0.1125
0 0.63046875 0.72734375 0.13359375 0.15703125
0 0.759375 0.4890625 0.115625 0.12890625
0 0.4859375 0.071875 0.1 0.14296875
0 0.21953125 0.246875 0.10859375 0.10703125
0 0.27578125 0.1046875 0.08984375 0.128125
0 0.26328125 0.29453125 0.10859375 0.159375
0 0.1703125 0.153125 0.08515625 0.09296875
0 0.04296875 0.38828125 0.03359375 0.1
0 0.1515625 0.3 0.08046875 0.09609375
0 0.053125 0.35 0.05234375 0.084375
0 0.36953125 0.190625 0.12109375 0.15390625
0 0.76875 0.23203125 0.09296875 0.134375