0 0.9193368490414825 0.5675280912322114 0.16132630191703506 0.09705555247554401
0 0.759823552879984 0.926768041387503 0.10212610226293642 0.10279034200867017
0 0.8303309747193486 0.8301275307935722 0.11458974082661796 0.09726838410204489
0 0.8728815682016862 0.7607551754895481 0.13333974082661798 0.09836044724210727
0 0.7787941831540461 0.428823365050909 0.17114881303532492 0.15366957352223148
0 0.7483794544276767 0.30209426507914383 0.13038745764913068 0.12786593671876342
0 0.9535391322189696 0.508592706988992 0.0929217355620608 0.08992632096198286
0 0.9025993218159236 0.364964533353821 0.1256454154946532 0.11821792093374786
0 0.7539123578220812 0.4476797808641594 0.1852658551898024 0.1638636208772782
0 0.5303152556573407 0.2729927810759209 0.14921927088084708 0.14302049985882564
0 0.07681404751723085 0.4504164999294128 0.14913745764913056 0.12895799985882558
0 0.2293906434354554 0.7677922576807463 0.11770565046753825 0.09588789462538863
0 0.07727363153159869 0.6636522472985769 0.13969882513557325 0.11747446828879457
0 0.24933498389273084 0.7056940760824804 0.14126132513557327 0.1175654735504665
0 0.10995484220579135 0.7772366051628499 0.10683178298109555 0.10618835779368574
0 0.331226375088691 0.9549120970585804 0.10500566256778665 0.06078485253201364
0 0.2500394867214012 0.8267878260824804 0.1021079215447771 0.09966534200867017
0 0.3061672877546735 0.9432997628718309 0.09724770472226432 0.06970482622365459
0 0.18381400214129934 0.5855111077230986 0.1851567708808471 0.14511362087727803
0 0.2823862948849522 0.2116934471009328 0.136555644417414 0.1141674577654509