0 0.48964477323170463 0.1497592077455232 0.09731535178688588 0.0951527454580721
0 0.26252385771838493 0.1366700500096983 0.10388368676785795 0.10347542848861027
0 0.19918821098814568 0.2257168324314133 0.12218801779449713 0.09406847758022467
0 0.16777372631118487 0.29556707576345354 0.09731535178688593 0.0951527454580722
0 0.24932079254625755 0.6152415890993731 0.1720261917107738 0.1323973960668953
0 0.276798488211364 0.7545272297062565 0.13439885771838495 0.12621129788366653
0 0.08353928364900898 0.5596617845477468 0.11214185574121864 0.11505065727678296
0 0.1159445598464631 0.6861125853063512 0.09450868676785787 0.10271015394280311
0 0.50872230885788 0.713502843351437 0.19479252965749527 0.15605803667377885
0 0.49913374463715465 0.8030437044115434 0.15496602570316256 0.13411939273291518
0 0.9173021882693231 0.7328573318516851 0.16539562346135384 0.13344971303635714
0 0.933456428877783 0.6417220198831931 0.1330871422444339 0.12343698424818435
0 0.7983406353987139 0.31122183472662307 0.10206651878308044 0.09709788273097572
0 0.9284658634027382 0.416466928367924 0.1430682731945236 0.12461684697528094
0 0.7870158162350727 0.37726142290791226 0.14202035672980173 0.12216152667183913
0 0.9063613824329643 0.30602376488222327 0.11007001977166339 0.10242311151914843
0 0.7679872905319101 0.2542385110892014 0.0896938527754692 0.0992025166698994
0 0.7174050173002056 0.14031966123898265 0.09310801285158128 0.06833515394280307
0 0.8193282505314727 0.4632147694241512 0.1152668557412185 0.11530574879205205
0 0.7086015865382087 0.8606322901769365 0.11708402372599629 0.12168329454968649