0 0.5527438137361818 0.8060748304848978 0.13875157759274243 0.26775803029369394
0 0.21584320730969112 0.8253398516550294 0.09183581050398351 0.10206125269929238
0 0.31882345480240865 0.8394597060093515 0.10236413354437941 0.0888275468904336
0 0.40638329077492824 0.8617948020653037 0.08549488229073816 0.09846265601864027
0 0.6910812365391509 0.6898909555851442 0.11718280298213628 0.16946224025173784
0 0.8120325825408002 0.622002870727347 0.10984166442319179 0.13148864357108572
0 0.6982812857603633 0.8835225564149812 0.10947795157021041 0.11898864357108536
0 0.8022353483759179 0.7965651628438956 0.09643238229073817 0.09929145020978147
0 0.687326784573229 0.4263137076597367 0.13358069279472176 0.19720873195336797
0 0.7712926076136248 0.4058576524709334 0.12762019780928674 0.15310353444287889
0 0.5538584373844454 0.0601399815291607 0.11709187476889085 0.1202799630583214
0 0.44898908095795476 0.057856353729622 0.11672816191590943 0.115712707459244
0 0.19462114436493208 0.2843479987506002 0.09928459765100213 0.09015324855010753
0 0.2474325926364372 0.10809222945456827 0.1056088054894186 0.14675844606059654
0 0.25603601748447025 0.29613668111424224 0.12356919530200416 0.1746233369323898
0 0.14224263895465575 0.17948382261073542 0.07947220282385156 0.10580155933798814
0 0.0479316639609734 0.436398518671332 0.042017666930474276 0.10452247925407558
0 0.14474917649738572 0.3194459717808984 0.09206313103709696 0.10987375269929238
0 0.051065024148387816 0.40954002074592444 0.05741534639736088 0.09789397095570589
0 0.32964335055399596 0.18877262177625403 0.12625627461060623 0.10622853444287891
0 0.7550214352728744 0.19647099707699306 0.10130173871722885 0.10589664772027052