0 0.5723284761922867 0.23072365622385674 0.1203589935570923 0.2848663089182919
0 0.8092244881943392 0.21680789373860962 0.09274201190385653 0.10175887797604236
0 0.6922960634281082 0.16408209546397948 0.08190450585373235 0.11818155347041022
0 0.6120227561483201 0.12486142231540014 0.08050563231716552 0.14619729282674845
0 0.3321029311109427 0.2795771474217804 0.10876698770335987 0.1716014844126597
0 0.2096143318730685 0.3765235672161651 0.11947722872636941 0.1333038089182918
0 0.34024775009819586 0.08866257031825824 0.0771897347764936 0.113166271539425
0 0.22018925927157804 0.1709291310781355 0.10386131908544902 0.13377370248167447
0 0.26523761797742196 0.35383982006615666 0.1493556262670414 0.16819226114786484
0 0.23830643755385034 0.549693269445738 0.1273624515990064 0.1463501121366006
0 0.5454133929634857 0.9399467468594697 0.11339994554888229 0.12010650628106063
0 0.7965315071302788 0.7864648298766392 0.1256999576491305 0.12905335149293898
0 0.7527355344540335 0.9256476621759415 0.10235336123992678 0.14303944183801284
0 0.7491388775435877 0.7378198802449563 0.1244192587805987 0.17738159084927715
0 0.8538394922013598 0.8772262236921234 0.09276928298109581 0.10644637797604233
0 0.9623342900131784 0.6331480777829522 0.030269282981095456 0.10207595222957302
0 0.8616843293389858 0.7378741465886012 0.08800906010845858 0.09361859604505725
0 0.9582916846269842 0.6563124261737979 0.06149201190385654 0.09957366510280767
0 0.6712178897420319 0.8316302283837004 0.1240556444174139 0.11488159084927715
0 0.8304519891762979 0.8669935640371975 0.06987720452587273 0.1985574683211163
0 0.7137457573266704 0.9104161460843981 0.11162836729005096 0.126507505699983