0 0.5452447514731145 0.8736253012506726 0.14418066556640988 0.2527493974986549
0 0.2078030284428162 0.804075130826034 0.09304145020978145 0.09975933540139544
0 0.30980415894164726 0.8477319316985541 0.09966995850815116 0.08468063861970414
0 0.3932920877808043 0.8932026048471335 0.0865546518694554 0.09619729282674853
0 0.6920945954544742 0.8060785713266643 0.11977081618646537 0.16535148441265973
0 0.8187037170302356 0.7745222047505884 0.11224173610255299 0.12752370248167466
0 0.6805804454591187 0.9695030248936197 0.10914004689043359 0.06099395021276059
0 0.7924875269929237 0.941321938659045 0.09893625269929238 0.09550887797604232
0 0.7130061336223307 0.5487630980618695 0.1358461020792369 0.19289733020561534
0 0.7979847848670862 0.5523740531414341 0.1294059253146722 0.1489288089182919
0 0.6170234018694554 0.13329128134990753 0.11965241701630233 0.1637889844126597
0 0.5091750130722545 0.10476780758090953 0.108975026144509 0.1459459205506893
0 0.23606051224706198 0.2745075991471503 0.10783765601864026 0.08991444183801275
0 0.305600649794863 0.11540003293939138 0.10717572780418312 0.14271165990702758
0 0.29637105021442584 0.30126112328446536 0.12625761452679143 0.16891352698730663
0 0.19280557448483518 0.15491636498659211 0.08077824855010748 0.10201025025210156
0 0.07679410125404425 0.37760582995351377 0.04351504689043355 0.10251299480421991
0 0.1837526510442628 0.2918318569408204 0.09363344606059654 0.10757183540139544
0 0.08193096453143586 0.3530975028499916 0.05854805103961842 0.09579310124083733
0 0.3793476483449704 0.21691861029501514 0.12741645020978148 0.10216306956195356
0 0.8015913464801594 0.3435835611872058 0.1025348493799445 0.10197739926336577