0 0.48178073118386233 0.25210415742663245 0.16673385152879536 0.3011060156438413
0 0.7557958883415195 0.8947591781909712 0.10287675103345713 0.10104583148532668
0 0.6353356850745318 0.9245615283039108 0.09324919396136266 0.1285337946536238
0 0.5582637628247908 0.93103977048199 0.0903767510334573 0.10031778939195171
0 0.28547273387445876 0.749860576011893 0.12802660835322088 0.17263240514873246
0 0.16736274276579888 0.6787451682323248 0.11846751778268035 0.13467737884037306
0 0.27218071361057905 0.9175108075960416 0.10814644789030421 0.1138188472703419
0 0.1649718351983663 0.8478136866481762 0.09789815260503384 0.09452281570031076
0 0.30651094168956033 0.4831736049510883 0.1448160020669146 0.19854245776545093
0 0.218921050457066 0.46318805766662885 0.1271533130679506 0.15388240514873242
0 0.4650748823411542 0.10620782850155472 0.12610023531769166 0.16472889988706055
0 0.562059044251813 0.10950640472520937 0.10713191149637406 0.15894933674699835
0 0.8073029619534401 0.3439170150085567 0.12391699710451576 0.11785389988706055
0 0.7731549019858613 0.20248837820508864 0.1258819114963739 0.16004139988706054
0 0.7473264944184288 0.37019181769586235 0.1312971575674327 0.17593941567207602
0 0.8677011145584739 0.2581307044287432 0.09386562406898662 0.10831229991529537
0 0.9474998147250897 0.5126732622365464 0.05004284946188094 0.10420165258848364
0 0.8572451499189466 0.3985281912745636 0.09448205417661057 0.08809080517696728
0 0.9441779156347124 0.4662609938206949 0.06515842721213971 0.0941742052052021
0 0.6624506883797915 0.2414760125188951 0.15444355913900906 0.1710544945971538
0 0.25203757320214504 0.25674063659170654 0.11261562406898662 0.10940436305535757