0 0.41484375 0.790625 0.096875 0.26953125
0 0.16171875 0.81171875 0.084375 0.0890625
0 0.27421875 0.86640625 0.07109375 0.10546875
0 0.3515625 0.90625 0.06875 0.13359375
0 0.64453125 0.75703125 0.09453125 0.15703125
0 0.775 0.6609375 0.10859375 0.1140625
0 0.62109375 0.94765625 0.06796875 0.10390625
0 0.74765625 0.86875 0.09453125 0.12109375
0 0.71640625 0.684375 0.134375 0.1484375
0 0.76015625 0.48984375 0.11640625 0.128125
0 0.4859375 0.07421875 0.1 0.146875
0 0.2203125 0.24453125 0.115625 0.1109375
0 0.27578125 0.10625 0.08828125 0.12890625
0 0.2640625 0.29375 0.10859375 0.159375
0 0.1703125 0.153125 0.08515625 0.09296875
0 0.0421875 0.39375 0.021875 0.0984375
0 0.1515625 0.29140625 0.08046875 0.07890625
0 0.04765625 0.37109375 0.05234375 0.09140625
0 0.35 0.2015625 0.115625 0.096875
0 0.20078125 0.1546875 0.053125 0.1890625
0 0.3109375 0.121875 0.10078125 0.10703125