0 0.33512949980360823 0.11734154962849648 0.07950673458010193 0.23468309925699296
0 0.8181355017485158 0.7964958170014013 0.08492042154477701 0.09767982878371625
0 0.7051269625209045 0.8486469760165759 0.0787522347764936 0.11145123035529281
0 0.6317303691367627 0.8590986325505512 0.08178633118569749 0.09597177956950453
0 0.338702010921898 0.7281762340793465 0.11498971662612104 0.16468754631872748
0 0.21415600799503182 0.6777118153442622 0.10539654800821019 0.1267508986760925
0 0.34217296544777065 0.9218170721686878 0.1037613251355732 0.11417812406898661
0 0.23303379390299356 0.8331249073625449 0.10536018657189175 0.1205008986760923
0 0.32857199023744266 0.4645139944184288 0.1260817527304745 0.19175946856846854
0 0.24412881254434549 0.4567250732021451 0.12582722267624522 0.14800946856846867
0 0.44108406313352067 0.06993677967420307 0.11185562626704137 0.13987355934840615
0 0.5480744065176625 0.06032203112194514 0.10396131303532492 0.12064406224389028
0 0.8126737585842069 0.26066747891206 0.10365224082661788 0.09542812406898663
0 0.7499277980082102 0.08697957589274138 0.10079995159900648 0.14215757485477487
0 0.7596033007386847 0.27251681555365914 0.1290340359079618 0.16221751778268026
0 0.859661867191855 0.14360410339533133 0.07557269262201594 0.10193068114108117
0 0.9665623487468948 0.38478556741568604 0.03495678298109546 0.10160104135632882
0 0.8635959091499412 0.2825210541811196 0.08809087334017533 0.10563787799792798
0 0.9617294030016209 0.3600038912370035 0.05367042154477701 0.09622433664159917
0 0.6730794725780493 0.17573816894448133 0.11617042154477701 0.09913532092583344
0 0.24992377370951752 0.24389758747016868 0.09743860226293632 0.10138702564056316