0 0.57421875 0.525 0.07265625 0.15703125
0 0.16171875 0.81171875 0.084375 0.0890625
0 0.2734375 0.86640625 0.06953125 0.10546875
0 0.34921875 0.890625 0.071875 0.103125
0 0.66015625 0.7546875 0.125 0.153125
0 0.775 0.68828125 0.10859375 0.1359375
0 0.61875 0.94765625 0.06953125 0.10390625
0 0.74765625 0.86640625 0.09453125 0.1125
0 0.63671875 0.72890625 0.13359375 0.15859375
0 0.759375 0.4890625 0.115625 0.12890625
0 0.4859375 0.071875 0.1 0.14140625
0 0.21640625 0.24765625 0.11484375 0.10703125
0 0.27578125 0.1046875 0.08984375 0.128125
0 0.2671875 0.28125 0.1 0.13359375
0 0.1703125 0.153125 0.08515625 0.09296875
0 0.04296875 0.39140625 0.03359375 0.1
0 0.1515625 0.29921875 0.08046875 0.09609375
0 0.04921875 0.36953125 0.05390625 0.090625
0 0.371875 0.1921875 0.115625 0.159375
0 0.77734375 0.240625 0.11015625 0.11953125