0 0.5623505930571666 0.1520523696751583 0.12300813206674696 0.0888598457733484
0 0.7960195861597615 0.1981716077980825 0.09825379353213641 0.0919452729789593
0 0.8426256705105007 0.3000437908637895 0.09151247060135788 0.08216975478036197
0 0.8947447704650724 0.3882539921280938 0.11108134215265508 0.09899630937615385
0 0.7940199106724197 0.6800130906792194 0.1632989393936935 0.11480058451458142
0 0.7626990688584486 0.810372416712811 0.12415455223856356 0.11073484577334831
0 0.9548921757682255 0.6666083320413461 0.09021564846354906 0.10162066162790725
0 0.9101981886007238 0.7871222887043212 0.11601450361804452 0.1039841980251019
0 0.5330315010160528 0.7068912615633087 0.18451219810012062 0.13328976866002265
0 0.5402065931687081 0.7992289558877828 0.14463082654882306 0.11516152991878954
0 0.12498662765573298 0.6168952082041346 0.1570489393936934 0.11440006631598418
0 0.09865209972742886 0.5155434592838688 0.14825379353213636 0.09514941856773759
0 0.2549275966752111 0.22890145974529413 0.09167624491161738 0.085294754780362
0 0.11226978516439334 0.2999580320782579 0.14430327792830414 0.10891152991878954
0 0.26486251865604993 0.2996144779438914 0.13320200361804463 0.10508562307124433
0 0.1481077086155702 0.1963614651439649 0.10294129353213632 0.09224566162790726
0 0.3650794453865872 0.0724488055186425 0.10081222749876284 0.05162066162790722
0 0.2882037641334942 0.18042318938722848 0.09825379353213633 0.0919452729789593
0 0.3319360747398008 0.0788897702011821 0.09661605042954129 0.06069527297895927
0 0.22409807779201857 0.36863578577888567 0.11280761646291486 0.1022214389258032
0 0.3277032711424408 0.8004050223606505 0.10376016508343389 0.10787066162790718