0 0.507080868418987 0.1279206923325033 0.13614088584218215 0.09917694906292791
0 0.7477331502701524 0.13570341475239622 0.10645338584218215 0.09831313103709696
0 0.8034052861123346 0.23253896232425603 0.0983135036281971 0.08871081050398358
0 0.861574939377712 0.3114966881093612 0.11286707694917482 0.10318248746358769
0 0.7958978979927178 0.6209876968848498 0.17144346878180663 0.1267396594086268
0 0.7787699400955023 0.7562886993921323 0.13372521397248338 0.11939852084968265
0 0.9521168492241024 0.5820568921868541 0.09576630155179515 0.10938702335696497
0 0.9315477105139223 0.7061021459477776 0.10678076805616712 0.10768813103709682
0 0.5415129875557643 0.6892901013454188 0.1908482332097769 0.14603522868809904
0 0.5595759959932848 0.7819095103583342 0.1525843413771451 0.12306909012915472
0 0.13331854163944828 0.666486469516899 0.16497521397248333 0.12030780298213628
0 0.09628727839260438 0.5670714912245114 0.15688989546082904 0.1122679824490227
0 0.1990327554422956 0.1345665312745238 0.12723711179556507 0.06769962852981451
0 0.09637901451278827 0.3462050617576248 0.14756945916315992 0.11355769780928666
0 0.2459052993591786 0.3146548480467135 0.18728672359113013 0.1334443004748537
0 0.11052830534962839 0.2373528989837856 0.10963294954451305 0.09996655925034234
0 0.3026636977304145 0.06265809052486612 0.05934028366526398 0.045432171945039214
0 0.24730905353552987 0.19840772241989288 0.08446925843752044 0.09455163354437941
0 0.20135918039203737 0.4023306927947218 0.11464783175849824 0.10947795157021041
0 0.3484673704027216 0.8155701418576496 0.10699902286549072 0.11393813103709682