0 0.13984375 0.35859375 0.096875 0.134375
0 0.22734375 0.134375 0.096875 0.1046875
0 0.33359375 0.11875 0.0890625 0.096875
0 0.4265625 0.0953125 0.1015625 0.1109375
0 0.690625 0.278125 0.125 0.16875
0 0.809375 0.34765625 0.1171875 0.1296875
0 0.709375 0.10859375 0.10625 0.109375
0 0.81484375 0.18046875 0.1015625 0.09375
0 0.66953125 0.5453125 0.1421875 0.1875
0 0.76015625 0.56484375 0.1203125 0.15
0 0.51171875 0.92109375 0.1171875 0.1578125
0 0.409375 0.91875 0.109375 0.1546875
0 0.0875 0.728125 0.0734375 0.1359375
0 0.20625 0.83203125 0.1109375 0.1453125
0 0.22734375 0.678125 0.1203125 0.1390625
0 0.109375 0.77578125 0.096875 0.1078125
0 0.0171875 0.521875 0.034375 0.059375
0 0.11953125 0.6296875 0.0984375 0.1109375
0 0.2921875 0.7546875 0.10625 0.109375
0 0.72265625 0.77421875 0.1109375 0.1015625