0 0.49012867641655083 0.8518649435057787 0.13762830678880889 0.2914158612399266
0 0.8188894806712771 0.8249514229195192 0.0880181504675381 0.08957156010845857
0 0.7074207155459665 0.8685701335937118 0.08489315046753827 0.08955337939029917
0 0.6317258239572229 0.8838547660090732 0.0833397408266178 0.09110678903121965
0 0.34182701092189804 0.7417864824388025 0.10873971662612103 0.1600022347764936
0 0.2149372579950318 0.6862728015242516 0.10539654800821019 0.12248405405833437
0 0.3406104654477706 0.9355501179774219 0.10688632513557321 0.1099931444174139
0 0.2339014023142499 0.857262012394836 0.09269656010845859 0.0880363311856975
0 0.32857199023744266 0.47779216013189973 0.1260817527304745 0.1866647287263694
0 0.2425663125443455 0.46657337988127867 0.12270222267624523 0.1428965480082102
0 0.4403073583130605 0.07778813583320701 0.11184653590796181 0.15557627166641402
0 0.5441681565176625 0.07045235880403983 0.11021131303532491 0.14090471760807965
0 0.8085720658639952 0.2601485795353774 0.11162836729005114 0.11939541549465282
0 0.7506999576491307 0.11594912764178349 0.10234427088084708 0.13496587334017515
0 0.7525811410977643 0.3050070824622437 0.11812380698520056 0.16161927693097136
0 0.858880617191855 0.17860314286528986 0.07869769262201594 0.09889201795398087
0 0.9665805294650542 0.42720374844787584 0.03809087334017534 0.10178066861791084
0 0.8636049995090207 0.3192054169675908 0.0880363311856975 0.09269656010845857
0 0.9617294030016209 0.3991060195251147 0.05367042154477701 0.09405907220870705
0 0.6723254936552883 0.2078144407753042 0.12243860226293642 0.09758404800821019
0 0.2483158219141194 0.2462199732654204 0.10536927693097135 0.11779655405833438