0 0.44919911949162844 0.845161634825186 0.12915395407749292 0.10013528397749986
0 0.2097645464512326 0.8520827439677319 0.1058983105039835 0.10433476842611107
0 0.16568558900852745 0.7600900250705096 0.09781302586424748 0.0942762632423145
0 0.11409800844628422 0.6851187108387039 0.11522784639736088 0.10359247464666659
0 0.21763115155757512 0.367473298114769 0.1706427721033238 0.1333770109332404
0 0.251251296780437 0.22971972841634308 0.12661998746358769 0.12017438190398125
0 0.05083977131190095 0.4172565590480094 0.1016795426238019 0.11044806738935158
0 0.08649246331519986 0.29478623675768534 0.08866534639736087 0.10126855702175908
0 0.48507471582248235 0.28173412186569535 0.18029055674305988 0.14357221715379592
0 0.47606108016653187 0.18979062964138982 0.14684155925034226 0.1188264953818516
0 0.8872222375300947 0.2800590043818073 0.15617109514371955 0.11808420160240711
0 0.9117472129194883 0.3745417362385203 0.1530460951437199 0.11781079952888858
0 0.894539329375109 0.4570903960877333 0.10662573620994635 0.12933476842611089
0 0.8870952392459543 0.6058012981612517 0.13971102084968265 0.14158049019805538
0 0.7494588469260863 0.6225184893960662 0.1532734156768331 0.12562329952888868
0 0.8533219813283957 0.6952540688964369 0.10673338479802075 0.0794714694628702
0 0.769242498021443 0.6924796748814368 0.1238299565847754 0.0778501808672221
0 0.7135858799164698 0.757352110649631 0.09794941818411544 0.09896376324231468
0 0.8408901774883295 0.6940039271905108 0.09978470282385174 0.10847546427907381
0 0.7246948084589195 0.1345297653150477 0.15014841567683312 0.1253498974553701