0 0.36693313626558643 0.8633382357027252 0.10436647642635144 0.0978246877564409
0 0.15695236062502324 0.7580910257031626 0.10934507485477489 0.10426568874502422
0 0.1291291135205074 0.6462303542583439 0.12802230024766903 0.10346719269935693
0 0.12523567204034403 0.5626366042583438 0.09804370181924557 0.0960075197716634
0 0.30225397456432457 0.3117465607978652 0.17784251778268026 0.13512836958138302
0 0.37257712903138535 0.19764691011329322 0.14005141935425688 0.12735036167271768
0 0.1329752816364192 0.2767773587069681 0.11766699710451589 0.1155215237259962
0 0.20477104487098555 0.17755329152049332 0.09989730024766903 0.10232118676785787
0 0.5694072413135476 0.3553824501509118 0.20073636228216235 0.15789470752810458
0 0.5895142260120666 0.26808803859192487 0.16072779238978613 0.13599053262324468
0 0.9299380188161376 0.5491867772603994 0.1401239623677249 0.1362452006080222
0 0.930195961020172 0.6520252757775247 0.13960807795965594 0.11886669961943923
0 0.6997092489620335 0.8761180558921303 0.1060017510334573 0.09945085475263546
0 0.8575195949092576 0.8490183395039583 0.15716614474715093 0.12648819863085592
0 0.7113873035529288 0.8087541423559772 0.1476455955329392 0.12298119665368965
0 0.7960791348178444 0.9361880756637939 0.11566784946188076 0.10608285672980174
0 0.5416506540482667 0.9875158819386727 0.07235018899896399 0.02496823612265473
0 0.6530183395325742 0.9116443790101043 0.09513702564056317 0.10056768577927463
0 0.7693046573580357 0.7463934052075584 0.12250004631872766 0.11883752471457942
0 0.7987651015287953 0.32418016558768176 0.12264559553293922 0.12196252471457943