0 0.6598277413537159 0.8849203234865272 0.15425631458888917 0.23015935302694573
0 0.27458122558614656 0.9045523018180146 0.10719686379145843 0.11452117982650449
0 0.3978011732494452 0.9366312214654865 0.09647756933854179 0.12319527297895902
0 0.47681652602298685 0.9411668738418241 0.09971167211208343 0.11766625231635182
0 0.7367142836224312 0.750847222388337 0.16511977298576408 0.19000084361388012
0 0.8291180295383687 0.665498810142121 0.14600609707395834 0.17317428901808823
0 0.7537784163155911 0.943072186148026 0.09647756933854161 0.11385562770394805
0 0.8527588173417715 0.8433129295127374 0.12496624525034719 0.14062260487264702
0 0.7073534387326742 0.7294635757198246 0.1746402433504862 0.19685162091177605
0 0.7574936834143406 0.4705682395072001 0.14887652393569475 0.1624370481173869
0 0.377872386492882 0.11392490669066173 0.1381935970739585 0.1726736412698416
0 0.16784799553468777 0.34073202883905546 0.14215374525034732 0.14172402991878955
0 0.18535953780340292 0.18817752775932123 0.12373105357097236 0.1545849753229977
0 0.22638784735829892 0.3756868221760803 0.15113000816812514 0.19222467766703621
0 0.0972250645888891 0.2558575786544853 0.10886846656500009 0.11930880937615385
0 0.04159788611163237 0.5136212114433372 0.061847996200277866 0.11005492288667433
0 0.12095611815986144 0.4040342627999265 0.10577983415618064 0.12067105027685514
0 0.042378482901250396 0.4801275909929864 0.06475479065319453 0.10088018198597286
0 0.2992233224726738 0.25398060533407235 0.16050500816812524 0.19282545496493209
0 0.6945890674386808 0.21456976094499997 0.13023562670923622 0.16592299352159498