0 0.13943765644284753 0.45004818423848614 0.11150803029369402 0.1395404742462448
0 0.14414477676920906 0.22170004363160264 0.10277164772027052 0.10621779121570665
0 0.2444631628671175 0.1451219549912715 0.09301813942190071 0.12094997091226492
0 0.3110460890069823 0.09016364589771741 0.09514932448483523 0.1490749709122649
0 0.6305083292587199 0.1772820401284449 0.12829371120744354 0.1766258860649556
0 0.7777636827878494 0.2533029219413367 0.1286004419114116 0.1191960233378592
0 0.5692361746899722 0.02622856271739806 0.0884723493799445 0.05245712543479612
0 0.7097320427412487 0.058690505290833916 0.11572193361304191 0.11738101058166783
0 0.7160206993845888 0.22689966073144907 0.1698892153566284 0.17225712152108807
0 0.7943619547831735 0.3997315117896158 0.14098204274124876 0.11865388939893559
0 0.6065742603961841 0.878063032252537 0.12902741701630233 0.1658159318225902
0 0.3078622280278977 0.7743152474149262 0.11127123195336797 0.1364154742462448
0 0.392582615375206 0.8860980281696513 0.11065592531467221 0.14878792848861053
0 0.3568791458693927 0.7365124874129865 0.12114313942190078 0.1232457945496865
0 0.28185768031227154 0.8668374583252515 0.10312684523075957 0.11090529121570683
0 0.11016824399993727 0.6654657612098877 0.05805114357108563 0.1103314642443051
0 0.23922970458268092 0.7296083963567593 0.10026195435896632 0.09359024545807201
0 0.12215968113746416 0.6888554637852632 0.05878484937994446 0.09952151000193972
0 0.4448653205593649 0.7772812665007216 0.13111013527271584 0.13182356909549392
0 0.42427032325865727 0.8685758172593261 0.0961431394219007 0.12120506242753422