0 0.4525046534151572 0.9104627029613607 0.12808981818121906 0.09413285956551007
0 0.21375579911308615 0.8799652182265086 0.10317163879807004 0.09751016508343398
0 0.17013425852800723 0.7807154907277459 0.09522277110331831 0.08928822930778502
0 0.11765986932290007 0.6958591338757694 0.11572618587597075 0.10129026232447184
0 0.2237867329571667 0.39489085538163843 0.16764324188232518 0.12430503844375362
0 0.2589447573068959 0.2622354856393632 0.12375687418757346 0.11419969810012062
0 0.056040125408684735 0.41816017978275494 0.10174550649282177 0.10524077792830404
0 0.09405041436891057 0.3012935843507393 0.08598413879807007 0.09660940637700666
0 0.49198335389832926 0.35108105890882596 0.17720915665497755 0.13573386137453225
0 0.4826686294658745 0.2575390988229177 0.1455773271096728 0.11222111827193722
0 0.8936179918856204 0.4127920013547371 0.15333528003177221 0.109505554047586
0 0.9176946457012243 0.511799389414378 0.15021028003177223 0.10934177973732648
0 0.8998701716758065 0.5921895742855157 0.10363528896022593 0.12407266508343398
0 0.8910564590144745 0.7387370256649965 0.1382012037328785 0.13681168249628825
0 0.7519394119365739 0.7345740688584487 0.1488114212654743 0.11863489258219673
0 0.8613223202164045 0.829450556872661 0.09804776217486477 0.07226450361804462
0 0.7693802820669576 0.8105567147200056 0.12151253571381489 0.07505531094499096
0 0.7277870714342205 0.8638963986866323 0.07808981818121907 0.09151247060135788
0 0.6586086030908456 0.9702222656596031 0.10577844155801372 0.059555468680793665
0 0.8543689366933404 0.7798223710970122 0.09700345941492117 0.10187011646291495
0 0.735530576705931 0.24107637437637264 0.15506142126547395 0.11896244120271567