0 0.48203125 0.121875 0.08046875 0.21640625
0 0.159375 0.80390625 0.08828125 0.084375
0 0.271875 0.85703125 0.071875 0.1140625
0 0.34609375 0.878125 0.07421875 0.0859375
0 0.646875 0.75390625 0.10078125 0.153125
0 0.775 0.7078125 0.096875 0.115625
0 0.62890625 0.92109375 0.090625 0.09609375
0 0.74609375 0.87421875 0.08515625 0.078125
0 0.675 0.48828125 0.11328125 0.1765625
0 0.76484375 0.4859375 0.10390625 0.134375
0 0.58984375 0.08671875 0.09765625 0.1484375
0 0.49375 0.071875 0.08125 0.14375
0 0.2109375 0.25078125 0.11015625 0.0984375
0 0.22109375 0.128125 0.07890625 0.165625
0 0.2640625 0.290625 0.10390625 0.15546875
0 0.16640625 0.15703125 0.07578125 0.09296875
0 0.0421875 0.39140625 0.03125 0.0984375
0 0.1515625 0.296875 0.08046875 0.071875
0 0.053125 0.3484375 0.04609375 0.08359375
0 0.378125 0.178125 0.12734375 0.16953125
0 0.7703125 0.2765625 0.09609375 0.090625