0 0.46796875 0.834375 0.11640625 0.2484375
0 0.1625 0.80390625 0.08359375 0.0859375
0 0.2765625 0.865625 0.06953125 0.0984375
0 0.34453125 0.87578125 0.07890625 0.08046875
0 0.646875 0.75390625 0.10234375 0.153125
0 0.775 0.7078125 0.096875 0.11640625
0 0.62890625 0.91875 0.090625 0.096875
0 0.7453125 0.875 0.0875 0.07890625
0 0.67890625 0.51875 0.12109375 0.1234375
0 0.76328125 0.4859375 0.10703125 0.134375
0 0.58984375 0.0859375 0.09765625 0.15
0 0.490625 0.06953125 0.08984375 0.1390625
0 0.21953125 0.23671875 0.11640625 0.1125
0 0.10390625 0.2234375 0.05390625 0.11796875
0 0.26484375 0.290625 0.10390625 0.1515625
0 0.16640625 0.15859375 0.07421875 0.09296875
0 0.04140625 0.38828125 0.04375 0.103125
0 0.1515625 0.29765625 0.08046875 0.0734375
0 0.05234375 0.34296875 0.06171875 0.0875
0 0.378125 0.190625 0.115625 0.153125
0 0.7703125 0.27265625 0.09609375 0.09609375