0 0.47187226218145517 0.8583719589091364 0.16920574188232518 0.12829371120744354
0 0.8241126465152984 0.7481975952075376 0.08592959172016919 0.09545605518880329
0 0.7083279594215117 0.8108061842145199 0.07055005357072233 0.10833456348717299
0 0.6377154504930579 0.833321646871856 0.07819891233702041 0.09955155933798814
0 0.3205024513038368 0.7247217771701944 0.13699325973923263 0.1601823286340199
0 0.21109622362497116 0.6901001686666876 0.10201824188232518 0.1232025468904336
0 0.3647085986266188 0.9187668524802222 0.07211255357072241 0.10845296265733602
0 0.23872852557413582 0.8502913848485086 0.09226141233702041 0.10061715186945541
0 0.3606189366933402 0.7060775983310373 0.1341955422066367 0.17869553029369384
0 0.23211565584749394 0.46926652779489436 0.11797052434972921 0.14313653859206385
0 0.5144113275167099 0.05146954885316868 0.10083757142762995 0.10293909770633736
0 0.7869879366900449 0.19315582031242834 0.07402960957707698 0.12888386182749914
0 0.7215965361208521 0.0590730050746238 0.09286143019392785 0.1181460101492476
0 0.7242152013005415 0.2135167871189493 0.09286143019392785 0.1349921518694554
0 0.8270146931828666 0.09025504064343429 0.08757391233702032 0.10026195435896632
0 0.9502128652624151 0.31810550827514783 0.029843232953871278 0.10056868506293437
0 0.8433782585247119 0.225553000601478 0.0825591298696164 0.08115675684847726
0 0.9450713977298191 0.29976990537071846 0.04845686525911965 0.09417697510489073
0 0.6511283031669807 0.15429699770169297 0.10180005357072233 0.11070254689043355
0 0.22732656453106634 0.25194897323079096 0.09220686525911974 0.09749215186945541