0 0.5259429067870399 0.925790476153798 0.13397610534690846 0.11006392946385687
0 0.28545426678863073 0.9192757539486923 0.11213746801399935 0.11153134108157445
0 0.22814974944299493 0.8243883838228234 0.10265338001272666 0.10144594606059662
0 0.16556738609958632 0.7454928666013838 0.1183692866804539 0.11044243776222692
0 0.22282316605663377 0.4337041842377419 0.17654541335136278 0.1460732070582587
0 0.2376203680378619 0.2966661255244536 0.13264996268299925 0.13025803029369404
0 0.060923150063633434 0.4729531705407874 0.11064769334818114 0.11766294191141177
0 0.08138000604708874 0.35273575892306963 0.09491360534690847 0.10710395020978147
0 0.48037148937777063 0.3634554968997223 0.18604768268618094 0.15772110207923679
0 0.45742379069858946 0.26961040851743995 0.14980110001590835 0.12843542116548728
0 0.8841595607097255 0.38390543238686403 0.16073860001590817 0.1292642153566284
0 0.9223624453572489 0.4805562120558581 0.1552751092855022 0.12902741701630233
0 0.9166918920671332 0.5635579662050431 0.1139726880171807 0.13508724025173785
0 0.9291084340388164 0.7122206091514286 0.1417831319223673 0.15163612282516112
0 0.7936282040897231 0.7204922825920012 0.15457950668363568 0.13660311867597627
0 0.9092901140992682 0.7995071215989833 0.11030224801081764 0.08797544191141178
0 0.8280037514321773 0.7902253647505061 0.13057838534372693 0.08638963112353082
0 0.7764327081078587 0.8526652425500447 0.10581474267981754 0.10480774440092269
0 0.8877423781030862 0.8259745332167009 0.10436133068109008 0.11406434523075966
0 0.6934607406906352 0.2289541327971381 0.14520450668363552 0.1358927236549982