0 0.3893438235379033 0.8564406685256873 0.18588705634924096 0.275338255995856
0 0.07036301327151076 0.7320013248547749 0.10589185574121862 0.11098034946188076
0 0.16191650190280424 0.7902740512811264 0.10844385277546911 0.0970633986760923
0 0.23162682403219495 0.8467466832079957 0.09632585475263547 0.10585620181924549
0 0.5548852519028042 0.8085768649682494 0.138253369581383 0.17798806699689215
0 0.6899924223590398 0.7968667311793532 0.12578786167271758 0.1399786447471511
0 0.4901012158195185 0.9632963283694316 0.12107118676785796 0.07340734326113676
0 0.6162790552491146 0.9503372368678775 0.10882585475263547 0.09932552626424496
0 0.6509776377958097 0.5633607183590715 0.15808570851668763 0.20542386228216217
0 0.7348433018262546 0.5797905471427879 0.14699169961943923 0.16279971463952717
0 0.6749761422816151 0.14728195409104797 0.13818970258518865 0.17642556699689202
0 0.5757865671864748 0.10352549193272016 0.12655186562705048 0.15872864474715104
0 0.25380945501946556 0.22550738399378406 0.11488485376405225 0.10204199710451585
0 0.36826056866934953 0.08681521918764114 0.1228538626613009 0.14452059553293933
0 0.30637869809938334 0.2608306079389361 0.14781937056996633 0.18311221463952715
0 0.2454623972245309 0.10379504983338425 0.0918293557412186 0.11032537799792799
0 0.06443393722496842 0.30122220574818703 0.057327021748829844 0.10559933664159918
0 0.1963007025480076 0.23456986083442022 0.1061465237259962 0.11723034946188074
0 0.0771076921678843 0.2783305153014809 0.06963602076024666 0.10149403349844607
0 0.414090380418617 0.19148775661502856 0.13577035672980178 0.11705056699689202
0 0.7978075113315255 0.3792126583914929 0.11395902372599628 0.11759422249740999