0 0.2959329654103696 0.41367515490666856 0.29552569641861093 0.16013407507848498
0 0.8260836888792575 0.9267239473071512 0.11173716531583304 0.10384205223856355
0 0.8899227220082857 0.8297504500206845 0.12185445909527744 0.09504026232447194
0 0.9214762269092578 0.7637469917437987 0.1270887632423147 0.10153592378986112
0 0.8122708648919901 0.43995760967705155 0.1828110829407404 0.13400758706427265
0 0.7430048721020366 0.2971249785148156 0.15992038708777745 0.1390292797373264
0 0.9705249878889811 0.5085039710515838 0.05895002422203781 0.09093261646291495
0 0.9318637376061571 0.36776610639769125 0.13627252478768562 0.11929663387576941
0 0.7477210578702309 0.3510312285148156 0.18493951093324057 0.17611319990914298
0 0.5564132612160643 0.27101510063194 0.15876799019805538 0.1436348925821967
0 0.11660634184773064 0.4439381077564876 0.16704938190398125 0.1316262155129752
0 0.26377103364819304 0.7393878058566082 0.13763528397749977 0.1331953595655097
0 0.1297289328469895 0.6561515027135335 0.15189327360990718 0.11838923111680746
0 0.3172186623946283 0.7103044934412793 0.18845549019805521 0.1451907485296619
0 0.1676280569752763 0.769344221505869 0.11669806738935166 0.107212713703953
0 0.399579268945276 0.9494765360689044 0.108925232139537 0.05392393939369313
0 0.3105181860045355 0.820382178312417 0.11146376324231459 0.10071705223856356
0 0.37610281272472046 0.938914172319523 0.10445234561740727 0.07390889077317411
0 0.23971979604203586 0.6067014586155702 0.12472518086722195 0.12785276232447185
0 0.20234976927458267 0.33955822421940246 0.2807796912348145 0.15158459068231728
0 0.13775675485448957 0.6145781563770065 0.14374858294074047 0.13196040818602892