0 0.3635837521260319 0.1528179054675521 0.13405574879205204 0.11967835149293879
0 0.1566000416747486 0.2245679472858944 0.10947033697334119 0.10397694183801283
0 0.13048356501260783 0.3423674524816745 0.12276756242753399 0.09558528763096845
0 0.1243608528943346 0.41961836733238067 0.11964256242753395 0.09536676634364487
0 0.3246150418439265 0.7031678307098185 0.1785710233378593 0.13211264951546725
0 0.4139322465453339 0.8267088735365669 0.19846893515657005 0.1474862772394082
0 0.13287395199564736 0.695197521539425 0.11938747091226491 0.09224176634364482
0 0.2303384965453339 0.8138707479063131 0.1082904742462448 0.10855518119435104
0 0.3760816891187697 0.7626956500196705 0.21355180121764636 0.1609696230323639
0 0.596633305179846 0.7905467704541442 0.14939370636839744 0.1362866972858944
0 0.9322140006885629 0.4836672478294385 0.1355719986228742 0.13334736758448215
0 0.6413423481832289 0.08213297293581875 0.11992960485118864 0.07985102698730664
0 0.7144443636451803 0.2829959864294721 0.1758286606107628 0.13658162822814396
0 0.8012272733378593 0.1756530160146688 0.11428538273097573 0.10586722376899797
0 0.5382970965162389 0.06638265077597512 0.11214905575957416 0.0606639844126597
0 0.6297827080353873 0.17842346489004707 0.1713006572767828 0.11917560694082044
0 0.5829558922738733 0.07105907912033456 0.10290160151720862 0.061570920550689315
0 0.7758439913751862 0.3595309892794637 0.13510806576151388 0.1135376121366006
0 0.8247121839486221 0.30158173148579354 0.12589256242753386 0.0958038089182919