0 0.4793006088003402 0.08970731848552044 0.1288740228654907 0.11384690729444455
0 0.2494047776748142 0.11147778818465257 0.10494544954451301 0.09923889342673622
0 0.1811309820286507 0.2162756973789582 0.11868056733052787 0.09019120174736121
0 0.14686759863353918 0.28744283577170127 0.11868056733052797 0.09019120174736121
0 0.24452637095087576 0.5987056844611803 0.17295140507947596 0.12424019984750015
0 0.28836319490482565 0.7345152446816664 0.18906747840045357 0.1386663757593059
0 0.0668081095181304 0.547328288468993 0.09825893992586623 0.08659342306201409
0 0.11215286976974943 0.6815389810982986 0.10354664065150562 0.10389002583555555
0 0.3089013841977197 0.6957248484051386 0.147063516875041 0.18764808320625015
0 0.4841940500769688 0.7448130457840968 0.15000497840045365 0.13775718597979178
0 0.9280977512659444 0.5301601725902423 0.14380449746811125 0.12562086189159735
0 0.8356795835725966 0.12988937528753403 0.11975199400955035 0.07616506933854178
0 0.7787177993591786 0.28993782893475634 0.1716071598887993 0.13045383225631965
0 0.9025248323914703 0.2080858040491312 0.10968751324684405 0.10091049620027785
0 0.6811433617955651 0.04826078163204804 0.10955853847458741 0.052509363791458416
0 0.7656597494518458 0.18468728448183963 0.08403274881887376 0.08157861474138892
0 0.7246304669677082 0.06210442287458273 0.10023810217691817 0.05385365824437507
0 0.8098165211362103 0.3744394622935062 0.12536707694917482 0.10283667211208343
0 0.883397864875608 0.3320688179168395 0.1234771947351895 0.09342530452090295