0 0.7412435549520972 0.1587430335319091 0.12355476594251655 0.21355596656500006
0 0.7656803109449909 0.10263785068624935 0.10713082654882307 0.10861389342673622
0 0.6423313421526553 0.07734952279833279 0.10005531094499087 0.1224945554708334
0 0.5584543091359686 0.06600163402434006 0.10753361827193722 0.13200326804868012
0 0.3163431315009202 0.2750123049021525 0.1356519742194024 0.17638327488562508
0 0.2192744589542545 0.40789949971565953 0.13434842378986114 0.12173214247680572
0 0.28604039857509045 0.08486008358749977 0.0966846494796016 0.11773432028847228
0 0.18790719301173797 0.1974347784010068 0.1224216338757694 0.13237870174736122
0 0.2675172071452322 0.3582800530022915 0.1719989099950512 0.18503222948277792
0 0.27824442446722963 0.5629675530022915 0.150130554047586 0.15487195079743082
0 0.6571561550182101 0.8975353894395827 0.1399300384437538 0.16867987765916653
0 0.866458154679526 0.6673893752875341 0.14462418249628825 0.139137848023889
0 0.8498958536841578 0.8140468229508325 0.1248030054270668 0.14804006933854189
0 0.8086113551544958 0.638229858570034 0.1414925384437537 0.16871624525034717
0 0.9392615688584487 0.7431329512755895 0.1089389880142125 0.1133377610179167
0 0.985949084972337 0.47663447587687424 0.028101830055326005 0.10414329255305574
0 0.9168432570089466 0.5989471933918049 0.10170634215265544 0.0944422906531944
0 0.9788121540021575 0.5009441448548255 0.04237569199568512 0.10156380642076393
0 0.7527918023501052 0.7373044446260758 0.1394453595655099 0.12965374525034717
0 0.9804498971047526 0.5767253948548255 0.03910020579049487 0.12812630642076392
0 0.8022396036841577 0.8151560344818396 0.12603795680654778 0.14182643692972227