0 0.8703616491645162 0.42629750347788187 0.09138368676785795 0.10040879465362348
0 0.8702501971108003 0.19949978504791305 0.0977610207602467 0.10389781570031094
0 0.7778836249814095 0.1518806033790599 0.08825868676785795 0.10022678413027983
0 0.7046663008748524 0.11249885593930867 0.08956651878308027 0.09406778939195169
0 0.38920578555181323 0.20335615827367848 0.1239362015966055 0.17245039462538872
0 0.25071894711080017 0.23558337130080123 0.11928319368794009 0.13476838410204497
0 0.43576640365032154 0.04618272518352664 0.1090168557412186 0.09236545036705328
0 0.3103379807226281 0.07311419240395833 0.09588018577927464 0.09599431043863911
0 0.30526323117973864 0.4654459055722554 0.14514003954332697 0.19550846302712266
0 0.21514756714929378 0.4582242107492226 0.12636086463846716 0.1554449051487324
0 0.3104574781768081 0.8735468319088495 0.12530770060802238 0.16785389988706037
0 0.40687222175101745 0.8983277530543589 0.10773819863085592 0.15747784200867015
0 0.7258835014085128 0.7394561980891532 0.09144735376405215 0.10197129465362362
0 0.628220639735795 0.8792005085277923 0.11692219764227296 0.1533363735787013
0 0.6592371708761651 0.7300881743410427 0.11491402866891214 0.14230786831702957
0 0.7378648951730025 0.8470943928415988 0.09645318874502422 0.11005681043863902
0 0.9191161896592452 0.6261008114268595 0.04342634783255335 0.07111613680346807
0 0.7817170073400117 0.7081460139306385 0.09568918479069169 0.09130681043863902
0 0.5744019144503744 0.7654257058404866 0.10914418973360754 0.115472352532014
0 0.1698974396592453 0.6697378343985111 0.11545785672980177 0.11739887357870131