0 0.7346775233288269 0.46879672863580196 0.2969345421027844 0.1563692403647444
0 0.8229264799600982 0.8571486704738147 0.10176588584218216 0.10219592055068923
0 0.866780662081416 0.745091066887189 0.11404763103285873 0.0968200056999832
0 0.8859969427514549 0.6657695536456372 0.1170635036281972 0.09391352698730664
0 0.7120163280454831 0.3552205476935525 0.1500049784004535 0.1445362398605413
0 0.6318873731434925 0.2501563532576496 0.13556053248413774 0.13261539406758577
0 0.918338249915182 0.39001008297873235 0.11377481252120454 0.0890075056999832
0 0.8262822138876652 0.2676655533935356 0.12714783175849825 0.11488159084927707
0 0.6281398358500314 0.3798984835794805 0.1741518065307547 0.1664876495154674
0 0.4493005624363865 0.27576336859288836 0.145153787293461 0.1395209579295562
0 0.06769589837123594 0.571760021539425 0.13539179674247187 0.12789504307885
0 0.2704363970204735 0.8451421632612222 0.11292164065150559 0.10921074505632156
0 0.10822906289972264 0.7805447956767401 0.1412103317584982 0.11586493664223277
0 0.2984547588160386 0.7828824638816408 0.17634922359113023 0.14014367080279086
0 0.16572904965287874 0.8832434607795477 0.10650794954451306 0.10408620248167466
0 0.4146898501083657 0.9877315419059558 0.10287202885594056 0.024536916188088398
0 0.3141392678017133 0.8944044719274127 0.10946925843752045 0.09961722376899793
0 0.39521316381069654 0.9797087333658162 0.09911211179556512 0.040582533268367624
0 0.18214276725355913 0.6823365246415182 0.17215279691210789 0.1538783888718056
0 0.22043895245491996 0.2809050646182751 0.09713294954451308 0.10343063861970414
0 0.2711680286014865 0.9565800948721629 0.0780010036281971 0.08683981025567426