0 0.15169392631337245 0.7508879213215447 0.11108337452429895 0.19891370435383635
0 0.09083733935523415 0.7659747187818068 0.09938718775644104 0.10332838584218215
0 0.19191040802458376 0.8391344549868087 0.09064885771838496 0.11862600362819711
0 0.2594043141463632 0.8915625397405318 0.09648236364988402 0.1469146947351895
0 0.5754524198875818 0.7961979983555375 0.12087486859279988 0.17117065027015244
0 0.7227041046782734 0.7152803589699762 0.12639535672980173 0.11519346878180681
0 0.5182262158195184 0.9613467608845913 0.08669618676785795 0.07730647823081753
0 0.6573324781768081 0.9179762838348999 0.11284219269935694 0.127202395460829
0 0.6574637652486771 0.7419494971744112 0.15875687056996632 0.181855179126093
0 0.7379510557805873 0.5522992093327959 0.1386698636498842 0.1483879146981227
0 0.5421291501902804 0.09716773211346869 0.12511669961943922 0.16039684137714502
0 0.25015787300424314 0.21606154273575662 0.13490819368794008 0.13265378729346103
0 0.33034673319408603 0.0913368504476377 0.11347886266130089 0.14282739546082907
0 0.28386702813743947 0.2720040078893663 0.13831703657757738 0.17802085099579193
0 0.2173546432701982 0.11868554573098153 0.10114068874502422 0.10807044954451306
0 0.047408263308691814 0.3341592343909034 0.04007585475263544 0.10281746515360961
0 0.17415644711080017 0.257219766875041 0.0942540187830803 0.09222719473518967
0 0.057706434753510484 0.31183036660488855 0.06957235376405227 0.09916667549789597
0 0.38379804395477024 0.2003869574338794 0.12964769072219048 0.1184275961864685
0 0.09773586855561885 0.23186261360966362 0.08385502965749522 0.14335318511654283
0 0.37346006323214215 0.10848963411290169 0.11797536167271758 0.13830358656782163