0 0.48984375 0.81640625 0.103125 0.228125
0 0.16171875 0.81171875 0.08359375 0.090625
0 0.26875 0.865625 0.08515625 0.1015625
0 0.346875 0.878125 0.07578125 0.0859375
0 0.64453125 0.7546875 0.09609375 0.15390625
0 0.775 0.70703125 0.096875 0.11640625
0 0.62890625 0.92109375 0.090625 0.10546875
0 0.7453125 0.8765625 0.0875 0.08203125
0 0.67578125 0.4921875 0.11328125 0.178125
0 0.76171875 0.4859375 0.11015625 0.134375
0 0.5890625 0.08515625 0.09921875 0.15
0 0.4859375 0.06953125 0.1 0.1390625
0 0.2140625 0.240625 0.11171875 0.1125
0 0.27734375 0.1046875 0.09140625 0.1265625
0 0.25859375 0.2921875 0.1125 0.15390625
0 0.16484375 0.159375 0.071875 0.09296875
0 0.04140625 0.4 0.028125 0.1
0 0.15390625 0.28359375 0.075 0.08359375
0 0.04921875 0.371875 0.04375 0.0890625
0 0.34921875 0.2015625 0.11796875 0.0890625
0 0.7703125 0.271875 0.09609375 0.0984375