0 0.55546875 0.734375 0.10390625 0.2484375
0 0.16171875 0.81171875 0.084375 0.0890625
0 0.27265625 0.865625 0.07265625 0.10390625
0 0.34921875 0.89140625 0.07265625 0.10546875
0 0.66796875 0.74453125 0.121875 0.13203125
0 0.775 0.6734375 0.10859375 0.12109375
0 0.62109375 0.94765625 0.06796875 0.10390625
0 0.74765625 0.86640625 0.09453125 0.1125
0 0.64765625 0.665625 0.13984375 0.15546875
0 0.759375 0.4890625 0.115625 0.12890625
0 0.4859375 0.071875 0.1 0.14296875
0 0.203125 0.26015625 0.09140625 0.0984375
0 0.27578125 0.1046875 0.08984375 0.128125
0 0.26328125 0.29453125 0.10859375 0.159375
0 0.1703125 0.153125 0.08515625 0.09296875
0 0.04296875 0.39140625 0.025 0.1
0 0.1515625 0.30078125 0.08046875 0.096875
0 0.04765625 0.37265625 0.05390625 0.09140625
0 0.36875 0.1875 0.125 0.15390625
0 0.76796875 0.265625 0.090625 0.084375
0 0.09765625 0.24609375 0.075 0.065625