0 0.8815116838506711 0.4514519412783831 0.0891636858759707 0.09785848997087018
0 0.8760913469984704 0.22516222591811919 0.09546823295387127 0.10116534639736088
0 0.7818152414785834 0.16856053642210272 0.08466710064862326 0.10865959765100212
0 0.7068658344165687 0.12310929559330278 0.09722164772652384 0.11214831050398355
0 0.3944828368522007 0.2149691528112163 0.12007849512873606 0.1690348079967011
0 0.25656009699847043 0.24318874419401224 0.11629893019392785 0.13144387978345576
0 0.4372039452114616 0.05180705783209888 0.10654210064862309 0.10361411566419776
0 0.3124669979714051 0.08226796456884108 0.09376936525911975 0.0933073822907382
0 0.3165452029253946 0.47491846582248237 0.14077282467404081 0.19150084138279588
0 0.22613839123699733 0.4650553840065978 0.12290348620028232 0.1519382362099464
0 0.33127453572040555 0.8836569683297647 0.121559174511885 0.16439277210332365
0 0.4283989517108739 0.9112842116658474 0.10420803327818291 0.15451766693047447
0 0.7449160702164045 0.7615209262346883 0.08919095941492117 0.09942098997087019
0 0.6488069090972001 0.8994050226320492 0.11350121266133203 0.15010295157021006
0 0.6763978952974824 0.7502400969260863 0.11174779788867965 0.1391199874635877
0 0.758645559259356 0.8696600351684616 0.0971398271096728 0.1074608105039836
0 0.935792260556602 0.6521135193333439 0.04804776217486477 0.06855142319868043
0 0.7993268806869859 0.7310461645562059 0.09368754464226861 0.08861988229073817
0 0.5938211745184756 0.783876962523777 0.10974892126547413 0.11407452335696497
0 0.1857649870176518 0.6754987905122308 0.11287392126547413 0.11416545157021041