0 0.8369512759389119 0.41568348905122293 0.2625920013526354 0.15281988836446342
0 0.7602824246499098 0.09239983935523415 0.10107269867918127 0.09626218775644105
0 0.8037046133036376 0.185897829963694 0.08713746801399935 0.10662668479069155
0 0.850469977959911 0.26051848657976506 0.09787497334499946 0.08988485376405234
0 0.7655473485837311 0.5794541703818734 0.16702496268299924 0.1270612015966055
0 0.7343144352323683 0.7134763433095669 0.12943405601527208 0.11772069368794007
0 0.9449354039226854 0.5307580493176156 0.0981658746817267 0.11488485376405215
0 0.9005576005729135 0.6536026417129615 0.09645792401336309 0.10232118676785795
0 0.5085610045751405 0.6531768077577536 0.1937692760184536 0.1437685405319101
0 0.5138201218969138 0.738078389772976 0.14994655068427196 0.13573586463846715
0 0.09404451857895858 0.6419553952473646 0.16546246268299927 0.12699753460041113
0 0.07060121196691062 0.5423201511788636 0.14120242393382124 0.12160969764227278
0 0.23238359663431965 0.22869936707274405 0.09186133068109026 0.10994268577927466
0 0.07423419462127481 0.3311916501902804 0.1434420120146357 0.11360619665368965
0 0.2598449779599109 0.284584611141245 0.17022268801718105 0.13343853558899427
0 0.11389722597072863 0.2108818087835178 0.1040704293443631 0.08545202174882985
0 0.33522842799172764 0.047249095818205834 0.10208975867281786 0.04945085475263544
0 0.24943528397518294 0.17256211361270296 0.10890338001272673 0.09814302273741302
0 0.310119339990455 0.057642767757316096 0.09756589067472685 0.06332235376405226
0 0.17668648528009334 0.38480212844145056 0.10459768801718106 0.13076452174882985
0 0.30635251989182316 0.784014266768733 0.10432496801399935 0.10732702174882966