0 0.3991368050951743 0.735679677275639 0.10565975607526781 0.25268974267981753
0 0.8422345961016504 0.19011844521805074 0.09071925843752035 0.09320565467854491
0 0.7348784530878921 0.1335786385662319 0.07871033175849824 0.10712270401018134
0 0.6616418497298475 0.10631725190964052 0.08194445916315977 0.11028406667727224
0 0.3533432216922136 0.23563477128422955 0.11025299763774728 0.16059314934754482
0 0.22014628657567084 0.31527791263527416 0.11848215988879929 0.12788973734881742
0 0.3920039615254126 0.047918237309046575 0.07536707694917481 0.09583647461809315
0 0.26128718566469694 0.1211279232972744 0.10252977767481415 0.118332924013363
0 0.2688293232361597 0.3076830412953654 0.16601192431676956 0.14718517735518083
0 0.22311005155179528 0.49876257463400153 0.12495041469812271 0.13421246268299925
0 0.4668351926666371 0.9215348139322304 0.10976192431676957 0.1465306493475449
0 0.7396700358578807 0.7567070558959593 0.11642858656782167 0.11380905601527207
0 0.6786184300527653 0.8948615839035952 0.09989585099579194 0.132359061346272
0 0.7047791698859643 0.7047905672342772 0.11817462504240908 0.16380905601527207
0 0.7872320274203601 0.8483036625557323 0.0908829495445131 0.09789315467854501
0 0.9339979331328083 0.6037258645369605 0.03479664065150558 0.10192612667090888
0 0.8163887924813027 0.7066156018857781 0.08748513103285874 0.09004429201145392
0 0.9251760046396875 0.6327230212046878 0.05946925843752027 0.09284202800763594
0 0.5893773699786315 0.8115592825827767 0.13703375244707078 0.16715223201781731
0 0.1883456380347989 0.7115807479710468 0.10886905771188111 0.07623633068109026
0 0.7390127822296836 0.8426172838956412 0.10083830290255769 0.06989542401336309