0 0.669798965143965 0.10364298338011495 0.11664488433001133 0.09487648801421242
0 0.863417359653009 0.16482838760941498 0.10590764342931003 0.09742827792830414
0 0.8920511042543382 0.26915071743759844 0.09905686613141426 0.0877257293077851
0 0.9308213124584729 0.36039983717987367 0.12369592072720578 0.10770403663473135
0 0.7747062245478054 0.639801811399276 0.17313471622369897 0.1258675384437538
0 0.7193352089701017 0.7665557411820311 0.1337718275747511 0.11913285956550972
0 0.9449857383536369 0.6402511114901331 0.11002852329272628 0.10861143939369348
0 0.8714786998708031 0.7554467435568804 0.12555880937615385 0.11247342378986111
0 0.5071182063492081 0.6475545149264637 0.19464877081949084 0.14568207146044046
0 0.4980819702288687 0.7389574429001963 0.15438471622369915 0.12488489258219673
0 0.11295029688076919 0.5271146986659476 0.16522208667404978 0.12389560266810484
0 0.10482931137873866 0.42485283582107736 0.1562080320782579 0.1047361668924562
0 0.3139890561369514 0.15364514190482814 0.09925712523071262 0.09085072930778511
0 0.15869958127537895 0.21351918815049795 0.15398419802510183 0.11863489258219664
0 0.31146363587117076 0.224326134102912 0.14118380937615385 0.11329229534115867
0 0.21264779919712104 0.11349153267800252 0.11069527297895923 0.0992364393936934
0 0.45439640576781104 0.017993125565826884 0.10476664558877821 0.03598625113165377
0 0.355766743521595 0.1083426079836302 0.10590764342931003 0.09742827792830414
0 0.4278839705426357 0.022122904229300022 0.09931768198597286 0.044245808458600044
0 0.27219967920819566 0.2843905308689802 0.14048290252860857 0.10235479534115868
0 0.28387976788483027 0.7235315959978426 0.1131589389258032 0.11338082654882306