0 0.6771228815245163 0.39871978799352775 0.14271140871793264 0.1786716338757694
0 0.7666282864942493 0.7784338642036667 0.10049875269929238 0.0939757293077852
0 0.8231052746713947 0.6595300559722093 0.11205155933798813 0.08213082654882306
0 0.8418920860839754 0.5861777651536062 0.10303175684847724 0.08632700361804453
0 0.7206262730210095 0.28672107700310834 0.175452131123531 0.13836753844375363
0 0.6760260132727473 0.1770052402775199 0.1283636435710857 0.11255531094499087
0 0.9141627854685641 0.29992268261188937 0.11479805103961845 0.09783771370395282
0 0.8399934248904648 0.1902002018337662 0.1025348493799445 0.10030761646291486
0 0.7017336404475859 0.32039339213197077 0.1952677236549981 0.1534126843053107
0 0.4551448282098128 0.2165944419956852 0.14986013527271586 0.12924484396167768
0 0.05268267903964977 0.5345553844415962 0.10536535807929955 0.11213923111680746
0 0.22658362695112416 0.7888390134561256 0.10073555103961844 0.0971007293077852
0 0.06587328443126791 0.7367862697877038 0.13174656886253583 0.10383540818602892
0 0.2342077954173191 0.7293002391458662 0.13125184523075956 0.10959408525525038
0 0.1068622001865595 0.8386896065132922 0.10530465186945537 0.09578389077317447
0 0.3419098611795772 0.9407589603130508 0.10248638257342346 0.03805327792830404
0 0.2513459059954183 0.8420116010862252 0.10494945435896633 0.09109639077317447
0 0.3227338086900663 0.9370950497521727 0.09777557178554286 0.058038229307785016
0 0.16326925600006273 0.659093959747224 0.1188702444009226 0.11050148801421251
0 0.23772052986948675 0.2311017565587207 0.10253484937994442 0.10030761646291486