0 0.5432557714671526 0.23376728805090466 0.11530291736243078 0.2636157030344174
0 0.21240646818052072 0.1558825645535659 0.09923889342673622 0.10947033697334119
0 0.3210736065732638 0.1279644718303488 0.08535823138263901 0.11613492515463038
0 0.40543042277767355 0.1356331927426137 0.08971842306201391 0.10245506242753395
0 0.6787919215434025 0.3293663147227438 0.125729964665139 0.17557356909549374
0 0.7960326665094094 0.40390354230296843 0.11708101006798621 0.1389983403073211
0 0.6904775700041318 0.1635977935109164 0.10726959897381967 0.11948306576151384
0 0.7976893515392707 0.23183722366651663 0.10061955547083343 0.10178538273097573
0 0.6602003500206592 0.5900646986616674 0.14357208130638915 0.20510157242947358
0 0.7433395051309024 0.6164196466951151 0.13317878875333342 0.16058629788366652
0 0.5020169887946521 0.9391892721299111 0.12558449430041668 0.12162145574017771
0 0.39727493740788117 0.9380414892491544 0.12540265634451409 0.12391702150169123
0 0.1638487608304855 0.7287940350067889 0.13895601006798622 0.1407839809142045
0 0.1980574938286451 0.8732613831900178 0.112575348023889 0.14642820303441723
0 0.2201721492232286 0.6966031594028148 0.12067878875333342 0.1595659318225902
0 0.09736846922736046 0.7938133860649556 0.08833776101791675 0.11014001666989941
0 0.024450240264808826 0.536989688031508 0.04890048052961765 0.10615414727484343
0 0.10661879549975639 0.6654173190954937 0.09418771751493064 0.09346269970043757
0 0.03059081088607617 0.5733098253044115 0.06118162177215234 0.09349465060882309
0 0.28753952754798545 0.7952476956175516 0.13063436379145843 0.11827125212603207
0 0.7133753289347563 0.8276601645729625 0.11355596656499997 0.12155574879205204