0 0.6832416453179893 0.37493046797919855 0.2875314351565702 0.14403277531256142
0 0.3240084903364161 0.8787152439247322 0.11116038273097573 0.10203870435383636
0 0.2439705618478058 0.7812251742319516 0.12146015394280303 0.09460815027015243
0 0.19910472987543446 0.7114955167902229 0.12458515394280308 0.09471727767481433
0 0.2552441910756238 0.391443422417853 0.1820786606107628 0.13100200725639413
0 0.30320384576733284 0.24952625172928053 0.15121129788366644 0.13459823320977699
0 0.08509092986573612 0.4569295570789089 0.10232751666989945 0.08926588584218216
0 0.12139560743626247 0.3162028641578178 0.13730829454968654 0.11697422359113015
0 0.3140454930421761 0.3055579969199571 0.18188721303635713 0.1668303798517324
0 0.48545836531217024 0.22670876670540493 0.15797148091420468 0.1410664880191005
0 0.9373080366737788 0.40765116562479503 0.1253839266524423 0.1288938702330856
0 0.8593725501788763 0.6994071344066018 0.1367661606107628 0.12941965988879928
0 0.9528768647081962 0.6199329108154716 0.09424627058360749 0.11590279691210803
0 0.8006991807838201 0.6716839276905127 0.18740388939893543 0.1389781983633867
0 0.9517685691800827 0.7326610893085925 0.09646286163983468 0.105327395460829
0 0.7559598630654522 0.9106397894860777 0.10864141848667046 0.05209326805616712
0 0.8230361795758719 0.7821576362207003 0.11728283697334127 0.10069445916315996
0 0.7800670427620103 0.898829270248784 0.1041770590935542 0.07375001324684405
0 0.8780592930518745 0.5444096103599847 0.19036939273291545 0.15622026206571765
0 0.6906881281890478 0.16861598059307029 0.12818838606495558 0.11977184137714506
0 0.9501250959365108 0.6978049396714121 0.09942565727678314 0.1109771947351895