0 0.8341741996226396 0.33189637890298773 0.10210788708777763 0.13599945499752558
0 0.7783513009894911 0.10774290592678068 0.10263556738935158 0.10647572930778511
0 0.674728014985741 0.09217653889803892 0.09413956220555537 0.09825379353213634
0 0.5858507341657873 0.0680606874731294 0.10630737153638865 0.11288950361804462
0 0.29836242167740795 0.2518812460432711 0.13167780989648117 0.17176653663473135
0 0.16945688020703767 0.3208503312985215 0.12357278397749978 0.13245837516934209
0 0.30310658468416685 0.08210101255161449 0.1122839694628702 0.11009205223856362
0 0.18591023129106515 0.168342806988262 0.11494007775694418 0.12267393939369335
0 0.28116819387319547 0.5195224474227521 0.150369021300833 0.18985479534115868
0 0.18846328402398255 0.5391565959978426 0.12691239745537009 0.15285276232447204
0 0.38425848883041847 0.8967323213488989 0.12474430471268487 0.16362648801421215
0 0.4880280377936591 0.8928493255327703 0.1163850005656478 0.15696705223856355
0 0.7498431155506035 0.7624779935568803 0.09261530989648108 0.16971935775648744
0 0.7031150870397239 0.8076986403229484 0.11712729434509228 0.14767393939369322
0 0.7005839922707884 0.6499647054518108 0.12398288708777763 0.1371458751693421
0 0.805350821771159 0.750236943127339 0.1029089694628702 0.10960072930778501
0 0.933707433505603 0.500877673000951 0.040448634213055355 0.05344590456798422
0 0.8158569692265291 0.6034847738600335 0.10318237153638883 0.11272572930778502
0 0.6267664919879644 0.7292671031223902 0.1122839694628702 0.11009205223856355
0 0.19657114406148293 0.7487020143606369 0.11601456220555537 0.099400213703953