0 0.8783624398676757 0.5491270521051866 0.15006312818904774 0.1984461162111037
0 0.18067539940087518 0.19208910835322088 0.10271015394280303 0.09506425103345731
0 0.14266482955647536 0.29849962014004516 0.1141897878817268 0.08314644789030412
0 0.1391409589534712 0.37927658519385704 0.10506987939699583 0.08583480024766903
0 0.3114773130557538 0.6884975355653606 0.18089879788366642 0.13761993217453855
0 0.3770381533630749 0.8051799214211715 0.13067565727678296 0.11348891935425698
0 0.11632430972177392 0.6622859842842344 0.11702774545807211 0.09884422249741007
0 0.2090375813926432 0.7778981757643977 0.10322033697334118 0.1013142510334573
0 0.36311969032671776 0.6442060341176186 0.2120212521260319 0.13751292431665565
0 0.5931096924527497 0.7825558664159915 0.1523911606107628 0.13162248924663303
0 0.9444827434166292 0.4971343666208793 0.11103451316674154 0.11294526385373889
0 0.718621809552596 0.22259232319763583 0.10035042848861017 0.10429370181924558
0 0.8985323212215256 0.2908993291934919 0.1425379284886102 0.1062586162111037
0 0.7307548898579774 0.28541980892961216 0.12624324879205204 0.1163955955329393
0 0.8346455512176464 0.18519083064123393 0.10739765394280312 0.09528257485477484
0 0.5795598253044115 0.06357258002206137 0.10280600666795969 0.03903257485477487
0 0.6894127995506564 0.16986542948394212 0.10558006242753386 0.09208480024766903
0 0.599409939698498 0.0683885126108846 0.09808655575957417 0.05749147642635144
0 0.8069344947091661 0.36056966624937575 0.12104556576151389 0.1099272717116218
0 0.8074432594222115 0.786312374893047 0.10334788273097573 0.10287675103345713