0 0.5092275741167673 0.8721738888798161 0.11711696403563465 0.2556522222403679
0 0.19401110677908573 0.8345635168750409 0.09171588001272672 0.09691469473518959
0 0.31025427211963086 0.8917262308475244 0.07936133068109026 0.10897818511654264
0 0.38220199745381267 0.9004861611547437 0.08541133601209036 0.09200893992586642
0 0.672707724100859 0.7661583234906137 0.1159169960216353 0.16335815027015244
0 0.7970713774267685 0.7158359196770822 0.10610564401654479 0.1255307680561673
0 0.6683849454566761 0.9315650686812903 0.0980931493475449 0.10807044954451292
0 0.7810753021164492 0.8847396871002774 0.09320565467854483 0.09071925843752063
0 0.6805907600652242 0.5040402694069297 0.127127216024817 0.1871775961864685
0 0.7663828093968608 0.49454127303512685 0.1204045013526354 0.1463343413771451
0 0.5610925886775904 0.10002983728561181 0.11119313335454457 0.1600694591631599
0 0.45786759134309046 0.08783488293177533 0.11417268268618094 0.14767858656782162
0 0.2029999200349984 0.26479665389834955 0.12796246268299924 0.1247321598887993
0 0.24444143801718105 0.13504715571244807 0.11557155068427194 0.13367065027015249
0 0.25513513204167987 0.31581600607526783 0.11588063335454449 0.16023315027015245
0 0.14509596602481706 0.1878050787632733 0.082395424013363 0.10127481252120449
0 0.042299872055997424 0.4138095288559406 0.043332924013363014 0.09991071996293303
0 0.14203569537713434 0.32748513765628073 0.0868647480108177 0.08268850362819702
0 0.045887948718952146 0.3866021881117677 0.06515338001272668 0.09598711179556511
0 0.3352942520289532 0.2249033185964723 0.12311133068109026 0.11050596878180671
0 0.7568698073679074 0.28101448637463794 0.10432496801399935 0.10672620435383653