0 0.5096070175509773 0.1287104189286211 0.1262061134861197 0.2574208378572422
0 0.17470918032481642 0.16167672716007855 0.08866534639736087 0.09825379353213637
0 0.2769991060307793 0.13135406207664466 0.09910274122451135 0.08163950361804462
0 0.3638913522698556 0.09403776854450832 0.0822789540774929 0.09323874491161735
0 0.6535723147271256 0.21848673338011496 0.11240437476889084 0.1634627137039529
0 0.7761998209953319 0.26666420454729967 0.10662573620994635 0.12571705223856364
0 0.6544996318950268 0.041165613693610575 0.10469952335696497 0.08233122738722115
0 0.7609111047771381 0.09507248756398647 0.0947789540774929 0.09389384215265537
0 0.6591701307078925 0.48185319256151204 0.12723976458147632 0.19076219810012063
0 0.7440308640148452 0.4875465926069406 0.12284176959604132 0.14684842378986113
0 0.5404546053058634 0.8890249626879001 0.11235891066226814 0.161900213703953
0 0.4347130706661274 0.9039273456591583 0.11199519780928657 0.149400213703953
0 0.17113761863369864 0.7133653799190405 0.09491534639736088 0.09858134215265543
0 0.2313667618114965 0.868560812981156 0.10083037727617325 0.14101450361804452
0 0.2337201866595296 0.6804433372914154 0.11874530298213619 0.16691526232447185
0 0.1237193978631584 0.8149179138402385 0.07938127461060622 0.10088747060135787
0 0.020701012602919323 0.575378458276886 0.038847202823851595 0.10188340456798421
0 0.12156116745919969 0.6746204624607575 0.08889266693047429 0.10606629353213641
0 0.025869031967851418 0.6016952968114968 0.051738063935702835 0.09488977611928177
0 0.3105434479423007 0.7747045923797979 0.12304034639736088 0.10005531094499087
0 0.7347909416740945 0.6978666169172001 0.0980858105039836 0.10030761646291494