0 0.60078125 0.1828125 0.084375 0.25859375
0 0.1640625 0.81171875 0.08046875 0.0890625
0 0.2734375 0.865625 0.075 0.10390625
0 0.346875 0.8796875 0.07578125 0.0875
0 0.62421875 0.71328125 0.15078125 0.134375
0 0.77578125 0.70703125 0.09765625 0.11640625
0 0.63203125 0.94765625 0.09609375 0.10390625
0 0.74765625 0.86171875 0.09609375 0.10859375
0 0.675 0.534375 0.11328125 0.1375
0 0.759375 0.4859375 0.11484375 0.134375
0 0.5890625 0.10234375 0.08046875 0.20390625
0 0.48203125 0.06953125 0.09296875 0.1375
0 0.20546875 0.2765625 0.09375 0.0875
0 0.278125 0.10546875 0.09140625 0.13203125
0 0.26875 0.284375 0.096875 0.1359375
0 0.16953125 0.1546875 0.08359375 0.09296875
0 0.04453125 0.39921875 0.02578125 0.09453125
0 0.1515625 0.29765625 0.08046875 0.09609375
0 0.0484375 0.371875 0.046875 0.090625
0 0.34921875 0.19765625 0.1125 0.0859375
0 0.76796875 0.271875 0.09140625 0.090625