0 0.3875 0.8140625 0.17578125 0.13203125
0 0.16328125 0.8046875 0.08203125 0.0859375
0 0.2703125 0.85625 0.07109375 0.1125
0 0.34609375 0.878125 0.07421875 0.084375
0 0.646875 0.75390625 0.10078125 0.153125
0 0.775 0.70859375 0.096875 0.115625
0 0.6296875 0.921875 0.090625 0.09453125
0 0.746875 0.87421875 0.08359375 0.078125
0 0.675 0.48828125 0.11328125 0.171875
0 0.76640625 0.4859375 0.10234375 0.134375
0 0.58984375 0.0875 0.096875 0.146875
0 0.4859375 0.071875 0.08828125 0.14296875
0 0.196875 0.2515625 0.090625 0.10390625
0 0.27421875 0.11328125 0.10078125 0.1359375
0 0.26484375 0.2765625 0.10078125 0.15546875
0 0.16796875 0.15625 0.078125 0.09296875
0 0.04296875 0.39453125 0.03203125 0.0984375
0 0.1515625 0.296875 0.08046875 0.071875
0 0.05078125 0.3703125 0.04453125 0.08359375
0 0.34140625 0.2046875 0.10234375 0.09609375
0 0.7703125 0.28359375 0.09609375 0.103125