0 0.47707049108532207 0.6348398309598372 0.14113440940281485 0.24232469810012064
0 0.837196466370337 0.13501141282418563 0.09958515394280312 0.09545634215265536
0 0.720870093641301 0.09403228799352778 0.0892534318225902 0.12136374491161735
0 0.6429045903073212 0.08085725859488561 0.08695760818516866 0.09323874491161735
0 0.360569935615612 0.23609579375927897 0.12381962152108805 0.16362648801421242
0 0.23984271849636896 0.29499051616965916 0.11294602333785926 0.12571705223856355
0 0.3553887437910822 0.06689541440606533 0.1036029742462448 0.10655761646291488
0 0.24494532242947367 0.1268203703081021 0.09582242515463035 0.08748006784239588
0 0.3683177601711175 0.5040202781554467 0.1365427621279715 0.18607469810012062
0 0.27826671608047293 0.5158009831529723 0.12072657242947367 0.14479460085908258
0 0.5069006097314722 0.8945457016066236 0.1170594384905499 0.15704893939369313
0 0.6092283842772794 0.8985980365231898 0.11042680121764636 0.15203389077317447
0 0.8687953476035007 0.6951233972203534 0.09043329454968649 0.11675813206674697
0 0.8179817598812533 0.8319516898479786 0.11941916394474257 0.1478377137039529
0 0.8026761400271554 0.6828967141582382 0.11080943849054989 0.15672139077317446
0 0.9173441600310346 0.780453387609415 0.09084788273097573 0.1027775192218769
0 0.9144587918439264 0.6393780082562014 0.090624742124092 0.08098440637700648
0 0.986582313949592 0.5358225610605919 0.0268353721008161 0.0903660504295413
0 0.739442558513826 0.7348553618288174 0.09757611485312837 0.12802318068726617
0 0.30109766457296255 0.7185984345324533 0.11023561151914833 0.11157266508343397