0 0.11953125 0.57109375 0.07421875 0.11953125
0 0.1625 0.8078125 0.08359375 0.09140625
0 0.26328125 0.84296875 0.07578125 0.0859375
0 0.353125 0.88828125 0.08828125 0.10546875
0 0.64453125 0.7546875 0.1 0.15546875
0 0.775 0.709375 0.096875 0.1125
0 0.63046875 0.92578125 0.090625 0.090625
0 0.74453125 0.87734375 0.08359375 0.078125
0 0.67421875 0.484375 0.109375 0.1640625
0 0.76796875 0.4859375 0.09140625 0.134375
0 0.59296875 0.08828125 0.08828125 0.14453125
0 0.4921875 0.071875 0.08671875 0.14140625
0 0.41328125 0.09609375 0.10859375 0.09609375
0 0.26796875 0.11953125 0.115625 0.1265625
0 0.28671875 0.278125 0.13046875 0.14296875
0 0.16953125 0.159375 0.05625 0.09453125
0 0.20078125 0.2484375 0.059375 0.1140625
0 0.1515625 0.29140625 0.08046875 0.07109375
0 0.25390625 0.1453125 0.10078125 0.10859375
0 0.77109375 0.234375 0.09765625 0.1359375