0 0.7024801815144797 0.46371270901447464 0.2658821859797918 0.14989445454365719
0 0.15550195763437563 0.7710374285723701 0.10072865824437507 0.10015573295387145
0 0.11216757209142417 0.6553402905850789 0.11475479065319454 0.09883869480442442
0 0.11505487632798661 0.5779147199682279 0.0958593202884723 0.09226141233702041
0 0.28605248166697944 0.30216292329736427 0.17173214247680563 0.13107054220663672
0 0.3528743461240279 0.1845430008140742 0.1339775693385418 0.11947847727182856
0 0.1193371071419447 0.29178630519557547 0.11500936379145843 0.10977619480442442
0 0.18328854473725711 0.1851584297901861 0.09611389342673622 0.10319891233702042
0 0.5482985617390975 0.3202508555231824 0.19080945079743064 0.14546032467404083
0 0.5697540280197572 0.23468550243892725 0.15458101006798622 0.132333033278183
0 0.9252948599917363 0.4737796355582498 0.14941028001652726 0.12621940097293455
0 0.9296563580918752 0.5714086120192994 0.14068728381624956 0.10886825973923261
0 0.720764588143334 0.8127541810112973 0.129762848023889 0.13970915665497757
0 0.6101206417143064 0.9616201493546722 0.11380923328249999 0.05821369480442442
0 0.6781218400431951 0.7603519297934813 0.17340374525034735 0.1357853157455871
0 0.7926590783596883 0.8794956217585319 0.10839568787965277 0.09404210064862326
0 0.5390087079187161 0.9620798453769126 0.10915810087368065 0.059694374187573375
0 0.6525243876302438 0.8694366034945874 0.08968205547083344 0.09527731818121907
0 0.5873371051451743 0.956546865669452 0.09687630642076392 0.06885118587597105
0 0.7963068359591325 0.6668456172943051 0.17834581838861113 0.14680463636243815
0 0.7783302474345488 0.26387062175853204 0.11043096656499998 0.11438187418757347