0 0.37338931545145426 0.32762646128645356 0.2039112398605413 0.15772856415651582
0 0.8248604362149041 0.8179915569029184 0.10230518119435103 0.10610790252860847
0 0.714529587571957 0.8807640623015892 0.09057000569998319 0.11624436613141427
0 0.6446487763078765 0.9037521768918438 0.09492972376899793 0.11185725478036197
0 0.31935348138744113 0.7973684623661877 0.1636904314464526 0.18315006631598418
0 0.20195281393884504 0.7592398018180148 0.12458437278026227 0.13553458667404977
0 0.3779368876881725 0.9652604619047624 0.08947739926336577 0.06947907619047519
0 0.24275314053816408 0.9164503269564422 0.11644409084927707 0.1303464389258032
0 0.3597817394332129 0.7803404511074208 0.1619858198140552 0.20326230721668564
0 0.20480393437331879 0.53890751542082 0.14297373986054132 0.15382351172019232
0 0.4495522497478984 0.10257519894795246 0.1290205005042031 0.1544848457733484
0 0.7429641241176446 0.3057943406792194 0.10736402179152656 0.1562080320782579
0 0.6609978481387441 0.12004900292543545 0.1175366972858944 0.14597143892580317
0 0.6742576827838349 0.25587588139535067 0.10732046312533612 0.11109579117755661
0 0.7703674943000168 0.16080201572536193 0.10419546312533612 0.1108955320782579
0 0.9143913738655431 0.39054647978959267 0.05241444183801249 0.10446625693983033
0 0.7985803395887693 0.2960176249169456 0.09663433540139543 0.09174501387966068
0 0.9078900015894839 0.3712958320413461 0.07239915990702742 0.10108044108527156
0 0.5853644275880547 0.2140808027408653 0.1440991972858944 0.14767364126984164
0 0.1808194031986382 0.32077927667958706 0.11033620248167453 0.10973355027685514