0 0.5306257716113848 0.6006468842117713 0.19294490514873247 0.12464024335048621
0 0.2826844264071813 0.10280357057281275 0.10922235253201391 0.10708776101791675
0 0.19583760281436255 0.19700620583142378 0.13064232622365468 0.09978440729444457
0 0.15442437656247304 0.26332088364309036 0.10702281570031094 0.09611389342673622
0 0.184987047919744 0.584778962765278 0.1795194419804353 0.13525043502986128
0 0.1903053375234572 0.7218068372903128 0.1430359104104042 0.1250389804327085
0 0.0457469620646406 0.5248558360560418 0.0914939241292812 0.11362870174736131
0 0.04550862002067683 0.6502376957634375 0.09101724004135366 0.1053797906531944
0 0.42957223485026896 0.683566527354167 0.20726501038216938 0.1561811840799308
0 0.4049446901966454 0.7706119324644101 0.1641674577654509 0.1395742591180557
0 0.8388639348643864 0.7079567700390632 0.17483194198043533 0.13514133225631966
0 0.8823779874105178 0.619004026022987 0.16601838410204478 0.1177719943004167
0 0.7968092976373954 0.30174183120947984 0.1275019156720761 0.12623780452090294
0 0.7780046316829706 0.12763153077263953 0.11117969468185826 0.06032186379145843
0 0.7458236503105835 0.3443644358828826 0.1731784367187636 0.133542464665139
0 0.8981743765624731 0.28063185704503546 0.11492632096198249 0.09785823138263901
0 0.7108927263930639 0.09790635676069505 0.10787268415851478 0.057124128609097304
0 0.7689642896743004 0.22912129559027844 0.0962673262236546 0.09898432028847229
0 0.7540133948371501 0.12316158310934092 0.09757222099021767 0.06780705547083343
0 0.8031139635918201 0.4755611909168757 0.20110601564384112 0.1575982137152085
0 0.6040122507764588 0.8315715355222922 0.11767188936371689 0.11820709897381967