0 0.5021749507787876 0.16417328995664907 0.20624530298213611 0.17267717875566854
0 0.24330606763011953 0.10827741865584786 0.103000631037097 0.10894933674699833
0 0.36041701128277104 0.0772787766612951 0.10055759263643722 0.13220482622365465
0 0.43939145744270514 0.07033926094686671 0.09665970282385157 0.10546031570031093
0 0.696276640274804 0.24801912698599607 0.14254651583511765 0.18144596302712274
0 0.8065943631569154 0.3164667481456229 0.12583037727617316 0.1430359104104042
0 0.724578799683431 0.07946654806091834 0.11421091567683313 0.11896137357870129
0 0.8239590225655421 0.14855120605224814 0.10281877461060632 0.10269933674699834
0 0.6510704742022595 0.5150470032661204 0.15563754922121262 0.20248650512049765
0 0.7386470305496079 0.5341239559816608 0.13731344655564542 0.1624229472421071
0 0.4599631232525522 0.8911831109892191 0.1343703029821361 0.1684909367187636
0 0.35704271173235425 0.8901582082595609 0.1265578029821361 0.1680359104104042
0 0.1303822379923131 0.6654822448795026 0.10345527210332377 0.12457433674699843
0 0.1636313440230924 0.8093918685993782 0.13423391066226814 0.1638034367187636
0 0.19800164700522854 0.6467252686276129 0.14107494404836302 0.18447995776545092
0 0.0726175506078677 0.7476191816688531 0.10161998746358769 0.11510833148532651
0 0.023288426992857634 0.4895861447665631 0.04657685398571527 0.10640118942018653
0 0.09467807020390899 0.6059476211596269 0.09946645407749281 0.09470482622365459
0 0.025568160926630824 0.5152763895048912 0.05113632185326165 0.09591871572854575
0 0.2532454249810471 0.7316393239457545 0.12689277210332378 0.12593941567207595
0 0.6876060531151502 0.7336381085701447 0.12234166442319179 0.13035389988706053