0 0.47930514465309154 0.1279841179640936 0.14803860534690844 0.1085544945971538
0 0.2573301473185916 0.12365512080669101 0.10428860534690845 0.10600634727034204
0 0.1811574513049104 0.22006811824644226 0.11980451734563582 0.09754139988706054
0 0.12646940396245626 0.28411593671876345 0.14640338001272668 0.10221348933548198
0 0.21341268391950372 0.6058004918957307 0.17332950668363553 0.1350105787839034
0 0.2789002292330046 0.7558074681476202 0.13588405068427195 0.137513952503779
0 0.04402053063336517 0.5363239078501555 0.08804106126673034 0.09139781570031094
0 0.0866950952419133 0.6789433183311469 0.12947041868236292 0.12308743145709151
0 0.2631939605745043 0.6946956629000658 0.16911472135581712 0.17536256299888783
0 0.450566143897232 0.7837867969315236 0.15007382001909003 0.14927049985882573
0 0.9121592665897763 0.6199173438630472 0.16397268801718107 0.13602704721387227
0 0.8172125826305017 0.31418401237772076 0.1513090560152719 0.12123650512049747
0 0.9224262466184113 0.40943487017140645 0.1466033746817267 0.11940098933548202
0 0.771300098623502 0.36310735978923714 0.12167610001590852 0.12419490514873237
0 0.900306893300456 0.2947885412463288 0.10897610534690827 0.10627936305535765
0 0.6976011586569095 0.11255435196731653 0.10843066534054521 0.05940436305535757
0 0.7633068799729559 0.24381132821920604 0.09175224267981755 0.10215330517696727
0 0.7123449113224096 0.12201265195319907 0.09920111600890866 0.0713583314853265
0 0.8124785346117298 0.45228325185437707 0.1296158693507266 0.13558743145709157
0 0.9033398919478206 0.43724905703134426 0.11984088001272682 0.10066639988706054