0 0.8537060176399972 0.46789048006680395 0.08591756784239593 0.09617095391148141
0 0.8058361629357271 0.24316459066995214 0.09233134215265518 0.09984275805851832
0 0.7034038817280628 0.2059489717254616 0.08262879353213641 0.0927725518379628
0 0.6213659876755282 0.1689479662588414 0.0840275192218769 0.0897842528747221
0 0.3263733129811558 0.2867637254951382 0.11303998982323468 0.1685339694628702
0 0.1946419561291794 0.3293921399624996 0.11099281094499092 0.1294714694628702
0 0.3368205693127339 0.11736917653189749 0.10211577792830404 0.10847546427907391
0 0.21902888172806284 0.1635716503300922 0.09035940637700657 0.09189355702175908
0 0.2990893594539682 0.5527892666826846 0.13285452283992144 0.19048688190398125
0 0.2072327301007546 0.5533860060322681 0.1167448439616777 0.15019407257314796
0 0.39095379636127076 0.9375857030397683 0.11427494120271567 0.1248285939204635
0 0.49284716700805714 0.9486544145855319 0.09824050542706697 0.10269117082893615
0 0.7771756586403141 0.7900395906699521 0.08608134215265544 0.09929595391148123
0 0.7098985481702931 0.9304696340484021 0.1073698439616777 0.13906073190319573
0 0.7083028279076194 0.7863684950525449 0.10523413387576941 0.13829966531583313
0 0.8124779935568803 0.8951563176256929 0.08953389077317446 0.10581935598499967
0 0.8261797246736876 0.7535156217727298 0.09011374491161739 0.08720605702175917
0 0.632367769676162 0.8275997963248599 0.10227955223856355 0.11160046427907408
0 0.2071154641582381 0.7652804132895829 0.10852955223856364 0.11214726842611089