0 0.12313380475267537 0.337630260664518 0.10871127081949092 0.14176183674699844
0 0.23266470080287896 0.11020393970253524 0.10680880937615385 0.11207433674699833
0 0.33966567242524887 0.0922968319088495 0.09849566162790727 0.10380681043863908
0 0.43809268044481336 0.06366984492185479 0.11728523442229637 0.12733968984370958
0 0.6808449776393496 0.24599389540184752 0.14196386181247736 0.17483194198043533
0 0.7919140831303054 0.3103532560381307 0.1288235117201923 0.13981990514873238
0 0.7152967281007749 0.07275381647676979 0.11638406847545255 0.11574536831702945
0 0.8114720188169061 0.13875897709893553 0.10610790252860873 0.10113683674699833
0 0.630860259874491 0.5158737558969564 0.15556528685861987 0.19274748407381015
0 0.7225773905038745 0.5299901928274814 0.13158756631598417 0.1586609104104042
0 0.4418049452565499 0.8911453136341724 0.1335505845145814 0.16500191567207595
0 0.3366866486803225 0.8918194187970222 0.12720045496493207 0.16307539462538861
0 0.2681462021963802 0.8561164082030913 0.1357348457733484 0.12621243145709152
0 0.14332547733480777 0.812016339660183 0.12669980721668553 0.15526289462538861
0 0.1727194879752659 0.6569725238892848 0.13837778685861987 0.19174642619541976
0 0.04334617520302605 0.7447671974538687 0.0866923504060521 0.11419827886860805
0 0.10898765500184396 0.6676894869869947 0.0936474753229977 0.1253177893919517
0 0.07514238356404417 0.6128423632671192 0.10680880937615385 0.11207433674699843
0 0.018143520976374457 0.5090263895048912 0.036287041952748914 0.11007222099021767
0 0.2334183536452546 0.7421673002682313 0.1272214389258032 0.11481990514873246
0 0.6533012546327036 0.7729736243551601 0.1310869185677376 0.1508484104104042