0 0.5096099531095664 0.08495138070789254 0.13508724025173785 0.11618259263643718
0 0.7399127597482623 0.09072269292773574 0.11058414772027056 0.10143813103709695
0 0.8055951141025842 0.19092962991646972 0.12393625269929238 0.0924723079967011
0 0.8378263510303297 0.2593697413575254 0.12393625269929238 0.0924723079967011
0 0.7327189182424803 0.5765776249019048 0.17954763527271603 0.12683058762187222
0 0.6855810412681341 0.7151460314075379 0.19635662697434597 0.14291022868809905
0 0.9113776371235938 0.5129146270134759 0.1017060551888033 0.0871483105039836
0 0.8635769093194107 0.6499432655724202 0.10937684523075966 0.10608016693047428
0 0.6741116676177803 0.6710466904204532 0.1729909045687478 0.18432483887551357
0 0.49064704956650396 0.7364085806287501 0.15381392946385705 0.13699519780928676
0 0.061643281944079184 0.5570335985089319 0.12328656388815837 0.12968280298213627
0 0.21052125767366983 0.10222877507282464 0.11962726099766216 0.0767563797834557
0 0.2052264159673952 0.30583950837977725 0.17689623195336796 0.1329896594086269
0 0.08290297530538338 0.23300506512283709 0.11382754689043355 0.10309155925034234
0 0.30975258568298997 0.058026482515529755 0.11375576929603196 0.06099498746358767
0 0.22619195663405142 0.19375704552679576 0.1310150468904335 0.10359166442319179
0 0.26481859398135976 0.07492447750096483 0.10246307178554286 0.0559892387172289
0 0.17142991119351042 0.39179138024567417 0.12957094606059658 0.10510870031656908
0 0.09860864044758601 0.3549338894168742 0.12729805103961842 0.09568823620994645