0 0.12429758069471812 0.4149881059834553 0.08042381908544902 0.12748974801081764
0 0.17449198165323565 0.17923187197645563 0.08492042154477705 0.09473179201145401
0 0.27664937929210354 0.146009744629229 0.07863406010845857 0.08840906667727225
0 0.3631499606741927 0.10750068061745681 0.08495678298109546 0.100981792011454
0 0.6538072978118185 0.24397179324477683 0.1024715359079618 0.1574317866804539
0 0.7837765989432866 0.2909002425605049 0.10224427693097127 0.11836928668045399
0 0.6457761083130605 0.0721786092457313 0.09429542154477702 0.09484088001272668
0 0.7641448341125636 0.13955591856305022 0.09441359621281223 0.11515338001272668
0 0.6772503847530525 0.5132485045751405 0.11971357806243947 0.1670067813494537
0 0.7717952702916719 0.5144922838956412 0.10236245159900648 0.1386817866804538
0 0.585795700420656 0.9088706345878673 0.09931017447164336 0.1511454240133631
0 0.4819576281137531 0.9217984432686392 0.08989881303532492 0.14478633601209054
0 0.40447297754801903 0.8984796692791388 0.11309996369925468 0.10443405601527189
0 0.26759060108458593 0.8719455359643653 0.09920109016268785 0.13239542401336307
0 0.2635292940993853 0.7110443986314562 0.09919199980360834 0.13083292401336308
0 0.16110879692805566 0.8333381166454554 0.08495678298109555 0.10098179201145419
0 0.19300823672140122 0.810309149307774 0.06493517447164328 0.1507454346753633
0 0.1485128272768726 0.6826932266470462 0.08488406010845857 0.08848179201145392
0 0.05538045081343944 0.6556500159930003 0.06619769262201591 0.09920111600890866
0 0.3365446132830302 0.771917716621593 0.0850113251355733 0.11035679201145392
0 0.7675718994855796 0.7286184185630502 0.10049087939029917 0.08553860534690845