0 0.55 0.19582349210261557 0.103125 0.25937684523075955
0 0.17890625 0.8075370450163337 0.0890625 0.09581125269929239
0 0.290625 0.8553215043496776 0.0796875 0.1076008576783142
0 0.365625 0.8558883441818524 0.0796875 0.0904133576783142
0 0.66015625 0.6960701006061224 0.1078125 0.16598204274124856
0 0.78515625 0.6334731669930804 0.103125 0.12812684523075965
0 0.65078125 0.8631867456271005 0.0953125 0.10878484937994451
0 0.7640625 0.8038215557902813 0.0921875 0.08979805103961844
0 0.67421875 0.4301607580746552 0.121875 0.18892263527271586
0 0.7625 0.4140962049604443 0.1125 0.14758724025173767
0 0.56796875 0.059790611715641796 0.10625 0.11958122343128359
0 0.471875 0.054151013272747225 0.090625 0.10830202654549445
0 0.20625 0.23984005953848087 0.1234375 0.1218535344428789
0 0.04453125 0.3427193736503538 0.046875 0.11136447510489074
0 0.253125 0.28394433443359013 0.1140625 0.1664556394219007
0 0.14921875 0.16447412924943122 0.0796875 0.1029133576783142
0 0.03359375 0.419329417841495 0.0421875 0.10632177759440165
0 0.14140625 0.3056911251002463 0.084375 0.08451855518880329
0 0.0453125 0.3668789240652723 0.0625 0.09379846680652104
0 0.36015625 0.17114649127742299 0.1234375 0.17497853444287886
0 0.75859375 0.20423595288585186 0.1015625 0.10300844606059653