0 0.5922866374866447 0.5365807120139099 0.1600893065307547 0.16099053262324467
0 0.19069194346924528 0.16267770802239614 0.09713294954451306 0.10069501977166348
0 0.31088788158101294 0.1261101497331699 0.08350695916315995 0.112622016805914
0 0.38392607749732893 0.1181331650562091 0.0880307680561673 0.10812551779449713
0 0.6759077024549199 0.29276172783124066 0.1433928798517325 0.17435269566510653
0 0.7863342817663475 0.35672075155723687 0.11530259618646851 0.12952035672980172
0 0.6624975107997733 0.09427780688071358 0.08350695916315978 0.11262201680591397
0 0.7780282523622527 0.19130399859148733 0.10672620435383653 0.10732702174882984
0 0.6402603791339422 0.3053917204168669 0.15487601687504088 0.19042336463846715
0 0.7381794908446893 0.5706904096561827 0.13309029691210786 0.14740819368794006
0 0.40826872451780255 0.9343776237828616 0.11919148801910037 0.13124475243427688
0 0.16484613984889743 0.6787656230414243 0.09737105172143132 0.1521938527754692
0 0.20635404965287876 0.8791767999234501 0.10792660580511534 0.14170202174883
0 0.22406488322547546 0.7304673858930054 0.10173116950744614 0.14300985376405234
0 0.10764622034145126 0.8156952786689121 0.09729664065150563 0.1053825197716634
0 0.01765497559448779 0.5623381739162767 0.03530995118897558 0.10309050790866543
0 0.10776032614656657 0.6780042776803288 0.09195437622353535 0.08644151878308044
0 0.02429063875258908 0.5819967579086655 0.04858127750517816 0.09773184585538672
0 0.3090276710670906 0.8066889876798914 0.13062006134007814 0.1660308596955513
0 0.7157241043695348 0.788054323192336 0.10349207694917481 0.10407468775644091