0 0.12066173295716669 0.3805897065755473 0.08439436525911972 0.09207049756436803
0 0.1885016181017888 0.16306524147858337 0.0906989123370204 0.09530459172016936
0 0.2929260653418453 0.13156405113838573 0.08129663879807011 0.09357845048646736
0 0.3850141538156038 0.09090604910979086 0.09892051542127547 0.11887845941492108
0 0.6603163425342435 0.24777010917663037 0.109059174511885 0.1627921006486231
0 0.7866646083625561 0.3025785657521777 0.10837733603812652 0.12372960064862308
0 0.6648380215103554 0.07821158563768 0.10021028003177221 0.10328073295387141
0 0.7763016270302425 0.13562289083325552 0.08897277110331832 0.08590231818121906
0 0.6642463173737354 0.5148076047124035 0.1297262305182393 0.18345915665497756
0 0.7554616526010831 0.5241496026838086 0.11341939204448082 0.14412392126547413
0 0.5378694090972 0.9090815304421046 0.11207508035608367 0.15659664772652349
0 0.43462167817192354 0.9179128340128269 0.09318871266133191 0.14845686525911966
0 0.1680183794691698 0.7101311562512358 0.08442163879807008 0.09363299756436802
0 0.22392568588256134 0.8630146485405981 0.10404439204448097 0.14396028003177214
0 0.2382763323912691 0.7120288469984704 0.10385347727182859 0.1330227800317722
0 0.12485298620687288 0.8116351550334198 0.09080800649282175 0.10155459172016919
0 0.016423156454754277 0.5675732836852201 0.032846312909508554 0.06630683847375848
0 0.12344226502082897 0.6687345888807956 0.08889095048646736 0.08121481818121908
0 0.3084836923753831 0.76156915097623 0.10338982710967279 0.10646028003177221
0 0.7361410880733119 0.7361410880733119 0.10651482710967279 0.10651482710967279