0 0.4645238353866953 0.21351045988201625 0.11643356496827514 0.2518964478903042
0 0.13463792794496668 0.23714474317557444 0.09713294954451306 0.10124147642635144
0 0.2308928798517324 0.17922954342324346 0.08323414065150561 0.10527400496239876
0 0.3065550787632733 0.15701424917143048 0.08759425843752044 0.0961173287837163
0 0.6261805872007937 0.2639386071103666 0.12404267912609299 0.15709337014004515
0 0.756768388289253 0.2957601495001528 0.11535715988879928 0.13172949710451584
0 0.5797718347537231 0.09642146732561431 0.10538195916315996 0.11410534946188074
0 0.7010119176933476 0.1285876120727653 0.10003969473518967 0.09513702564056317
0 0.6927778432760616 0.5181937675732833 0.13946927168436432 0.19681084160399784
0 0.778551652169069 0.5175088709641055 0.13012898801910033 0.15269696856846854
0 0.6705184743937384 0.9236741332699129 0.12280756134007813 0.1526517334601742
0 0.5706648073333629 0.938514652190749 0.12226192431676956 0.12297069561850194
0 0.27771836078407475 0.8053939371369371 0.1419196598887993 0.13296666542531535
0 0.35942720697054326 0.9325760404253154 0.10932541469812271 0.13484791914936914
0 0.32125754045832194 0.7567231507430071 0.11762898801910042 0.1521147717116218
0 0.23931311441227185 0.8894029100486319 0.0863591406515056 0.10541955417661057
0 0.08248272793711744 0.6644841850700226 0.05667164065150563 0.10403683664159899
0 0.20601448637463796 0.7622753298171736 0.09200893992586623 0.08852315260503403
0 0.09793660234655428 0.7049829065339752 0.07196925843752049 0.09538958271265763
0 0.41592768891437587 0.8321106025622527 0.1302182680561673 0.11058224317557439
0 0.8203200338348999 0.7308286623204344 0.11163195916316004 0.11439644789030404