0 0.1392297037482884 0.5231431716421546 0.2610404515702104 0.12444888059640906
0 0.18754020546414807 0.8466758469023539 0.09629598997087015 0.09241322930778537
0 0.15294990828799965 0.7486411386254679 0.08089831050398355 0.09940685775648746
0 0.11383959567244503 0.6719048982364063 0.09303459765100211 0.0875619549975255
0 0.22516250673042454 0.3579475395754075 0.16260295157021037 0.11928998982323469
0 0.26724000963341843 0.22547255427472854 0.12492109514371963 0.11107469810012063
0 0.044194966218193736 0.39585805461341284 0.08838993243638747 0.11140889077317437
0 0.0980664608079174 0.27568167345117683 0.09335284639736088 0.09849945499752569
0 0.48585596582248236 0.29904177182386865 0.1895746285298145 0.13474457146044044
0 0.48913774168672985 0.21306332824630378 0.14573370031656907 0.12932673111680737
0 0.8966965259307544 0.3344548128696142 0.1610404515702104 0.11920810266810493
0 0.9148123769469688 0.4356930862753625 0.1453699874635877 0.11682673111680746
0 0.7352168390085275 0.7368472297620704 0.09160848997087019 0.09216756784239592
0 0.8915326866595297 0.6459688449817899 0.14050063103709717 0.11033106965141819
0 0.7245126712201234 0.6757835770031083 0.11867109514371954 0.1107471494796016
0 0.8396853786628284 0.7656948467908121 0.10071070533113406 0.08328389077317447
0 0.6051703231734098 0.9168357021724505 0.1026536385589445 0.04282266508343398
0 0.6976198991167996 0.7957618843300546 0.09785848997087002 0.09249511646291494
0 0.6312016257598346 0.9068908141128096 0.09529577962517113 0.058038229307785016
0 0.7918342150310596 0.5872290100652237 0.09885870031656907 0.12687011646291496
0 0.6991492391794474 0.18021544945891704 0.09969377461060631 0.10195200361804461