0 0.534375 0.878125 0.184375 0.1234375
0 0.16015625 0.803125 0.0875 0.08359375
0 0.271875 0.865625 0.071875 0.0984375
0 0.34609375 0.88359375 0.07421875 0.09609375
0 0.64609375 0.75390625 0.10078125 0.153125
0 0.775 0.7078125 0.096875 0.115625
0 0.62890625 0.9203125 0.090625 0.096875
0 0.7453125 0.87421875 0.08671875 0.078125
0 0.675 0.48828125 0.11328125 0.178125
0 0.7640625 0.4859375 0.10625 0.134375
0 0.58984375 0.0859375 0.09765625 0.1484375
0 0.49140625 0.06875 0.08828125 0.1375
0 0.21328125 0.2484375 0.10546875 0.0984375
0 0.04765625 0.32890625 0.04140625 0.10390625
0 0.26171875 0.290625 0.10859375 0.15546875
0 0.16640625 0.1578125 0.075 0.09296875
0 0.1515625 0.29765625 0.08046875 0.0734375
0 0.05390625 0.3421875 0.046875 0.08359375
0 0.37421875 0.1921875 0.115625 0.159375
0 0.7703125 0.2765625 0.09609375 0.090625