0 0.5469391977614364 0.1288508236119206 0.12571705223856355 0.10872864474715102
0 0.7741258175037116 0.1723248035529287 0.10014384215265544 0.0966267510334573
0 0.8325381037997588 0.2831210624442688 0.11675813206674697 0.0864897717116218
0 0.8599803510862252 0.357232804586386 0.11675813206674732 0.0864897717116218
0 0.736077025103229 0.6592426066960819 0.16979460085908257 0.11701633374611511
0 0.6806381733396353 0.7905803438758003 0.1845940852552504 0.1317338052100677
0 0.9203192282917323 0.6255333484239143 0.10253185775648746 0.08270980024766902
0 0.8610969572608331 0.754345399085868 0.10038950361804452 0.10131425103345748
0 0.6631950457954439 0.7498269112869771 0.13902263568479184 0.18416529238978613
0 0.46957784260694063 0.7830995219165094 0.1755466338757694 0.13754715756743252
0 0.06514256388566697 0.52547734305174 0.13028512777133394 0.11970468610347992
0 0.1620861629357273 0.1798438194780914 0.16141553482570908 0.07610023531769161
0 0.21992523914586615 0.30157757836943155 0.14175148801421242 0.11726889081820957
0 0.115217806988262 0.2074208558720215 0.10483134215265535 0.09684507485477489
0 0.3471748931480236 0.07020776199171205 0.10377345318850324 0.04691784946188073
0 0.2535776221171244 0.19741877129733695 0.08205558344622813 0.07863873035529285
0 0.30445512663968016 0.0783990975998539 0.09924972749876285 0.049824525640563166
0 0.19140741350155416 0.38248082195929073 0.12226450361804461 0.10233309553293939
0 0.12272933457788185 0.33307582733597424 0.12004690637700657 0.08976032092583344