0 0.5921875 0.10414040091312729 0.0953125 0.20828080182625458
0 0.1265625 0.7628117233082543 0.0953125 0.10232118676785795
0 0.2296875 0.8257972015594245 0.084375 0.11437551779449713
0 0.30234375 0.8579929362363853 0.084375 0.11750051779449713
0 0.615625 0.7467902034994097 0.11875 0.1720261917107738
0 0.7515625 0.6748449248304976 0.1234375 0.14252969269935695
0 0.565625 0.9285150473776304 0.08125 0.10018568380210838
0 0.70078125 0.8659766022068155 0.10625 0.12932935574121843
0 0.69765625 0.6848539361992042 0.1609375 0.1753077006080222
0 0.75859375 0.49096467334762295 0.1296875 0.14590936068413446
0 0.53828125 0.06600836608416091 0.1171875 0.13201673216832183
0 0.25703125 0.2012455291260226 0.121875 0.12684102570316255
0 0.32578125 0.06944505458203934 0.10625 0.13889010916407868
0 0.290625 0.2553454387078432 0.128125 0.17709569368794006
0 0.21484375 0.10687078802327117 0.0953125 0.10700868676785791
0 0.05703125 0.3422074046389047 0.04375 0.10647017589344294
0 0.17890625 0.24896012893574215 0.0921875 0.10219385277546911
0 0.06640625 0.31526290266173834 0.0640625 0.09948534684397004
0 0.409375 0.15519424699706943 0.146875 0.1809846976422728
0 0.79765625 0.21515424844276315 0.175 0.16963070357377186
0 0.36796875 0.07953767239622081 0.1203125 0.10802735870696814