0 0.6138765054422957 0.0791634045225312 0.13274306733052796 0.09808629788366643
0 0.8474727446425223 0.12747413239261998 0.10160219473518958 0.09866038273097573
0 0.8753745445498552 0.2309659231492847 0.09497024881887342 0.08721269970043757
0 0.9105432074338793 0.31819498511777666 0.10796132213985139 0.10229556576151388
0 0.7609078282999372 0.6101109023964992 0.16642858656782167 0.12576475879399177
0 0.7066791744864056 0.7398938683077944 0.127202395460829 0.11788861485312836
0 0.9321379875557643 0.6000508919355176 0.10661707694917481 0.10841802000387943
0 0.870387010421255 0.7163453137561682 0.10036707694917482 0.10790783697334128
0 0.49302092385343343 0.6343287498308221 0.184216287293461 0.14435526212797162
0 0.48452143229095396 0.7274728430130811 0.14762402286549073 0.12267170970237729
0 0.09886664136929582 0.5427139163606387 0.1599603317584982 0.11900457576345361
0 0.09057793701545933 0.4399715536335423 0.1518750132468439 0.11055434697528095
0 0.30832342068857255 0.034376031503631076 0.12696429328391085 0.06645366061076283
0 0.15198911905195922 0.22420329029762276 0.14255457694917478 0.11135157242947366
0 0.30220737386128266 0.21820889756470735 0.16023315027015245 0.12681707576345352
0 0.19612601025161902 0.11953189468976941 0.10472719473518963 0.0989154742462448
0 0.42875248257680487 0.0017066659015967434 0.060629965153609744 0.003413331803193487
0 0.33973960099579187 0.10389143498739214 0.07649306733052796 0.09349465060882317
0 0.23911958601966746 0.29622206938535783 0.10974207694917473 0.10867311151914842
0 0.2705854178629837 0.7261328389301951 0.10376489546082901 0.11597542848861017