0 0.1291097020764018 0.5950936147344906 0.13730657095872498 0.18261539406758587
0 0.15181550426116924 0.21870035953871048 0.10332838584218225 0.10230518119435103
0 0.11857147304297602 0.33795310409082885 0.11382937622353535 0.09057000569998319
0 0.11324162149902994 0.40850055087252024 0.10618056733052791 0.09471120248167449
0 0.30954622494189254 0.7183775674682666 0.15685517912609298 0.16216078243518836
0 0.36161221114689446 0.8256708974217805 0.1321627139724833 0.12458437278026224
0 0.09717271051392229 0.6848227502521015 0.1154464399258662 0.09224176634364482
0 0.19496042448640563 0.8070033888718056 0.10672620435383648 0.11033620248167467
0 0.30896338238362114 0.6793696977900975 0.19139387023308557 0.16925201659574646
0 0.5755730182258034 0.7930926162470999 0.15307541469812272 0.14319226114786493
0 0.9310206100238755 0.4896276707259163 0.13795877995224898 0.12611402179152656
0 0.6929935757680484 0.22770755288933256 0.1049454495445131 0.10397694183801276
0 0.8672048912844778 0.28431210401395424 0.142827395460829 0.1175366972858944
0 0.6973561827542901 0.2856839438548252 0.13205358656782168 0.12145937278026224
0 0.8020213461864685 0.1807775585893157 0.10807044954451292 0.10419546312533626
0 0.5456498058977826 0.07010858431611465 0.10303571996293322 0.04928944183801278
0 0.6637673780376339 0.17188924162525215 0.08910219473518968 0.09663433540139543
0 0.5652901833024442 0.07459934236188634 0.09894842068857254 0.06614915990702759
0 0.7746751401033515 0.3573347047505884 0.13038195916315995 0.11822511213660052
0 0.7904614082443369 0.7870768350724193 0.10672620435383635 0.11033620248167467