0 0.557083841755625 0.08614822673819231 0.10142094889756965 0.17229645347638461
0 0.17414274876572902 0.16279744478993224 0.09124455547083339 0.09789815260503384
0 0.2901138940923263 0.10901101116765174 0.08844686379145843 0.11181510339082212
0 0.36716735657326377 0.08435130541946473 0.079108231382639 0.11294095574818701
0 0.6636215164331596 0.2227223308551401 0.1302719943004167 0.1652697431755744
0 0.7766650706697219 0.2947171472328596 0.11871624525034737 0.13819782092583344
0 0.6415867815351388 0.042095338917910737 0.07278549620027785 0.08419067783582147
0 0.7629876964290276 0.11117905521457697 0.10429006933854179 0.12191784946188075
0 0.6213969956315969 0.2598071079434453 0.1416822729857639 0.18609166542531544
0 0.7463924231589232 0.48888667825010623 0.12500261284152786 0.1400514193542568
0 0.44173345222552 0.9042035789931134 0.11126742116215294 0.1534589478903044
0 0.1882850631671869 0.7287113891655798 0.11824346656500007 0.11788532092583352
0 0.23492106098298535 0.8709138517381924 0.09996624525034734 0.13732452564056316
0 0.23699597331142302 0.6811792636488511 0.12104246466513899 0.1710830955329392
0 0.1330507428787146 0.821810725807179 0.09135365824437507 0.10258565260503394
0 0.023862153307291172 0.5841909094294595 0.0383013934267362 0.10323631596343467
0 0.12554998024527722 0.67466389805692 0.08830139342673621 0.10556510339082212
0 0.028749021848402268 0.6089361983045889 0.05054682028847231 0.09288101282028158
0 0.33443205813319377 0.7866779387940763 0.1333969943004168 0.1654152923897861
0 0.7357406382053119 0.7453550020714237 0.10011171561506949 0.14357452564056317