0 0.5285283257110132 0.5898517954004638 0.17379638797200822 0.21736786661563343
0 0.07467850744995523 0.7617758053234767 0.0991730510396184 0.09594385277546902
0 0.16917294603737462 0.8303573675670357 0.09555114357108563 0.10981535178688588
0 0.24281135558049982 0.8452701017497048 0.09268625269929238 0.09256418479069169
0 0.5613380578648737 0.7427247860089238 0.12793851369695447 0.16721135771838486
0 0.6958556904382972 0.7045324248304977 0.11728443361304208 0.129393022737413
0 0.5138682941679192 0.9066572934232976 0.10805114357108572 0.11032468775644091
0 0.6358267271562612 0.8697555182144268 0.10194285352912935 0.0913836867678576
0 0.6334302358788382 0.51080894114212 0.13818892946385705 0.13803319368794006
0 0.7243871226014467 0.48217992235903984 0.1313236228251613 0.150214858706968
0 0.6254125518648109 0.07653468920213477 0.12445831618646537 0.15306937840426954
0 0.5328348881725009 0.06191111509557773 0.10933022365499809 0.12382223019115546
0 0.2325720111981548 0.19925194760509174 0.1356792361025528 0.1254695266917457
0 0.06866287655013883 0.23474773171121127 0.06958063942190076 0.11654551285158128
0 0.2672537419021229 0.25547277270023194 0.1343069128671175 0.16902852570316254
0 0.1944343163869581 0.11669145699663193 0.09207094606059654 0.10500051779449712
0 0.03141317551516482 0.3359574046389047 0.06282635103032964 0.11004084486680368
0 0.155108939412612 0.25536929642622813 0.09521925684847724 0.08487901878308027
0 0.0483611093286994 0.29710315167315515 0.0757355510396184 0.09498884783255317
0 0.3965403454312523 0.16297491349897225 0.14368191286711748 0.1694105276803289
0 0.7692180609883733 0.27084583292944353 0.11430114357108571 0.1105793557412186