0 0.8393637347796818 0.562815815629238 0.09000191567207602 0.12681185079830276
0 0.7664289507905763 0.7980476614846248 0.09644933674699825 0.10369268577927464
0 0.662492608711319 0.8295615997353576 0.08809080517696728 0.09399935079830266
0 0.5744619876928664 0.869000784526049 0.08725634727034208 0.10643568380210837
0 0.294871740182528 0.7315285953239142 0.12040204721387227 0.16702035672980173
0 0.17075867697187863 0.6812487055137572 0.1116038998870605 0.12301568874502422
0 0.2865146666602964 0.9017774283277198 0.10251732622365459 0.10082235376405216
0 0.18046135871131894 0.8492028680613274 0.09379477360693614 0.08487901878308009
0 0.3004594004517579 0.46162993079917775 0.13005006299888783 0.1720898587069682
0 0.20651968465262488 0.45532553406893844 0.10782645250377901 0.1384496877564411
0 0.43267672113139205 0.07097970897379827 0.10561150512049747 0.14195941794759653
0 0.533222752701423 0.06347361509557772 0.10542949459715381 0.12694723019115545
0 0.6086553922063143 0.08119703699750695 0.12126732622365459 0.10158635771838495
0 0.7535737790803696 0.10880608935523414 0.13733194198043536 0.1365343606841345
0 0.718229271329036 0.2606696782905388 0.10517188936371688 0.11963602076024671
0 0.8264428607068703 0.15571824003980617 0.071722352532014 0.10736151384016446
0 0.7939041055157856 0.2326454959713052 0.06509292093374804 0.1273556788591925
0 0.8402638950489116 0.29310815209308466 0.08754477360693613 0.08462435079830274
0 0.9367223951194988 0.36322038083854646 0.05251732622365459 0.09878500988583179
0 0.930024345063029 0.3042592163138099 0.08425317363517096 0.05487318380210837
0 0.23351263708581677 0.24612694760509174 0.10426183674699833 0.10401102076024671