0 0.4708584873488174 0.15239000016917786 0.1387181493475449 0.11591152667183913
0 0.7097028113462722 0.15315450108726178 0.10899428668045381 0.11036315727678296
0 0.7716766473583625 0.24719128563500864 0.10105451734563572 0.09878792848861026
0 0.8350220793682258 0.32494936594039003 0.11686133068109035 0.11568838606495557
0 0.7894941400779509 0.6381191745749022 0.17498291335136268 0.14697007909743345
0 0.7809378474299501 0.7747901271502777 0.13737382535009016 0.1345339809142045
0 0.9456414060311804 0.592598864732442 0.10871718793763918 0.12181084030732112
0 0.9231338907542688 0.7200543139738377 0.12638178134945371 0.1289536606107628
0 0.5414208140913139 0.7162131262321939 0.1939510893539083 0.16725062818904773
0 0.5643412407701771 0.8078425168390773 0.15617836935072643 0.14075203000581915
0 0.13309069342772292 0.7055161606107628 0.16711586935072648 0.14164485030926066
0 0.08976686008113263 0.6044161751546303 0.15596019334818115 0.12200203000581915
0 0.11817038669636229 0.22818838606495562 0.1325045120146357 0.11852634364130096
0 0.0770834047183158 0.3863996277300059 0.14671246268299926 0.13217425546001182
0 0.22416694271163431 0.34923395182646944 0.1875556386855446 0.15424044515850976
0 0.08360503003658923 0.2760998565181786 0.11213746801399935 0.11218074879205205
0 0.2775533826782267 0.10773184910131275 0.10534202800763603 0.06479556576151388
0 0.21734368336249865 0.2323812916747486 0.08862724267981763 0.10401756242753395
0 0.24186133068109025 0.12589204667571846 0.09772952267663586 0.08134533697334119
0 0.18384248205758827 0.43882273924915427 0.11849655601527198 0.1220659318225902
0 0.3579827001113585 0.8487552039525014 0.11228291868236288 0.12468074879205204