0 0.3329948245104519 0.8776782436348267 0.13487479991529544 0.09208101006798622
0 0.10827481654735698 0.8004753915268751 0.10546031570031093 0.09607752583555573
0 0.09176142171020678 0.694479311454757 0.09701077886860801 0.08495818787965277
0 0.06657097688717403 0.6031451434267362 0.11189232622365464 0.09934799620027786
0 0.24665040294141946 0.33196374050069466 0.17070588410204496 0.11788109707395851
0 0.3148228212443315 0.20916332655673636 0.1313703683170294 0.11228440729444455
0 0.0759661766189428 0.3209502392664237 0.11060284200867018 0.10399912860909737
0 0.15421154493597222 0.2132481484607293 0.11390985253201391 0.10719686379145843
0 0.5144826450489116 0.3405445323881602 0.18898544724210709 0.13703114057694457
0 0.5331332054875508 0.24866615691319488 0.15186487884037306 0.11588218597979179
0 0.8935569530684763 0.480795511205348 0.16427387357870132 0.1146106267092362
0 0.8907211084289702 0.583211996387709 0.15591534200867016 0.10505378875333342
0 0.6437888403660545 0.9545375632577089 0.12182876834526439 0.08241506933854162
0 0.8074326533649424 0.7909322709889938 0.14368835779368574 0.109450348023889
0 0.6517741875658095 0.7771392618709381 0.18347889988706054 0.12285953780340293
0 0.75165381924878 0.8889872580712159 0.10849431043863902 0.0945877610179167
0 0.6070770666179441 0.8864045058870145 0.08331229991529554 0.09088087955902786
0 0.514989006179305 0.9701631634205384 0.09784523677523324 0.05967367315892318
0 0.7293524269718786 0.7077547886564244 0.11372784200867017 0.10407186379145834
0 0.745830626562473 0.2770860169049312 0.10618835779368574 0.10857752583555565