0 0.49429167733595325 0.21343588920078177 0.2274251495154674 0.18382796882531946
0 0.8843485947845494 0.21648021764168632 0.11055472376899793 0.1134612024816745
0 0.7915380179331287 0.1428948881923756 0.10038204827463008 0.12363387797604238
0 0.729879252093687 0.11299957458250673 0.10296074505632155 0.11603989926336582
0 0.3856486508528497 0.18838089490076498 0.1798617346647612 0.19294088887180566
0 0.2641889140944015 0.21320021446271858 0.13450567599857094 0.14467835149293878
0 0.489636300368317 0.032031977956371895 0.09885239926336595 0.06406395591274379
0 0.34499043588592804 0.059651374495796904 0.12203852698730663 0.11930274899159381
0 0.4174396002324311 0.21181304106203766 0.1826261017450403 0.21023764951546742
0 0.21390006494725117 0.43206482894510767 0.15634782500983524 0.16797373986054143
0 0.34574710056140723 0.8924128310387947 0.13748856436617354 0.16510011213660078
0 0.667785627548714 0.7563889416627858 0.11506726114786474 0.1557579631253363
0 0.5551931563776058 0.8878735244662913 0.12836493664223275 0.1458038089182921
0 0.6067060159163165 0.7404468674092552 0.1283320856534969 0.16756954827463028
0 0.6718561324923924 0.8649444868353229 0.1124450056999832 0.11825796312533612
0 0.8670914948810946 0.6522702521705617 0.05866444183801249 0.10516810124083734
0 0.7323780052726547 0.7332138855944855 0.10332137797604232 0.0989616599070274
0 0.8557333778008154 0.6701679463543628 0.07418018119435103 0.10469820767745475
0 0.516092087571957 0.7910967134543124 0.13610102698730664 0.12302187278026225
0 0.1382670083747478 0.6464822440479153 0.11702324505632147 0.11702324505632156