0 0.14575617591307108 0.42766618693064135 0.08375191567207611 0.12611112141421188
0 0.1797161340314578 0.19417412985173244 0.08809080517696724 0.09351687622353536
0 0.2800577682746771 0.16337305235440347 0.0784427893919517 0.08850199400955025
0 0.36601838410204496 0.12661215153609684 0.09479583148532651 0.10154763103285877
0 0.663688586605824 0.27110871831847055 0.10900952090551304 0.15817957694917478
0 0.7961517470868154 0.32329375561193163 0.10517188936371688 0.11906251324684387
0 0.6420502630835925 0.10038699055098918 0.09773882096198286 0.09853175843752049
0 0.7622787340738102 0.17007698637463792 0.10489887357870131 0.11437501324684392
0 0.7050317363517102 0.5391965194069297 0.12554457352223167 0.1743502139724832
0 0.7981824968750539 0.5455680596956156 0.10635495776545092 0.13937501324684404
0 0.6360505780780317 0.9292249862474108 0.10864549985882554 0.14155002750517837
0 0.5329633754330784 0.9361681842519026 0.08953147881213823 0.1276636314961948
0 0.2602700571019315 0.840987131665831 0.09937691567207611 0.1266567584375206
0 0.3175967096904151 0.8882093612474108 0.0996499314570916 0.13134425843752026
0 0.30454443089239425 0.7310417019915838 0.112771557737216 0.16922620435383653
0 0.2114153281486189 0.8455183750424091 0.08836382096198284 0.09820437622353531
0 0.07488077574366189 0.6029538744094369 0.051227842008670185 0.10314484736759474
0 0.1888893388131369 0.6997148017214313 0.0869077367752332 0.0732043762235353
0 0.08584066254712996 0.6438789747722564 0.059965805176967237 0.09253472958158007
0 0.3835031597751197 0.8016295097034648 0.1041708314853265 0.10187501324684405
0 0.8091332203549332 0.7603572459932848 0.10380681043863901 0.09562501324684387