0 0.4984738393072471 0.21485804926079227 0.13836236291418338 0.2663261148531283
0 0.8472086149803217 0.9158933592724303 0.10104583148532668 0.10621779121570682
0 0.732341749152954 0.9436293459968539 0.09083637357870131 0.11274130800629223
0 0.6567348044005084 0.9478625770559905 0.09414338410204497 0.10427484588801902
0 0.36551972824744094 0.7622756989515315 0.12848756299888783 0.17688097758022464
0 0.24278090728545815 0.6573972671289414 0.1316279735504664 0.15070111485312837
0 0.37914813069475023 0.9487160389447429 0.08771137357870132 0.10256792211051433
0 0.2579718097327674 0.8514661315230277 0.11353042093374795 0.13367311151914835
0 0.29525345990217666 0.677231277130881 0.1704930524755442 0.17719971303635712
0 0.2704600443006877 0.47849088819098745 0.1378779735504664 0.15121129788366652
0 0.5709110104527565 0.12357908714251906 0.12619702090551305 0.16425343182259017
0 0.8218041944700969 0.34621858806060296 0.1289734104104042 0.13182356909549373
0 0.7782299577654509 0.19881755851382593 0.11425846302712266 0.1461731115191484
0 0.7782585917969087 0.3862059882103842 0.13813557878390342 0.1823337521260319
0 0.8809524103398172 0.2670729641236189 0.1013188472703419 0.11090529121570665
0 0.9843276748094146 0.5312945739757774 0.03134465038117078 0.1066962812137671
0 0.890151647044463 0.41166798700243623 0.09801183674699843 0.10752519970043757
0 0.9774633892931297 0.5068845053393256 0.045073221413740684 0.10210437606301603
0 0.6924737392648949 0.27501365457102284 0.13549642619541977 0.1370212521260319
0 0.40625624722798975 0.18011664531798924 0.13422089448421434 0.2753184775802247
0 0.734388952503779 0.19368377730005895 0.1277749314570915 0.13794602333785919