0 0.5145586510727607 0.917708845616465 0.1344146947351897 0.09903588217054278
0 0.2743329551564447 0.8914014597452941 0.1032738221398514 0.10015829117755644
0 0.22100456931426252 0.7928848141565158 0.09664187622353533 0.08882027297895938
0 0.16504225679305798 0.7082304094684388 0.11130457694917481 0.10690893892580319
0 0.2418204892850448 0.4068064142488009 0.16971727767481418 0.127801232262828
0 0.26444447903342577 0.273402431367664 0.13049108656782166 0.12061049352159499
0 0.07753229999215079 0.43447393198597284 0.10828870435383649 0.1098336798265045
0 0.11917910825218603 0.31008400370062783 0.12251489546082905 0.1154223457733484
0 0.49963050008481796 0.3562904842654128 0.1875049784004535 0.14609015730897051
0 0.48469249164729755 0.263352012643043 0.15096727767481416 0.12659967766703611
0 0.9084524285779387 0.4113305467238857 0.1634127139724832 0.12583821406423076
0 0.9320659994518458 0.512401693392398 0.13586800109630842 0.10648743676633483
0 0.8079316504397884 0.8141272748246605 0.09675100362819711 0.09194527297895938
0 0.9322743471359267 0.7293691478959049 0.13545130572814656 0.1147610117201923
0 0.7814212249418925 0.746950266805096 0.17284227767481414 0.12800149136212688
0 0.9147272874630972 0.8365610842008143 0.10796132213985103 0.1004586798265045
0 0.7046132213985136 0.9749288082179779 0.10659722958158006 0.05014238356404412
0 0.7754118163190376 0.8650494247323754 0.09066469473518968 0.09623225478036197
0 0.7184301847380247 0.9692795855158739 0.09760417549789598 0.061440828968252245
0 0.8198810350160264 0.6652286998708031 0.11788195916315977 0.11668445712440043
0 0.695292685749515 0.24488831662052596 0.10688989546082901 0.11442105027685516