0 0.5344579859987744 0.8726703410535915 0.13340330517696727 0.09435305674305994
0 0.29328695442874325 0.8702968134734845 0.10702281570031094 0.09670516693047446
0 0.23851688346676045 0.7764164328320989 0.0987552893919517 0.08866534639736087
0 0.1765713493364806 0.6937008727238267 0.12328485253201386 0.1080973079967011
0 0.2509673206796341 0.38554974043308854 0.17263240514873238 0.12513169530200416
0 0.26965786554501914 0.24962060062050298 0.1314613735787013 0.11457462852981451
0 0.08518269695975848 0.42793713189502675 0.10913134727034204 0.106125631037097
0 0.10947079444186206 0.30749659976257315 0.09452281570031093 0.09634145407749281
0 0.5103353444277446 0.3107015384671668 0.18576944198043535 0.13643290815498563
0 0.4901222839891055 0.21894594748008225 0.1533363735787013 0.115211126022532
0 0.91496193124533 0.32475304895851503 0.16105786831702956 0.11387594655564541
0 0.9357309156014889 0.4215454809326841 0.12853816879702223 0.11066001834240002
0 0.9421664142507773 0.5031364617323542 0.11566717149844549 0.1251029515702104
0 0.9366097826031003 0.6438978540522223 0.1267804347937993 0.11815426959604132
0 0.8004638756448397 0.683373194181377 0.18605786831702947 0.11460337226160835
0 0.9229751834526431 0.7713696361846758 0.10382222099021768 0.06853470282385157
0 0.8348990598033545 0.7371514120489234 0.12468075256024883 0.07850073620994635
0 0.8029734965927051 0.7936431044479336 0.09434080517696727 0.09321645407749272
0 0.8400654309629815 0.6243104312492532 0.15544490514873247 0.12463159012915455
0 0.7347676550781452 0.17348136863369862 0.1535183841020448 0.118336126022532