0 0.6630793747124659 0.8379594594207231 0.11101546086541685 0.2730931493475449
0 0.13824945488149326 0.23513916335136278 0.09433318787965286 0.09326019867918126
0 0.23732142809600706 0.162874359365044 0.08684799620027786 0.10723179201145401
0 0.31175773043270844 0.13952831337522534 0.08986389342673622 0.10258065467854491
0 0.6249318372903128 0.23924014875076888 0.11940722948277802 0.16384541868236296
0 0.7577268067051044 0.27358897143535893 0.11072190729444457 0.12625451201463572
0 0.5859933578075347 0.07633106874599635 0.10247299620027786 0.10741360534690847
0 0.7062701434267362 0.10975319076222287 0.09734908510611114 0.08860906134627214
0 0.6864376074262852 0.49926058609163215 0.1340152433504862 0.18744655068427196
0 0.7746097546527434 0.49560033143694976 0.12369468597979179 0.14671246268299926
0 0.6538147839067716 0.9097071900859053 0.11617312670923621 0.1591215560152719
0 0.5614460991612507 0.9309885600334076 0.09865831838861112 0.13802287993318493
0 0.27189067704916736 0.8091953760343621 0.13314242116215294 0.1499465506842718
0 0.0910751285121881 0.7250823633434086 0.05403549620027785 0.10684998400699967
0 0.3037751502636811 0.7361487747055891 0.1256935970739585 0.16548064401654478
0 0.22427210106111187 0.8773726640276805 0.0867388934267362 0.10254429201145392
0 0.070815873478195 0.6600204373408634 0.049238893426736194 0.1021079400063634
0 0.19216550303722285 0.7395363093570898 0.09095361474138897 0.08228633601209037
0 0.0873682470532992 0.7000460006763177 0.06773432028847229 0.09138861600890866
0 0.42690548536979234 0.8250578280553611 0.13525043502986128 0.17340223201781732
0 0.8083528942797574 0.7037491861075404 0.10857752583555573 0.10123633068109025