0 0.6627838615103477 0.6130503492524838 0.23713893692972227 0.1296661910658786
0 0.8707710141520488 0.261410882336645 0.10541615824437507 0.10324062406898663
0 0.9079463186729516 0.38332442369297387 0.11918771751493082 0.09139559553293938
0 0.9207021982319794 0.4619588459427149 0.11613545269729145 0.09437504631872748
0 0.7389852984400701 0.735220755786459 0.17536628875333343 0.15800520678164426
0 0.651487258071216 0.8318174658778723 0.14520601006798622 0.136309989246633
0 0.9364960780753477 0.7381767435853501 0.1161354526972918 0.09437504631872748
0 0.836770794640348 0.8459100068199163 0.12921733415618064 0.1199572431755744
0 0.7172551155944104 0.7068945485905299 0.18339699430041687 0.16774407981717374
0 0.4620786127446187 0.7746106257216164 0.15003898043270852 0.1427783130679508
0 0.09005161027607674 0.4154666422659517 0.159123039703264 0.13071496071058566
0 0.3056902215989932 0.19138924917143046 0.12809124525034737 0.13863446856846856
0 0.15489144101378488 0.2171426122821623 0.14476959897381958 0.11755998924663302
0 0.3442812493344099 0.24001083974197107 0.18157992116215294 0.15673380521006772
0 0.21829801795177092 0.12488664578060833 0.10857752583555565 0.1049486732831983
0 0.47260235182361116 0.05322793134596894 0.10588763050895836 0.05643839867609244
0 0.36611792211208344 0.13879509615211186 0.11162979065319459 0.10196922249741003
0 0.45000065321038196 0.054516449542934 0.10000130642076392 0.07177230024766904
0 0.2254059223964239 0.32968330769126714 0.1815071859797918 0.1536088052100677
0 0.21144217989895892 0.7356229385846792 0.1451696424768057 0.13474748924663302