0 0.20952610579549766 0.46144272701423594 0.27193316162790726 0.10461999050069473
0 0.23262963217054294 0.1260312506655901 0.10288277297895929 0.09600479065319453
0 0.17545628469915156 0.22281663810840263 0.11145673658176473 0.08372299620027786
0 0.15956927128091627 0.30455760058934017 0.09749436613141405 0.08495818787965277
0 0.2716825516611312 0.6133494127096872 0.1697093275747511 0.11628222948277803
0 0.3137873133813235 0.7453800094993053 0.1319089389258032 0.11072190729444457
0 0.10854220156884611 0.5827202746012846 0.11422079117755653 0.10250936379145834
0 0.14515842689184383 0.7023599741644444 0.0967329025286086 0.09742182028847228
0 0.5323685302233314 0.6643981939604857 0.19747338217054294 0.13565047853284734
0 0.535531905454044 0.7503902453472566 0.15322273442229636 0.1268196859797918
0 0.9301175547480629 0.6110107822976382 0.13976489050387428 0.11933449430041669
0 0.9432946267718721 0.5088664008387492 0.11341074645625575 0.1174083183886113
0 0.8056642188445927 0.2284911826582285 0.13331075262089379 0.13259690729444457
0 0.9331954838824293 0.2982016577726034 0.13360903223514137 0.10625261284152784
0 0.757636531459949 0.2726418793715966 0.1539841980251019 0.11435605357097237
0 0.8864042766795871 0.18201426653006872 0.10520673658176456 0.08357752583555564
0 0.6575609785622002 0.04181141309093695 0.10320414558877822 0.05232752583555563
0 0.7588707595607239 0.15759810762010357 0.08695738433001132 0.09095361474138897
0 0.6855555706349208 0.05133123024527721 0.09463018198597287 0.0646093202884723
0 0.8368314805647851 0.3607763525861104 0.10654799352159508 0.12885365824437506
0 0.7492532464470305 0.7767124367422911 0.11462130937615385 0.10875936379145834