0 0.45016812719806076 0.8142510144729114 0.23191561867597627 0.16338621960192584
0 0.8352427894404784 0.9030289939996348 0.1107025468904336 0.10480312406898662
0 0.7154281195243909 0.9348161873418249 0.1005938410815748 0.1152312018192454
0 0.639102417864717 0.934375231593638 0.10215634108157481 0.11530397642635144
0 0.3590919186899095 0.7321597983856423 0.1425930095477696 0.17635279238978613
0 0.2364580568624104 0.6548267028527028 0.12881392946385706 0.13834337014004525
0 0.35373268031227156 0.8977291404039249 0.11801813942190079 0.11915672249741008
0 0.24377641724001703 0.8233219917278323 0.10878484937994448 0.10004284946188084
0 0.36552655976219545 0.4677719667064418 0.16179329544054094 0.2037158130679506
0 0.2772094209649946 0.44263922601206673 0.14285311867597628 0.15923806699689197
0 0.5036946076783142 0.10286621236321558 0.1386392153566284 0.16526974317557444
0 0.6044758576783142 0.10756017452154339 0.12722811867597628 0.15851032092583345
0 0.8565515336176862 0.352070115587422 0.1339983369323897 0.12457196856846853
0 0.9866865516643184 0.47030219292339626 0.0266268966713632 0.11192211124870503
0 0.8026695170209468 0.3807002297316111 0.1491982070582587 0.18133139081820956
0 0.9154161255244535 0.27618401178231505 0.10035704274124839 0.11210620181924558
0 0.988746881748231 0.5428856683162904 0.022506236503538092 0.10723461124870504
0 0.9111691012540442 0.41533640301480945 0.10206125269929238 0.0935017510334573
0 0.9836090958554596 0.48340150640563156 0.03278180828908077 0.09509848428423436
0 0.7020873313333125 0.25534916521591844 0.16096450124939993 0.19277831306795062
0 0.29908073050347544 0.23813581658260724 0.12235044191141169 0.11468754631872757