0 0.15013387604435474 0.5895958212532296 0.08784219269935693 0.1287443661314139
0 0.21899525847731907 0.8186033983665555 0.0945723537640523 0.10268251387966068
0 0.32248501440881816 0.8401699128645248 0.08494268577927463 0.09583173658176483
0 0.41704543931367793 0.8732747046603905 0.09989652372599625 0.11860790252860838
0 0.6920560736866276 0.7021263857235125 0.11755886760421674 0.1696091980251019
0 0.8171714788198239 0.6392783274270928 0.1095261917107738 0.1254586798265045
0 0.6974651097699134 0.8733202652731616 0.10082235376405216 0.10308303207825772
0 0.8053293479069155 0.8100111320228847 0.09243685079830266 0.08851988433001132
0 0.6918836828507062 0.4287692288759672 0.12731586958138302 0.17958497532299772
0 0.7854426818621231 0.418073955897008 0.10573002965749527 0.14703329117755662
0 0.5674368507983027 0.062384874307862014 0.10298703163466154 0.12476974861572403
0 0.4654923488211364 0.06017033467146495 0.10285969764227279 0.1203406693429299
0 0.38935827174882987 0.07844306601144234 0.11989068874502422 0.11209708667404976
0 0.24775836216700925 0.12119866980435523 0.13203786167271767 0.14248549352159498
0 0.2847211457788372 0.2786211435861935 0.14673703163466154 0.1590116594684389
0 0.15504162155854942 0.17178775755813916 0.06950868676785786 0.09951794108527148
0 0.1946081403416297 0.25854727791620474 0.07196252471457934 0.12149307063492083
0 0.15036073323126709 0.30681359963085975 0.08899351581733077 0.08050712523071261
0 0.22369612106425785 0.165038307373569 0.10739068874502422 0.11129605027685523
0 0.7603803789729232 0.16824393661867654 0.1121710306460784 0.15212130937615384