0 0.7616932553753628 0.7823560515742021 0.24254454274124876 0.11326763867708359
0 0.24303775974826225 0.11835518218006966 0.11058414772027055 0.10083776101791675
0 0.16358521285782873 0.21668227298576404 0.12081125269929238 0.09171733415618064
0 0.11991680061541114 0.2868850170018404 0.12081125269929238 0.09171733415618064
0 0.17558092446625762 0.616101697947639 0.18300452199532424 0.15087543502986128
0 0.19507444043829722 0.7409932483844793 0.13927783278320494 0.12958101006798622
0 0.028889981529160703 0.5401717115310071 0.05777996305832141 0.0897184230620141
0 0.05606686555247672 0.6827053568576043 0.11213373110495344 0.11700827488562507
0 0.2003208153380509 0.5994597118153474 0.20125761452679142 0.16533797853284735
0 0.40826060205601483 0.767868792171806 0.1603007278041831 0.13942878875333342
0 0.8809913974965559 0.581649496387709 0.16247853444287905 0.12700152393569475
0 0.7813754414872044 0.2850628242756256 0.1361528327832051 0.12950827488562505
0 0.9025624346387271 0.369276782956841 0.14903134108157481 0.11421058320625015
0 0.7281786638928027 0.32608656135784786 0.16380423610255299 0.12391289152687515
0 0.8813404753053835 0.25686704872441046 0.11382754689043324 0.10247299620027786
0 0.6769992852680715 0.08228070355031307 0.10883147095570589 0.057124128609097324
0 0.744811902069948 0.20986214931375063 0.11359074855010753 0.09934799620027786
0 0.6988267410769303 0.09374553362243114 0.10364706348717298 0.07104115824437507
0 0.799649076960413 0.44670949230364654 0.19117221950581326 0.15574477298576409
0 0.634703780270472 0.8263580118709382 0.10996884108157463 0.11330139342673604