0 0.07936153795994452 0.5618994686505462 0.08519409084927707 0.12432838534372674
0 0.10187105044519167 0.7981636853119101 0.08914961733238065 0.09158861067790873
0 0.19997541467547916 0.8352722392982288 0.07944683540139544 0.08679202267663584
0 0.28368949697478146 0.8772319252864567 0.09594592055068932 0.09947383601209055
0 0.5869615984677202 0.7488047439131403 0.11081680372251182 0.15585110534690863
0 0.7212162661684179 0.704308761895323 0.10652278763096845 0.11677042401336309
0 0.5578646883085912 0.9193172385821402 0.09885239926336595 0.09638519867918127
0 0.6809304837332297 0.8562167072326865 0.10619500569998319 0.11208292401336309
0 0.6406921578902152 0.48277066390836787 0.12753441015912906 0.17165791868236296
0 0.7336609078902152 0.4816888745624139 0.10794317599857095 0.13708292401336308
0 0.5906471433112811 0.0821172305856401 0.11037976114786474 0.14960110534690846
0 0.48950526039156017 0.06884353630252414 0.09119271857321784 0.13768707260504828
0 0.20738689305917957 0.15995461330363775 0.10372556956195356 0.12142156134627213
0 0.2725473533345242 0.11001770062859266 0.10114687278026224 0.12919769867918124
0 0.2514104086465198 0.26716712929663805 0.11459736758448218 0.16526246801399935
0 0.16451097820847344 0.14796369064291018 0.08947739926336581 0.09627611067790856
0 0.020812931610940655 0.3823034226607276 0.04162586322188131 0.10205339600572697
0 0.1349823793134247 0.29115970731222823 0.0877292289647781 0.07127611067790855
0 0.028197147750756556 0.3447034253262276 0.05477461733238063 0.09118862133990877
0 0.33328847535848183 0.20142340328613856 0.10532092055068931 0.09958292401336306
0 0.7549342463937038 0.2667723992282321 0.10488387797604233 0.09333292401336309