0 0.8673239754900468 0.5505642250092306 0.2624504146981227 0.14933387569213802
0 0.8109251202330856 0.20786678284422502 0.0936260036281971 0.09174501387966065
0 0.8480927927357567 0.31236331816168544 0.07821925843752062 0.09699371838316742
0 0.8884573871081265 0.39679767735326915 0.09173612141421188 0.08226988433001133
0 0.7794842135091472 0.6914815168050961 0.15828870435383652 0.1130378254152827
0 0.7386459371002774 0.8167027598652659 0.12062501324684387 0.10594721622369922
0 0.9584772212288776 0.6849973866371378 0.08304555754224481 0.10504605027685514
0 0.9078398812024948 0.7955856307770418 0.08904763103285873 0.09456962523071262
0 0.5188840194069296 0.7067410672388348 0.1837252139724832 0.127139898209672
0 0.5171702411839614 0.7915969285898868 0.13992065027015244 0.12277377081949101
0 0.10750752058805606 0.6008696900055372 0.1567262043538365 0.11293769586563336
0 0.08660968882955787 0.49351826495939477 0.14233632213985137 0.10266152991878955
0 0.27678822241000384 0.2250848473145079 0.08312501324684396 0.10354410703211539
0 0.11149309382421577 0.29088342072720585 0.1360317584375205 0.10069851172019231
0 0.2992014249497418 0.28654278145994905 0.16163195916315995 0.11948808451458141
0 0.15985369355406326 0.18017526064045813 0.09776786660488854 0.0764204025286086
0 0.391371533665264 0.06873232263750562 0.0995833377489479 0.03912066162790722
0 0.2976165883819202 0.17419297578442305 0.1013293762235353 0.08912066162790722
0 0.36661707032575286 0.07416149984311649 0.09387897477225655 0.05434514342930994
0 0.20847971042910424 0.36725375848098973 0.09304565027015246 0.11976988433001132
0 0.30664196895144274 0.7897981893872285 0.09858632213985138 0.09985790252860874