0 0.8927276807367696 0.44921472093248394 0.09215223201781733 0.13811715186945542
0 0.8853713561027681 0.6906093155385435 0.09493178668045381 0.10866645020978147
0 0.7898503181094495 0.7471096145035695 0.08546588001272663 0.10014355518880329
0 0.7107809834499946 0.8062729721818837 0.09812951201463563 0.11515324855010753
0 0.4011690787714498 0.7421568082890809 0.11911472135581716 0.17450493776222692
0 0.26569465543440446 0.7250545865081826 0.11397268801718105 0.13508724025173766
0 0.4406053907940396 0.9057214782051684 0.10434314934754489 0.11250184523075965
0 0.3167224481221762 0.8767937626480473 0.10432496801399935 0.11093934523075966
0 0.3309543867361332 0.487091722606091 0.136502216024817 0.1929948286340201
0 0.23890324673772403 0.5057960236457094 0.11577154535327183 0.15551813942190068
0 0.3519993993475448 0.08063775321213498 0.11433631468808994 0.16127550642426997
0 0.45087270401018137 0.059904105804214444 0.10487040802036271 0.11980821160842889
0 0.8766277766947714 0.1407869142937881 0.06221019334818116 0.11399256763635793
0 0.6713670173456358 0.05750513868534353 0.1094670013526354 0.11501027737068706
0 0.7043806066995439 0.18902627259680224 0.12394767202418074 0.18736013527271583
0 0.7802062153484993 0.05432584418185239 0.09653064934754489 0.10865168836370478
0 0.956043651376498 0.24580445578563687 0.0429329346753633 0.06725927759440165
0 0.8208959447008166 0.18958053441965694 0.09155224801081766 0.08655465186945537
0 0.6154993726925443 0.14415332571101308 0.10437951201463562 0.11562684523075961
0 0.20359990404199807 0.29421990621913297 0.10897610534690845 0.10816954274124865