0 0.7204596738187501 0.8677946132830303 0.10797079117755662 0.10059087334017533
0 0.5981946476005884 0.8975634056338997 0.10019786397194572 0.1255363311856975
0 0.5211815646271664 0.9041492280389984 0.09693316162790708 0.09896474082661796
0 0.2608214628368383 0.7228800055591449 0.14060162091177603 0.17106699980360815
0 0.1488709777962331 0.6526715238077134 0.12559838217054295 0.13193177693097127
0 0.23521378624953632 0.8907623971478884 0.1150218275747511 0.11312723477649342
0 0.1341507364341064 0.8213987979100142 0.10434514342930994 0.09276019262201593
0 0.3012809862772229 0.45739136094533916 0.15616606415651582 0.19458631303532486
0 0.2150326056478394 0.43735105083688053 0.13627506631598416 0.15229881908544912
0 0.4847872077427093 0.08175607757146015 0.1335505845145814 0.1585306383672898
0 0.590005633868586 0.08627592680933435 0.13208821406423077 0.1600840480082102
0 0.8106430991694344 0.3142065258508168 0.12908432757475125 0.11320904800821019
0 0.7860610086378733 0.17338608313060505 0.13501295496493207 0.1569772287263694
0 0.7514287854743439 0.33574518256487096 0.13707610271317866 0.1647988190854491
0 0.8776687153008484 0.23175309503446168 0.10212130937615385 0.10680451190385669
0 0.9382407657345873 0.4939218178089028 0.050158291177556436 0.10025453005422928
0 0.8569383058324096 0.3723099173413646 0.09925712523071262 0.0864829215447771
0 0.9346546907807298 0.4767070467316639 0.06840764342930968 0.09255111436318479
0 0.6957178084533032 0.24163611338122606 0.12253393892580319 0.10848518657189174
0 0.2615430675526018 0.23598399355709235 0.12157221622369914 0.11785109621281205