0 0.14937803878243797 0.39813293408792755 0.0942966338757694 0.13478379465362345
0 0.20526843340079956 0.17162291297065296 0.09570200361804462 0.10215330517696727
0 0.30864573891872354 0.15272026550266687 0.08451884215265544 0.0968287683452643
0 0.39833235866099875 0.12523157331047002 0.10244332654882307 0.11189232622365468
0 0.6856320420617983 0.3016322625188951 0.12414126413349429 0.1692343893637168
0 0.8121403103791639 0.36741542819097117 0.1142815852552503 0.12971686305535757
0 0.6782688421526555 0.13141076778056696 0.10540455223856356 0.10894933674699833
0 0.7940000627540131 0.21448014399010415 0.1107471494796016 0.12172235253201391
0 0.7004569391665507 0.5696465151497311 0.13926829715018094 0.19036593671876362
0 0.7924773428300238 0.5866890729575343 0.12159611827193721 0.15039338410204497
0 0.594284340793859 0.9349909510824803 0.11912621551297527 0.13001809783503937
0 0.4914050022592482 0.9365576682323248 0.0999667797373263 0.1268846635353505
0 0.2128761312737776 0.7180505919380831 0.08764384215265535 0.09701077886860805
0 0.2794129353213635 0.8730257892507775 0.11329229534115867 0.14056335779368573
0 0.2851196234718615 0.7292680839749881 0.11024918249628843 0.1419438472703419
0 0.1767106592020817 0.815638952503779 0.09594766508343384 0.10684080517696729
0 0.06410003731209993 0.5691896157567806 0.05524077792830413 0.10291216837349922
0 0.16757359735257968 0.6710166972421072 0.09578389077317437 0.10371580517696728
0 0.07276238636216024 0.6304456341726322 0.06248006784239586 0.09242969468185827
0 0.3562852945481892 0.7793660654885495 0.10745837516934217 0.11841534200867017
0 0.7849049395052351 0.7988782598174721 0.11149077792830404 0.10618835779368574