0 0.09730418765204622 0.602937971505869 0.18805451190385666 0.10513895861557021
0 0.1330887141902341 0.22813604534115867 0.10369769262201593 0.10384205223856358
0 0.09801375654110353 0.34664702792830415 0.11458065046753821 0.09504026232447185
0 0.0733223078689634 0.4266277770237929 0.13960792154477705 0.10103795680654781
0 0.2788081968254284 0.7031028250784852 0.15383404800821018 0.12989994120271575
0 0.3922343716898552 0.818455587402957 0.11478972872636942 0.13097776232447195
0 0.07641444985049049 0.7010921884891822 0.11299087939029936 0.0902708751693421
0 0.16872869399675802 0.8184644742194024 0.10531473477649364 0.11329893939369348
0 0.3526724228213233 0.7679299649471483 0.17126698770335996 0.17298819990914288
0 0.5510781065645446 0.7837983836486269 0.14766586123992678 0.14363489258219672
0 0.9155734403825206 0.4598274536387292 0.1632181383672897 0.13195376413349424
0 0.7051909731672245 0.21904424411864784 0.13042381908544912 0.13335913387576942
0 0.8479915515242515 0.25544316881302015 0.14283291549465282 0.11838923111680746
0 0.6611500816766768 0.2667514037750148 0.1773533612399268 0.14519074852966193
0 0.7837068586076481 0.15595110187513544 0.10683178298109564 0.10556832654882316
0 0.5216977379979475 0.057819059813337126 0.10493293969514976 0.047673939393693375
0 0.6383534519917898 0.1553668464480685 0.10367951190385671 0.10071705223856364
0 0.547465352459328 0.06151394787297802 0.09881929508134384 0.07078389077317437
0 0.7615268106976337 0.3415643752808838 0.1272988190854491 0.1331953595655099
0 0.886781340751863 0.30436534769126394 0.15988406010845857 0.09585248982323469
0 0.8196983798812788 0.2828754500206846 0.12253859621281213 0.12044969810012063