0 0.07606846517402846 0.34454222898199094 0.11527226842611091 0.11242067049962942
0 0.12383060485370412 0.20624185513652807 0.09556536116879613 0.09984275805851832
0 0.2312322932137966 0.1394754372287968 0.08667837672018494 0.12232335080120356
0 0.3086245613570836 0.10557003746435248 0.08904195909527761 0.09617095391148131
0 0.6074147929309727 0.181764933222779 0.12488100574944419 0.1690807736099072
0 0.7363019190855098 0.20615119561662185 0.11535018086722211 0.1310339694628702
0 0.5938484533458335 0.036028517011991265 0.10562386635259244 0.07205703402398253
0 0.711524677426852 0.04628747153560324 0.09644435598499985 0.0921669590952776
0 0.6321052687554176 0.4400955516016217 0.13915811922731453 0.19048688190398125
0 0.7230720213473157 0.42826064146958476 0.12167809330833315 0.15019407257314796
0 0.5395317491980111 0.8513351394433345 0.11964670160240712 0.16242067049962933
0 0.4329304346833814 0.8823691089062047 0.10958819641861087 0.15378796427907382
0 0.14969614406148296 0.7435669064088429 0.09169806738935167 0.10880765494824055
0 0.21521525438180727 0.8719564550892598 0.10292809330833305 0.1485536601320369
0 0.2208972008004181 0.7272591097546764 0.11134618605101831 0.13843636635259243
0 0.1171680251169924 0.8495236719602317 0.09298716531583313 0.10581935598499977
0 0.009847080089259823 0.6329888657869446 0.019694160178519646 0.10341752591898139
0 0.10284026790694582 0.7120038395851391 0.09290925287472208 0.08720605702175917
0 0.015833594203287633 0.6612116106031483 0.031667188406575265 0.09683533524981466
0 0.2981534764365756 0.7569377563615748 0.10589726842611089 0.111600464279074
0 0.7234746881237514 0.6274698295468534 0.11269407257314797 0.11839726842611106