0 0.4941164184261003 0.12771610385270124 0.13606595941492117 0.10078491316955059
0 0.7347823287345259 0.13237382627259414 0.10481595941492117 0.09987563103709696
0 0.7878470531669807 0.226933820004388 0.09837504464226861 0.08875627461060623
0 0.8435282629889388 0.3059370098961159 0.11271028003177222 0.10479045157021041
0 0.7661985551988708 0.6163456609914725 0.17093188311602708 0.1299101235152495
0 0.7442808705407161 0.752496109658689 0.13173301542127547 0.12096102084968248
0 0.9318605113673811 0.5742671242401653 0.11122960064862326 0.10943248746358769
0 0.8929326047124034 0.6997612177345325 0.12071369480442443 0.11595527210332364
0 0.5093252179429284 0.6893810295586642 0.18998189204448082 0.14764319279472177
0 0.5241359659143334 0.7812646526782023 0.15210006249917604 0.12467705423577727
0 0.10082692532925448 0.672023415676833 0.1646000624991762 0.12504076708875883
0 0.07242571753424357 0.5710004732778227 0.14485143506848713 0.1044554824490227
0 0.12303057670593098 0.20602634263643718 0.12989778003177213 0.10529055674305984
0 0.0751134537361735 0.3539266335443794 0.14574096834337483 0.11824519780928675
0 0.2273441554404568 0.3200554018867795 0.18351370373287823 0.13496133636823107
0 0.09345612500164764 0.2434665066639176 0.10950345941492108 0.10001202335696498
0 0.3042414407472347 0.07920073284473417 0.10712275324641088 0.0530915592503423
0 0.2317470576312075 0.20215484804671352 0.08442163879807003 0.09459709765100213
0 0.26878518181878097 0.09536529044572384 0.09495003571381497 0.07147784639736088
0 0.1781196769508123 0.40851249663478767 0.11438187418757347 0.11108591567683308
0 0.31165355682372387 0.818854266230829 0.10818642126547413 0.11402905925034226