0 0.46640625 0.41784976514576044 0.16875 0.1496428798517325
0 0.16328125 0.8119519068935744 0.09375 0.09858632213985138
0 0.1125 0.6929910865678217 0.10625 0.08652283175849824
0 0.10078125 0.6160193588003402 0.1078125 0.08813989546082901
0 0.2625 0.3372917019915838 0.1625 0.12129962504240907
0 0.321875 0.2159276226801563 0.125 0.11217759618646843
0 0.0953125 0.33145338584218226 0.10625 0.10371033175849824
0 0.153125 0.22253474282842384 0.0875 0.09836806733052794
0 0.5296875 0.3458408450901601 0.1890625 0.13785220798203354
0 0.54140625 0.25796882285764156 0.1453125 0.12538692431676957
0 0.92109375 0.4860715525240395 0.1578125 0.11801093393541642
0 0.92734375 0.5862898073333629 0.1453125 0.10663692431676956
0 0.7203125 0.8368726167745246 0.109375 0.11631945916315978
0 0.62265625 0.9802430938242157 0.1078125 0.03951381235156859
0 0.68359375 0.7816841197697494 0.1671875 0.12771331614940173
0 0.80546875 0.8953150885515562 0.1015625 0.08792164065150558
0 0.5578125 0.9791518197775986 0.103125 0.04169636044480285
0 0.66484375 0.8911856053417792 0.08125 0.09189981252120454
0 0.61015625 0.9762822801218849 0.0890625 0.04743543975623012
0 0.79609375 0.6793627063375711 0.1875 0.13936014427970278
0 0.75078125 0.28090535896997626 0.1 0.10974207694917482