0 0.08931978346048511 0.6402045188831925 0.10940643515657004 0.13953389077317446
0 0.16255076299756382 0.8580703703081021 0.10711061151914843 0.11140889077317447
0 0.2684978740576703 0.8657423501817142 0.09866038273097573 0.1031869549975255
0 0.35961721057196955 0.8835263144514938 0.1123082945496865 0.11790455223856355
0 0.6359239743669309 0.6815699095448253 0.14046498758216436 0.17694535956550989
0 0.7596960563393024 0.6042936793325291 0.12946384364130098 0.1374734237898611
0 0.6431790096635839 0.8499956829505736 0.11686824879205204 0.116587713703953
0 0.7574325704241279 0.7654392192466208 0.11466802000387925 0.10869332654882306
0 0.6318892760436192 0.4165147976044662 0.16074553667377883 0.19667800542706698
0 0.7242361437716855 0.3906715926069406 0.13580943849054988 0.15803158525525038
0 0.49980893923945596 0.06719638681644549 0.13163212152108805 0.13439277363289098
0 0.3948025748453697 0.07102959435816242 0.12512703000581898 0.14205918871632484
0 0.08832994999030166 0.2520803991409174 0.1059943927329154 0.15491322930778512
0 0.18662367090256657 0.1629150005658269 0.12448930121764631 0.15277087516934212
0 0.19827916377556484 0.31555199966131575 0.13166407242947367 0.14536781094499088
0 0.08581072787008878 0.2257635606063066 0.10736570303441748 0.11453389077317437
0 0.00025586514299237557 0.48261110413844294 0.0005117302859847511 0.06290279172311415
0 0.08723022241007698 0.37038001978770374 0.109055748792052 0.11617827792830412
0 0.26722022453610894 0.23337026345612566 0.11686824879205204 0.1165877137039529
0 0.6998572524158959 0.184247852217879 0.12091802000387944 0.10902087516934214