0 0.11953125 0.5703125 0.07421875 0.11953125
0 0.1625 0.8078125 0.08203125 0.09140625
0 0.26328125 0.84296875 0.075 0.084375
0 0.35234375 0.88828125 0.0875 0.10546875
0 0.64609375 0.753125 0.10078125 0.15
0 0.775 0.709375 0.096875 0.1140625
0 0.63046875 0.92578125 0.090625 0.09140625
0 0.74453125 0.878125 0.08359375 0.07890625
0 0.67421875 0.484375 0.11015625 0.1640625
0 0.76875 0.4859375 0.09375 0.134375
0 0.5953125 0.090625 0.09453125 0.140625
0 0.49140625 0.071875 0.08671875 0.14140625
0 0.41328125 0.0953125 0.10859375 0.096875
0 0.2765625 0.1171875 0.08984375 0.13046875
0 0.2609375 0.27109375 0.090625 0.16796875
0 0.15859375 0.16171875 0.05859375 0.0984375
0 0.20078125 0.24921875 0.0625 0.109375
0 0.1515625 0.29609375 0.08046875 0.0875
0 0.32890625 0.22109375 0.08671875 0.1265625
0 0.77109375 0.23671875 0.09765625 0.13359375