0 0.7561516083532209 0.12640105269284888 0.1427012303552928 0.08541295680654794
0 0.8759226069054786 0.17572826605811748 0.10770980024766885 0.10384205223856365
0 0.9159012516526299 0.2942392486452629 0.12133565260503403 0.09520403663473136
0 0.9357770461115852 0.37570061058562204 0.12844590777682968 0.09815861827193721
0 0.7601094398230244 0.6485593357095356 0.17584337014004525 0.1276756999091429
0 0.6512867115346461 0.7670370980340075 0.14190501778268044 0.13524918249628842
0 0.946886905188677 0.648684409206141 0.10622618962264596 0.0902708751693421
0 0.8531766972666224 0.7635049050222695 0.1318022717116218 0.1191328595655099
0 0.6923804383752823 0.7077130076903744 0.18660108767505648 0.15785452283992144
0 0.4796813852321291 0.7313906043655856 0.1533519400324213 0.14675989258219674
0 0.10202499627594634 0.4081599807781231 0.16988446856846862 0.1335981512886239
0 0.3044992171207265 0.164951134102912 0.13743584160399785 0.13969102103089917
0 0.16142345926284368 0.2037756959524141 0.14735449710451584 0.11838923111680744
0 0.3194007791552198 0.21585853686187403 0.12406254631872767 0.12028592378986114
0 0.22097393362228052 0.10354332259209424 0.1109075748547749 0.10556832654882312
0 0.4756014675350113 0.01353413726870106 0.10494436517764641 0.02706827453740212
0 0.36590544396136276 0.1045625107425922 0.09342897642635144 0.09841756784239583
0 0.4522731294456701 0.021508750565826885 0.10142125889134021 0.04301750113165377
0 0.25136356265366583 0.2852094024202777 0.1341652923897861 0.13640224672063966
0 0.42552869292790546 0.01858514642738391 0.1229323858558109 0.03717029285476782
0 0.1733819578151016 0.25875312302163556 0.15396837014004516 0.1265292797373264