0 0.6791314536141456 0.5397641703754623 0.25567565727678276 0.12507568169855415
0 0.20102088181289185 0.12576555246200405 0.10271015394280303 0.09728989926336586
0 0.13056524741492614 0.23711259788664255 0.11418978788172676 0.08566398441265972
0 0.09410184680610298 0.3126806804380464 0.11769742515463037 0.09057000569998319
0 0.18375530967328227 0.6132437731289089 0.171555748792052 0.12230060694082034
0 0.24635142027434673 0.7409210228768073 0.14081593182259017 0.12636539406758587
0 0.02670692377750451 0.5856207897246554 0.05341384755500902 0.08188342055068923
0 0.06095457142680081 0.7129538320472008 0.12190914285360162 0.11153806956195353
0 0.24502790739746913 0.6905221851296235 0.16482725879399168 0.17309828243518838
0 0.4309815117896158 0.7249032669247226 0.14614116061076282 0.13450567599857094
0 0.8844723999806033 0.45083343830859113 0.15580320303441758 0.11964550050420311
0 0.7551666346878297 0.18877547074377943 0.1267534318225902 0.12538204827463018
0 0.8853486001400828 0.24026192506703933 0.14253792848861052 0.10939641535490922
0 0.6983906051410527 0.22770121295010926 0.1751909318225902 0.12876912822814396
0 0.852806780295683 0.13456358212407532 0.10739765394280312 0.09761768119435103
0 0.6280135586345121 0.012907960439832718 0.1059310066679597 0.025815920879665437
0 0.709072626811922 0.11587320230644756 0.10870506242753386 0.09460194183801277
0 0.6546558069675222 0.022334913842299936 0.09859673879011233 0.04466982768459987
0 0.7897972419549143 0.33549765143392735 0.1798464809142047 0.14773764951546733
0 0.6355893923945597 0.7401137316395427 0.10424070303441742 0.11603989926336596
0 0.8412954533242815 0.180422385342384 0.08016547424624462 0.10658848960843983