0 0.4635010094038405 0.5148628056710775 0.17321386181247736 0.17665204721387226
0 0.7670849753229977 0.07608394282748135 0.10837130937615384 0.11216534200867019
0 0.6450202082041346 0.058099625282348674 0.09803458667404978 0.11619925056469735
0 0.5683575786544853 0.058857759454980826 0.10408432757475125 0.11771551890996165
0 0.3013364666851244 0.2725905476373953 0.1771398982096719 0.189334057737216
0 0.20677374074381785 0.3510256317535577 0.13527377081949093 0.14330892619541977
0 0.28940126387966064 0.07410754500655939 0.09803458667404978 0.12090330517696726
0 0.18932901758028844 0.18893515543108105 0.12393575262089365 0.1364218893637168
0 0.3412500678571436 0.2835966660955991 0.18897856415651582 0.20403359456891898
0 0.28649722084717755 0.5549704081325041 0.15200019586563354 0.16140647881213824
0 0.6688822308693269 0.880868695317143 0.13813795496493206 0.16371243145709152
0 0.8728340414820984 0.5882584481597404 0.11762519586563372 0.1594043630553575
0 0.8613818090623868 0.788887779715654 0.1263994185677376 0.15057539462538863
0 0.8188870211240328 0.6274721375799269 0.11864747532299766 0.12677387357870132
0 0.9465325003829836 0.711688971907851 0.1069349992340328 0.1169438472703419
0 0.984165303437616 0.4411874851326177 0.03166939312476806 0.10970819994353032
0 0.9248075516611312 0.5671955192628975 0.10690893892580319 0.11363683674699843
0 0.9823571267718721 0.46710524302512546 0.03528574645625575 0.10382222099021768
0 0.7455577475267645 0.7313321559251913 0.15828976866002265 0.1866794945971538
0 0.3419216077980825 0.7713087686982002 0.11814682757475108 0.11896137357870132