0 0.11953125 0.571875 0.07421875 0.11953125
0 0.1625 0.8078125 0.08359375 0.09140625
0 0.26328125 0.84296875 0.07578125 0.0859375
0 0.35390625 0.890625 0.090625 0.109375
0 0.64453125 0.75546875 0.1 0.15546875
0 0.775 0.709375 0.096875 0.1125
0 0.63046875 0.92578125 0.090625 0.090625
0 0.74453125 0.87734375 0.08359375 0.0765625
0 0.67421875 0.484375 0.109375 0.1640625
0 0.76796875 0.48515625 0.09140625 0.134375
0 0.59296875 0.08828125 0.08828125 0.14453125
0 0.4921875 0.071875 0.08671875 0.14140625
0 0.41328125 0.09609375 0.10859375 0.09609375
0 0.2671875 0.11953125 0.11640625 0.125
0 0.28203125 0.27578125 0.12265625 0.1515625
0 0.17265625 0.1578125 0.05703125 0.09140625
0 0.2015625 0.24765625 0.05703125 0.1140625
0 0.1515625 0.290625 0.08046875 0.06796875
0 0.23359375 0.1640625 0.09765625 0.09453125
0 0.77109375 0.23203125 0.09765625 0.14140625