0 0.5871432726651923 0.8358752161837504 0.1348708574935408 0.2543264369297223
0 0.2499133829365101 0.8444078826931598 0.09789488433001133 0.09120818787965286
0 0.3681918160022171 0.8885053344405212 0.1030830320782579 0.09912979065319441
0 0.4446739728497624 0.9012066626127782 0.08882027297895938 0.0956774823325695
0 0.7184049622093042 0.7539011304120492 0.12291347316352948 0.16511846656500015
0 0.8387186597729807 0.6958548539109035 0.11582286397194572 0.12750936379145833
0 0.7385834615909953 0.9447735182361114 0.11502182757475125 0.11045296352777711
0 0.8380141602344061 0.8674570969770492 0.10112001387966067 0.0928434230620141
0 0.703826818318569 0.48989318179882 0.14336567550756776 0.19211737765916687
0 0.7879817728220757 0.4762502155181604 0.13274954811738696 0.14818553970326392
0 0.5503690422572907 0.09159853932201434 0.1257380845145814 0.16050370174736123
0 0.4445498388335182 0.08367497691732675 0.12347467766703626 0.14952983415618065
0 0.2042414211886312 0.2777834271460765 0.12509773442229638 0.1261650693385418
0 0.24586081739571833 0.13599662385944464 0.11183627081949092 0.13833776101791678
0 0.2653884747046889 0.3189909618153474 0.12387519586563345 0.15577983415618063
0 0.1438162584809898 0.1991486276591668 0.08765829117755657 0.10189111474138893
0 0.062380995524179826 0.45000065321038196 0.048796050276855185 0.10410692496187508
0 0.1543904179494287 0.3398099952503474 0.09487001387966063 0.0926979526972918
0 0.06443484885566739 0.4211853221883334 0.0623579025286086 0.09662173328249998
0 0.33276813695090496 0.22616898860083362 0.1330709207272059 0.10450827488562506
0 0.7588695619970475 0.25324847340194506 0.11582286397194572 0.12750936379145844