0 0.44680463636243806 0.19825595205684954 0.15471832223840884 0.2781736668924562
0 0.1414546631477993 0.23376856965141818 0.09379663879807004 0.09701884215265535
0 0.24724496712555882 0.16828408977780615 0.0815148271096728 0.10886374491161735
0 0.3157085949665802 0.15548087460351526 0.08590231818121907 0.09192190637700662
0 0.6283097808425511 0.2670889184743359 0.11843417451188501 0.16699714947960162
0 0.7601597986994585 0.30834243950523504 0.1084046095770768 0.12900582654882314
0 0.5934284460222405 0.10212898179417595 0.1002648271096728 0.10984639077317437
0 0.7135460771096728 0.141987099161602 0.0952500446422686 0.09085072930778512
0 0.6846900146072012 0.5010821381711825 0.1351307508107789 0.13977290818602892
0 0.7718587779998819 0.5314081252808838 0.11969666558343128 0.14989153663473137
0 0.6415726290522468 0.9278555025999623 0.11212962743398443 0.14428899480007545
0 0.545106732136502 0.9406946783124169 0.10094666558343128 0.1186106433751661
0 0.2574822268614962 0.7994931462002413 0.1271273360381265 0.12842597241038015
0 0.1327958725594251 0.8109109237898611 0.07402960957707685 0.12720430913596878
0 0.2970981059203336 0.7438097122336149 0.11840690097293471 0.1654346494796016
0 0.2128339744258642 0.8798899751239138 0.08455800649282177 0.1043400192218769
0 0.06451170251176694 0.6551279132744116 0.05497960064862313 0.1090341632744117
0 0.18309015299823428 0.7409569499091428 0.08889095048646736 0.084273180687266
0 0.08010547483290129 0.6988745912481442 0.0718943652591197 0.09430992198083885
0 0.42054133440997815 0.8400406603337356 0.13087962743398424 0.16452724672063965
0 0.801335592527653 0.7444780133405248 0.10651482710967279 0.11017393939369349