0 0.4834239481365644 0.17980832741786762 0.1443070514063251 0.2523611412698416
0 0.12871388490442226 0.2521410957733484 0.09782468775644107 0.10600777297895929
0 0.22812895307948025 0.18682458127537896 0.09221135771838496 0.12123225478036197
0 0.2959557816346615 0.1685740314599491 0.09151102076024671 0.10404475478036197
0 0.6154180474519924 0.2638502652639366 0.13337486859279987 0.17529799352159497
0 0.7493447198853942 0.2997050269841289 0.11934686068413444 0.13699695712440044
0 0.561316843383929 0.08350262877445695 0.11638368676785796 0.10252182757475112
0 0.691733855246927 0.1479632518457013 0.11752969269935694 0.13064682757475107
0 0.6937963513297755 0.523674650673682 0.14695720752810465 0.20266152991878955
0 0.7786660998469006 0.5221004611295701 0.13892453163466154 0.1585110117201923
0 0.6888886058155808 0.925980767271134 0.1286237015966055 0.1480384654577321
0 0.5854107787432741 0.9423329040697681 0.11692219764227278 0.11533419186046387
0 0.2773860786295434 0.783739154069768 0.10707235376405233 0.10348355027685514
0 0.3798465282489826 0.9353837935677376 0.11523236364988403 0.1292324128645248
0 0.33017815619614155 0.7598498735326696 0.13493736859279987 0.17539812307124442
0 0.2573202708346088 0.903230831275379 0.08701452174882984 0.10843186613141391
0 0.09228422535978273 0.6775928763104468 0.04788835475263546 0.10436612739018099
0 0.21821932566379393 0.7659217959579185 0.099705522737413 0.11392040252860855
0 0.10258239680460139 0.7008499036083428 0.06488485376405226 0.10078005243632351
0 0.4318945065001527 0.8466267851605769 0.12920202174882983 0.11113536397194572
0 0.8277588103407547 0.7325163294204524 0.10901685574121842 0.1129586798265045