0 0.6120955794897751 0.5402565872652809 0.15412459983059074 0.1848202638537389
0 0.8338913396601828 0.15672268755573113 0.10233531570031085 0.09826202564056316
0 0.8692079424039584 0.272726523163873 0.11419827886860787 0.08790672249740998
0 0.8735244451053814 0.3457637628247908 0.10647678413027997 0.08910534946188076
0 0.6959406874952224 0.6524419100531411 0.17988346302712266 0.14550520678164425
0 0.630931066547357 0.7653272078196107 0.1314613735787013 0.11675946856846853
0 0.892807982219433 0.630027446861356 0.11667083148532668 0.10360449710451576
0 0.7973296112715677 0.7443318494663899 0.10591534200867017 0.10622007485477489
0 0.683144555882839 0.6179770188206468 0.19927049985882572 0.1573160020669146
0 0.415328453350825 0.734854265510878 0.15286593671876356 0.13645553846084474
0 0.062243852814362566 0.4364233434660247 0.12448770562872513 0.11777831306795061
0 0.2931221264918859 0.17100158891791076 0.1040798262236546 0.10145980024766903
0 0.11741720022587894 0.23138693300310798 0.14350634727034203 0.10952916542531543
0 0.28966392654835565 0.23037658891791074 0.1376203683170294 0.115488066996892
0 0.18192629223454912 0.12709538523663833 0.10702281570031094 0.09848034946188071
0 0.43706038424321936 0.01752025506709722 0.1037466262801244 0.03504051013419444
0 0.3274663053887288 0.11642109677579357 0.10684080517696729 0.09535534946188075
0 0.4173471237198756 0.024152321754402968 0.09858868942018657 0.048304643508805936
0 0.2043186897731224 0.30447336848741535 0.12208637357870131 0.11632282092583343
0 0.2005225007058717 0.7308346612914862 0.10591534200867017 0.10622007485477489