0 0.3829884831529723 0.21443879975217278 0.17255218792335542 0.2895206026681049
0 0.8622909650627492 0.6723642486452629 0.11001016508343398 0.10704893939369331
0 0.7613216073062616 0.7555662522633075 0.10194535956550972 0.13155761646291478
0 0.6914285091607125 0.7958470935114518 0.09742827792830404 0.10483134215265544
0 0.37554455959025385 0.7578645731579211 0.13705069990914298 0.17702724672063966
0 0.23886343114155134 0.7494456428093393 0.12735479534115865 0.1406803109449907
0 0.4195358197670191 0.9144963534610744 0.11535276232447185 0.11979460085908258
0 0.29629971562857615 0.9022563822938897 0.10812011646291486 0.10071705223856356
0 0.29888464156614386 0.5110105845778818 0.16031778154634874 0.20473616689245625
0 0.21044293928215171 0.533565015265148 0.14248182835784542 0.16172979534115867
0 0.31338971336526866 0.10044157677596574 0.13844942559888337 0.17398413387576941
0 0.40589811793325287 0.07078393289277315 0.11920810266810489 0.1415678657855463
0 0.7126660170741703 0.15275219075248975 0.13130531094499087 0.12686347241038015
0 0.8463792757805976 0.12860428256646084 0.0814690852552502 0.12736808344622813
0 0.6648559588427128 0.20278316825125256 0.13187187697836436 0.16740658525525037
0 0.7429067950024744 0.05392290225093558 0.10096271370395282 0.10784580450187116
0 0.9065621019907365 0.24387407847344642 0.058611439393693135 0.10747166327441156
0 0.7820401368164454 0.18183882519408603 0.09998006784239592 0.09405761646291486
0 0.8869389987568045 0.20205174864526293 0.07210072930778537 0.09727114767057934
0 0.5379083565132922 0.14243324570458685 0.1654966044771271 0.21435682835784542
0 0.16874451944901947 0.33318323496199465 0.11979460085908263 0.11535276232447185