0 0.513326264578934 0.3952626679265034 0.19783620248167466 0.10534312269254417
0 0.6929552363311198 0.8740309158975503 0.1083366599070276 0.09805678668045417
0 0.7710416675254708 0.7732036652212325 0.11861859604505724 0.08880905601527207
0 0.8119505268120797 0.7016917445496873 0.12039961733238051 0.09195223734881744
0 0.7497936423028749 0.37377637722791396 0.18036447921687965 0.14573176535645338
0 0.7287923634739828 0.24990307256527738 0.13810056956195355 0.12182155068427195
0 0.9206581633380969 0.44204347720405135 0.10121257475773363 0.08548406134627204
0 0.8789291212676531 0.3020184612110511 0.13275750569998337 0.11239200668363561
0 0.7263889932916106 0.39590591589755014 0.20111402179152654 0.15221812269254426
0 0.5119708502324312 0.23603311859486692 0.15783391535490915 0.13610222668681723
0 0.06150631050777573 0.4452210459898186 0.12301262101555147 0.12205790802036276
0 0.15144471554799935 0.7366989266390922 0.1306158514929388 0.12641814401654478
0 0.05034244045145427 0.6585204773233642 0.10068488090290854 0.11099313868554468
0 0.20334035131771183 0.6978449646324106 0.16833437278026225 0.1299794960216353
0 0.05408498147505464 0.7698665099856825 0.10816996295010928 0.10123633068109009
0 0.25949824412478983 0.9329370326225476 0.10840236188449896 0.05434314934754454
0 0.18927821529589778 0.8096364399665925 0.11135239926336586 0.09653064934754489
0 0.23604431863042202 0.9222813432925019 0.10357275025210155 0.07458292401336308
0 0.12965111506346672 0.5683398253103192 0.21216078243518827 0.15390789202736244
0 0.2713347785767905 0.19433815662795634 0.13522694183801276 0.10305336935072651