0 0.43500684305716647 0.09392822591688313 0.08221935775648763 0.08221935775648759
0 0.21427494120271567 0.14231589552287277 0.09504690637700663 0.0891244549975256
0 0.1734219691310198 0.24473156659920042 0.10393058344622812 0.08024077792830413
0 0.13495701266315616 0.33292096336526866 0.11412445499752559 0.09635710085908258
0 0.27461149140511437 0.6209421845324533 0.16140889077317438 0.10662621551297527
0 0.3222378431687082 0.7524068684990798 0.12251016508343389 0.10770403663473119
0 0.10487884554355735 0.6110359972864666 0.10178822930778511 0.09882700361804453
0 0.15645571291098337 0.7281925197877037 0.08575379353213633 0.09019563206674697
0 0.5408440010160528 0.6485095053155253 0.18122342378986112 0.12792136137453217
0 0.5448940931687082 0.7407379488930902 0.14298643939369332 0.1118935696514182
0 0.931681526457966 0.5562479257144843 0.1366369470840681 0.10942366689245624
0 0.9402238271704209 0.4544840298529274 0.11955234565915837 0.09034611827193721
0 0.7617131852098219 0.16924697196015423 0.09315685775648763 0.08279256784239583
0 0.9119012929663095 0.23971552295552243 0.14249511646291496 0.10251856965141819
0 0.7607106071906606 0.2398051334255435 0.13155761646291494 0.1019453595655099
0 0.8657079664174863 0.13559458898889598 0.10129690637700647 0.08945200361804462
0 0.6274156710763277 0.01807447308977834 0.09744156603337366 0.03614894617955668
0 0.7294462398232346 0.12158407790761952 0.08410940637700666 0.08855124491161734
0 0.6535244696968466 0.024368738693610576 0.09357293758467104 0.04873747738722115
0 0.8061702713695833 0.31497887381460504 0.10195200361804461 0.10195200361804461
0 0.7587485532546164 0.7404978522178791 0.10211577792830404 0.10507700361804453