0 0.49502525467538216 0.8763720025737894 0.10054542154477701 0.09665970282385175
0 0.7200843420093996 0.8799814212201233 0.10526928298109546 0.10304609514371954
0 0.7812849415418615 0.7891230890085275 0.10052724082661779 0.09353470282385139
0 0.8472593994855796 0.7129721144770635 0.12720791549465282 0.11462009263643722
0 0.7837089421310367 0.3999241966886594 0.17262040944452864 0.13312605172849495
0 0.7703999001729507 0.2612254095416409 0.1350840480082102 0.1257849131695506
0 0.9441936758859786 0.44914764370652327 0.11161264822804284 0.11421091567683309
0 0.9239112404338343 0.32317617709261814 0.09588519262201559 0.10121081050398359
0 0.53315443022718 0.3118859537482884 0.19462267447164336 0.15563754922121245
0 0.5521629845801019 0.22147390241550494 0.15544199980360815 0.13418844655564544
0 0.12369761699546336 0.30973504968343085 0.16637949980360828 0.13450669530200426
0 0.08440383371978023 0.4054256344023092 0.15532382513557325 0.11387594655564541
0 0.1980133784083407 0.7271749507787876 0.10211701190385672 0.09826766693047428
0 0.07552023399092671 0.6244711510953567 0.1444590480082102 0.12605769780928675
0 0.21793499296791713 0.6593964173926927 0.1428692769309713 0.12132473370266403
0 0.08945598984465919 0.7365847061890639 0.11152837334017515 0.10479045157021041
0 0.2858729684728328 0.9207454428612287 0.0690318011314682 0.050437920691398117
0 0.2241218813352069 0.7826747930195133 0.09118860226293626 0.09951191818411545
0 0.1924441135776178 0.5757488430986556 0.11785109621281209 0.1174723079967011
0 0.3463760720123153 0.1727649324363875 0.11786927693097127 0.1205973079967011