0 0.24477927687305662 0.5973020588206989 0.16275614718563744 0.1983631986308559
0 0.13743356861349554 0.2084239481365644 0.10398882096198281 0.09932352076024661
0 0.09136366346476317 0.32714477323170466 0.11566977360693613 0.08577035672980174
0 0.07780242142785812 0.39863777125453825 0.1096927893919517 0.09020318874502423
0 0.22986066118686307 0.7055456403416297 0.17757751038216937 0.15843853558899426
0 0.28226605339317734 0.8141831526989194 0.13320588410204498 0.11921952669174578
0 0.044484810826868525 0.6755212648287475 0.08896962165373705 0.08577035672980174
0 0.11810484285571624 0.7957475346004111 0.11078485253201391 0.10895318874502422
0 0.24477230062116712 0.6646487263111849 0.19476501038216937 0.1591388725471326
0 0.499703453350825 0.7784061146756482 0.15451944198043535 0.13723469764227297
0 0.9005727925168978 0.47053519524517695 0.15498987884037305 0.11854836463846716
0 0.6902246396460655 0.20980464779318458 0.1521533051769673 0.09660969764227278
0 0.8506392239034023 0.2656765988954985 0.14368835779368574 0.11185269566510643
0 0.6958229212866838 0.27503039977035093 0.15904034200867018 0.10780186562705038
0 0.7963073106504005 0.16322541954201442 0.10867632096198285 0.09951452174882984
0 0.5512138895048911 0.055350616652814585 0.10392863680346806 0.044763354752635445
0 0.6588983159120725 0.156060223876908 0.08956229991529537 0.09250051779449713
0 0.5697818789815475 0.05923962060714729 0.09867969468185826 0.06169618676785786
0 0.7622676976656303 0.3443016645990985 0.10995039462538862 0.12138952174882985
0 0.7195455164908873 0.7685694941428631 0.10756884727034208 0.10726335475263546