0 0.6568831667937498 0.17522232304232016 0.08848584422416686 0.24809001922187682
0 0.15583427944784653 0.8326088613745324 0.08339568787965286 0.09644563206674724
0 0.2671523327344784 0.8892859865438745 0.07754573138263901 0.11330558344622829
0 0.33957219339180483 0.9032499892574076 0.08023432028847229 0.09471935775648746
0 0.639592990028923 0.7836522987320607 0.11144925911805573 0.161900213703953
0 0.7665743705378814 0.7386817147200057 0.10432643692972228 0.1240726650834338
0 0.6257084087225339 0.9605827934185651 0.10247299620027803 0.07883441316286977
0 0.739518295215416 0.8929221573930594 0.10261846656499998 0.11774077792830404
0 0.6636896791428468 0.5213127510160528 0.12296864057694457 0.18747342378986112
0 0.7482828846899302 0.5163596573930593 0.12354921561506949 0.14536781094499088
0 0.571546385258611 0.11130258593261892 0.10828789152687505 0.1601739393936934
0 0.46555095839687494 0.09479675938379581 0.10171058320625015 0.14578389077317438
0 0.19018336322277754 0.29781778154634875 0.10203658510611122 0.09274077792830412
0 0.2622070996394096 0.12716112279449293 0.09844011284152784 0.13937011646291486
0 0.24225435628892336 0.3122797512431954 0.12700152393569458 0.15959408525525037
0 0.14836149876572902 0.1790777476251508 0.07409342306201397 0.09907930913596856
0 0.029425088337152426 0.4161096788782438 0.03357752583555564 0.10163774310259495
0 0.13731228315065946 0.317730811849502 0.08670252583555564 0.10442190637700657
0 0.03549390359163161 0.39061503392119795 0.05214568787965286 0.09480788896415202
0 0.33437108073770816 0.21933201266315616 0.1145729526972918 0.0949583751693421
0 0.754010127090486 0.3039006009706243 0.09593205547083343 0.09866322930778511