0 0.4349725068199164 0.7902165465099193 0.15187083085063086 0.2847241972858946
0 0.26787920615796257 0.8544150763472176 0.10480312406898662 0.11011768119435103
0 0.3905012229071856 0.8787598764634332 0.09615587014004508 0.12508711733238087
0 0.47444172931732637 0.8971878123493612 0.10051803846084476 0.15186813861970413
0 0.7243924176971179 0.6767067955015131 0.12988020678164425 0.18039733020561535
0 0.8299809840748373 0.5541055398015299 0.13787248924663303 0.15136539406758587
0 0.7465885570675853 0.8671843300303884 0.09281254631872748 0.12018109604505725
0 0.8494159964808341 0.7526140956177286 0.1183219685684687 0.13286676634364483
0 0.7775302262169544 0.5891250320078598 0.16908825599585597 0.18625384629715871
0 0.7736474392038518 0.38796136975504375 0.14441358767505647 0.15805243664223267
0 0.40861732878371626 0.07087577467995546 0.1341310591390091 0.1417515493599109
0 0.19060799917143048 0.28921604726622396 0.14048806699689204 0.14064641535490913
0 0.21274621071058575 0.14188222535848186 0.12075776385373889 0.15172602698730664
0 0.24484388895618275 0.32618081570355584 0.14572353060296192 0.18617743664223277
0 0.12052663151258466 0.21495337462184766 0.10502144789030417 0.11480518119435104
0 0.05295610359570994 0.4806819174485962 0.04535534946188073 0.10440327673520518
0 0.13570648345566477 0.35575869108170816 0.09989730024766902 0.10510239926336587
0 0.05424462179267501 0.45786177648310356 0.07020980024766901 0.10302644703379293
0 0.30786396567298446 0.21517797770427033 0.1367080955329393 0.1263653940675858
0 0.09434942927905433 0.2755684465295898 0.08987163688926818 0.157353314114072
0 0.2580587107105857 0.13871366669229152 0.12835194003242129 0.1475848302056153