0 0.1256267407850351 0.47265586318613834 0.08891964247680569 0.13514001666989942
0 0.14191931553881962 0.23459775379302186 0.09131729065319454 0.10414510818516849
0 0.23933852298576402 0.19888313652399756 0.08492182028847228 0.09738492515463038
0 0.3210236276591668 0.15720556167862795 0.0945877610179167 0.11065019970043757
0 0.6273301386770835 0.28513821153854507 0.11312086189159735 0.1698657030344175
0 0.7617057918874655 0.32963712381629784 0.10908667211208342 0.1305481115191484
0 0.5945143726251737 0.11480986502230617 0.10080139342673622 0.10959788273097573
0 0.7173167462002779 0.1646021841177999 0.09575021751493065 0.09359024545807211
0 0.6873461439954172 0.5520385401769365 0.1307084053945836 0.18845620636839727
0 0.7793881736306949 0.5533137398773741 0.11112195079743081 0.15098815727678297
0 0.6499267177023619 0.9364547037229805 0.10672539152687506 0.127090592554039
0 0.5496909815700702 0.9461407737969012 0.10029355357097228 0.10771845240619768
0 0.17472538953010486 0.8400345528846362 0.0639923776591668 0.13622428454774688
0 0.3303227325200008 0.9252540600116379 0.10167421561506958 0.14709788273097574
0 0.30486552478871587 0.7695621694047545 0.10919577488562507 0.13523561151914834
0 0.221092549674341 0.8890458798560378 0.09139002583555564 0.10727010818516831
0 0.052774388295833884 0.6593110981832287 0.04186149810013893 0.05644118969849785
0 0.18738708405927146 0.7474962375821643 0.09124455547083339 0.10102010818516849
0 0.388987258071216 0.8325720945593849 0.10080139342673622 0.10959788273097573
0 0.8061909822356604 0.7668181304842576 0.10527068787965285 0.10060552000387926