0 0.4359803473911625 0.6333056288092216 0.17582722267624523 0.1544246920901143
0 0.8547934590238725 0.7274066459860457 0.09117951190385654 0.10164961733238051
0 0.7442781398402277 0.7968282713641981 0.07562723477649361 0.11305701089576328
0 0.6746150796335734 0.8243466200071452 0.08184087334017516 0.10724405347041036
0 0.3486843595896067 0.7385883445324479 0.14313289734428025 0.17244271857321786
0 0.23328207338705736 0.7083923821634163 0.10852154800821019 0.12941398441265975
0 0.40697306167959246 0.921155190073302 0.07558178298109546 0.10524451089576345
0 0.2753190615813966 0.8655439644627185 0.10058178298109555 0.10699268119435104
0 0.38630253425764177 0.7156535890845662 0.14324198165323568 0.19119271857321785
0 0.23768426883774368 0.48864261087609284 0.125809041958086 0.1478033514929388
0 0.48396593384141723 0.055234531174680565 0.10706813231716553 0.11046906234936113
0 0.773527361829102 0.19893172074377943 0.08213176483072289 0.15724405347041026
0 0.6947852591733822 0.05634392708385172 0.10078177088084708 0.11268785416770344
0 0.7079569039835796 0.1941456677775723 0.09459540339440445 0.1518681386197041
0 0.8039239098373121 0.07498076851420646 0.09120678298109546 0.10633711733238063
0 0.9463467174116879 0.29305378929732684 0.03495678298109546 0.10240373416055819
0 0.8312625937769251 0.20817032692829524 0.08641019867214013 0.08725933540139544
0 0.9394245517206434 0.2747954621938047 0.05367042154477701 0.09746486188449896
0 0.630154611730906 0.14413994996065904 0.11309087334017516 0.10942926634364492
0 0.21472907874981054 0.2731486508528497 0.09743860226293632 0.10364915990702758