0 0.8276838126581751 0.6319018271162633 0.10469611621110379 0.13609323295387146
0 0.7258344065384845 0.8577160791448583 0.10345894789030403 0.10953073295387128
0 0.6189658223780847 0.8728519297934814 0.09520980024766904 0.10001936525911966
0 0.5257594778786027 0.8963360685915515 0.10516699710451576 0.11268300649282174
0 0.2651795045526232 0.708853254060485 0.14841188296032676 0.1696421185055307
0 0.1573349253546221 0.6443834253259592 0.12486306699689202 0.13332278896022592
0 0.24300263586032006 0.883317465911038 0.11283394789030413 0.10969437418757337
0 0.14536996464403634 0.8007152459428102 0.1169050177826803 0.13006142126547396
0 0.311108550457066 0.44342312297305275 0.15233740363849116 0.1868841655834313
0 0.21901309574233627 0.426295898540598 0.1304966368892682 0.1537171095770768
0 0.48769474503760135 0.07593738839432826 0.13086050992479734 0.15187477678865652
0 0.5937991958233896 0.07535980276159118 0.12126718610347993 0.15071960552318237
0 0.6639276052528491 0.10862578855977931 0.13365587014004526 0.12098643019392785
0 0.7912135432183557 0.1579245848269011 0.12388276385373889 0.1457955154212755
0 0.7549570579006641 0.31624164529748244 0.11999578453190338 0.16290119480442442
0 0.886177132755439 0.21403248864250485 0.10843754631872748 0.11586255357072242
0 0.8393385200589918 0.21406944481101506 0.1027355099247976 0.1610386858759707
0 0.8653102069910414 0.3603717004930579 0.10338617328319799 0.10796823295387145
0 0.9403251695636538 0.4090216603150161 0.08485449710451576 0.11232845048646727
0 0.70081967555951 0.23834451623864497 0.10963617328319834 0.1080773271096728
0 0.2717700303980741 0.21538962621946361 0.11544952564056317 0.09881142126547413