0 0.3047218821724382 0.578783237752938 0.1791942829929864 0.23262601369695446
0 0.1343320688857578 0.23811346140793624 0.11406434523075956 0.11117614357108563
0 0.11874480291371818 0.36422659813054464 0.12417305103961844 0.10106743776222685
0 0.12581286432629882 0.4367644489603816 0.11659734937994445 0.10360044191141174
0 0.3465919186899095 0.6958281051795145 0.19645171535662848 0.1733461020792369
0 0.4284474151654246 0.7909853945967709 0.1454094336130419 0.13530072780418312
0 0.1515637612213767 0.7247497010349739 0.12848204274124866 0.11692923610255299
0 0.2620295097714842 0.8138103558042143 0.11934384108157473 0.11934384108157454
0 0.3523440886059969 0.6576769097436179 0.21458640871793264 0.18714849295103003
0 0.6324944525080884 0.7048074057949256 0.1688236228251613 0.15727081618646538
0 0.9299862657715469 0.31120523545463097 0.14002746845690622 0.13840241701630235
0 0.6629763645267914 0.11162424562710052 0.11742614357108572 0.11453794191141169
0 0.8431733500046444 0.1254704902285158 0.1558733369323897 0.12987952199532424
0 0.6767913334079049 0.16950760060612238 0.14517263527271584 0.13217572780418313
0 0.764312798965026 0.04763813629840112 0.11887024440092268 0.09527627259680224
0 0.49762128381817894 0.01128271804430984 0.10546967261537965 0.02256543608861968
0 0.6240905406666561 0.06506947695576856 0.10914004689043359 0.10769594606059656
0 0.516489682988342 0.01444897323079094 0.10485436597668389 0.02889794646158188
0 0.7687313022890183 0.22147099707699303 0.13591603444287886 0.13302783278320493
0 0.8408980257435239 0.645014318237836 0.11934384108157454 0.11934384108157463