0 0.47648068501017693 0.8559570180207423 0.1557859648980454 0.2880859639585154
0 0.16694656063699753 0.8540094288485627 0.09491534639736088 0.10019637797604233
0 0.27964513743831715 0.9088604558358693 0.08452341567683304 0.11818155347041
0 0.35457694127838313 0.9164487167316324 0.08544941818411553 0.09641581411407216
0 0.6528733519406511 0.7807397177400387 0.12936455423577725 0.1587408514929388
0 0.7723424174591997 0.7374263963364998 0.10984166442319179 0.13086722376899793
0 0.638474568158845 0.9480868468013618 0.10152905925034225 0.10382630639727637
0 0.7525203477840161 0.9074821702217133 0.09634145407749273 0.09561813861970378
0 0.6603521974800822 0.5237084677400387 0.13358069279472176 0.19645937278026224
0 0.7458948923863751 0.5163819228196033 0.12449519780928657 0.15216306956195352
0 0.5500250805622432 0.11831113753442332 0.11709187476889085 0.1656792663436449
0 0.44632341904204537 0.10401405473091796 0.11672816191590929 0.15317926634364493
0 0.18602110187414422 0.27917331981405513 0.13796666442319178 0.13283391535490924
0 0.24006740736356283 0.14360716041123064 0.1053814849563052 0.13835194183801275
0 0.24113449920857716 0.3221692029858776 0.1120406619159093 0.15285148441265975
0 0.13199884309865556 0.1986774366422327 0.08259720282385158 0.10557229282674849
0 0.02445194180544321 0.4392317448042199 0.04890388361088642 0.1033870799535137
0 0.12503212608903902 0.3304901653549092 0.08977320533113406 0.08424359604505716
0 0.031247511084915386 0.3973173964133742 0.06249502216983077 0.09521394703379285
0 0.3194844712327587 0.23918709420347173 0.126438131037097 0.11175659084927707
0 0.7419672249936824 0.301609228635802 0.10777905925034226 0.1135704631253363