0 0.48125 0.19380955516021423 0.1671875 0.22361465940862688
0 0.17890625 0.170575609791703 0.0890625 0.09790395407749282
0 0.29375 0.11254649795493595 0.0765625 0.1084777412245114
0 0.3671875 0.10337843494366994 0.0796875 0.08981866943775674
0 0.66640625 0.2423283085254265 0.1234375 0.1473416644231918
0 0.78515625 0.28418553642210276 0.103125 0.123313131037097
0 0.65078125 0.06934544959165331 0.0953125 0.10589831050398354
0 0.76484375 0.11524531980819759 0.0921875 0.08861988229073821
0 0.675 0.49832825593900176 0.121875 0.18792120031656906
0 0.76171875 0.5059612480214429 0.115625 0.1439893438900784
0 0.5671875 0.9014652792959668 0.10625 0.15777905925034225
0 0.4640625 0.9154034103330637 0.109375 0.1453699874635877
0 0.20390625 0.74094193408574 0.128125 0.12247805674305993
0 0.25625 0.8745751365138803 0.096875 0.1293812746106063
0 0.25859375 0.6948194403539463 0.103125 0.1483131310370968
0 0.1484375 0.8191184098708453 0.0765625 0.09910274122451135
0 0.0390625 0.5855821473344329 0.0390625 0.09957410266556703
0 0.14140625 0.6794792483506473 0.084375 0.08058006175762493
0 0.0421875 0.6058037191211876 0.0609375 0.09552310015828454
0 0.33671875 0.7792649850228123 0.11875 0.10658027210332381
0 0.7578125 0.7201374082879997 0.1015625 0.10451766693047429