0 0.8005702747517605 0.5261094959362197 0.27505303262324465 0.1593785486994584
0 0.13018088441013068 0.2442875624991762 0.10869852076024666 0.1002648271096728
0 0.10767582612090443 0.3625602755675453 0.12113485376405228 0.09892051542127547
0 0.11307559193823521 0.4376011858759707 0.10531885277546911 0.09396028003177218
0 0.3468443913673939 0.6758899387153445 0.17281937056996624 0.17945349512873604
0 0.39339042201347235 0.8219115507280534 0.13927735870696809 0.1226580243497292
0 0.12348248722278084 0.7313239123370204 0.12658635771838495 0.11775233603812651
0 0.23664567349634713 0.8262018100635441 0.1329636917107737 0.12098643019392777
0 0.5571916423559771 0.6842457297041653 0.23787136760421673 0.16653648376465036
0 0.6024033246752107 0.7592008652558244 0.16204369665368965 0.14491485389503395
0 0.9090407134596035 0.5125845584353959 0.18191857308079307 0.1097410129856435
0 0.9257619926042168 0.40191979382489923 0.14847601479156652 0.12457508035608367
0 0.6581838676042168 0.17387306574229178 0.11233285672980173 0.11281937418757346
0 0.8423333745242989 0.20987656979948155 0.15321252471457933 0.11977848620028234
0 0.6653225469577008 0.23411113635914277 0.16159802768032883 0.13397735389503398
0 0.7681690212545382 0.11411801054671625 0.11513952174882984 0.10506142126547413
0 0.49593192391627666 0.043007075077782606 0.0955963428896375 0.0469489123370204
0 0.6234295242202877 0.12564407142433462 0.11663835475263547 0.10352619480442452
0 0.523961423421985 0.04115424877888872 0.10104784684397003 0.06578073295387141
0 0.7725567268054764 0.2984384634688156 0.11622186068413462 0.13162392126547412
0 0.811749149770351 0.7238202930141203 0.11389535672980174 0.11284664772652384