0 0.3663477793509373 0.1801254819582862 0.1512040497712503 0.2624370481173869
0 0.7533951440923262 0.07419354796972857 0.1070877610179167 0.10983367982650452
0 0.6328650917556249 0.062450677053339954 0.09985714247680555 0.12490135410667991
0 0.5555758931423957 0.06034750077519237 0.09611389342673622 0.10757027297895927
0 0.289365745631597 0.2700879503414536 0.1415368026210418 0.18224890036914027
0 0.17432066745933997 0.3531285926910295 0.12503898043270842 0.143747604872647
0 0.26981957788791655 0.10440239358619345 0.11362870174736121 0.12273419802510177
0 0.16574836730684012 0.185179629088224 0.10225479065319454 0.10328329117755657
0 0.3199201889264926 0.5325786559246947 0.15614481648875014 0.20658756631598402
0 0.23265592505878424 0.5615733459302319 0.13641289152687514 0.1631985117201923
0 0.49031642259024233 0.8867388224898474 0.13343336189159735 0.16924825262089377
0 0.5943863267505548 0.8730489574381675 0.13190722948277783 0.17071062307124443
0 0.8257863695879507 0.6171739875138404 0.1308525693385419 0.12539812307124443
0 0.7951149849949299 0.7618950046327038 0.1349594943004167 0.16778588217054297
0 0.759780163090937 0.6042419933739367 0.12718336189159735 0.16884773442229636
0 0.8887390048465619 0.6942686112033938 0.10098323138263901 0.11568316162790708
0 0.9588930763693051 0.42844454966777157 0.052363893426736044 0.10476664558877821
0 0.8732439042572218 0.5556264157991856 0.0989479526972918 0.0952705320782579
0 0.9530060990707288 0.4467637530915442 0.0725309230620141 0.09981832973421945
0 0.7099236738245133 0.7018271946382411 0.12471167211208342 0.129685104872647
0 0.27253212338767296 0.7587196537652263 0.11995143692972228 0.12625971622369897