0 0.27585725938890654 0.385657370122269 0.23573860001590835 0.13769265551388843
0 0.7703014341183583 0.8053699456166218 0.09482269867918128 0.10038956220555528
0 0.8441469194382224 0.6995895458521775 0.108830654678545 0.09693237153638865
0 0.8620333060948138 0.6237303834110663 0.09162497334499946 0.09386616013203693
0 0.7740129487189521 0.31783098939606635 0.16542610001590835 0.13154110885972195
0 0.7427800353675893 0.18761580909449216 0.1278533746817267 0.12201028397749977
0 0.9369583913908155 0.3418953315731036 0.10899428668045416 0.11099487153638865
0 0.9058709287078163 0.2241801512715295 0.08862724267981754 0.10453025805851832
0 0.5170629673774526 0.28009370942458434 0.18592041335136286 0.1489432223375923
0 0.5207232220321348 0.19140235631430655 0.14829314401654478 0.13472489745537009
0 0.104190797382225 0.3514073836474076 0.16070223734881744 0.1280060057494441
0 0.07792883672817899 0.44676840179069455 0.14643974267981757 0.10958819641861087
0 0.21728442743472262 0.7286254115926394 0.12183973201781735 0.1417759798304626
0 0.2802673274585851 0.8990753211590283 0.11155566534054513 0.0628307736099071
0 0.27152648476285923 0.6855596253060654 0.16706132535009016 0.13792780989648107
0 0.1287128234404496 0.778604870687917 0.10256247334499946 0.09482306738935158
0 0.35082527546144865 0.9140175245048617 0.10526930267345422 0.059158969462870206
0 0.26658554077813124 0.7986064294531025 0.08384883601209037 0.09630765494824053
0 0.30452244012567603 0.90008145508926 0.09295111600890867 0.07369036116879642
0 0.1857151594127691 0.5695039812910652 0.17031359468490828 0.1491387119699997
0 0.31253800469445325 0.17755234420328764 0.10281701201463563 0.11669806738935166