0 0.559695854332706 0.8837530032622759 0.18541752965749528 0.14271585335772627
0 0.13601704893486716 0.23055856198281893 0.09932352076024667 0.09954656134627216
0 0.2309674515966055 0.1630159786362287 0.08889535672980182 0.11191929201145401
0 0.30729252965749526 0.13711600262572915 0.0899485207602467 0.09943747334499946
0 0.6357942144481867 0.21927178524827667 0.14463070357377178 0.17659995735199913
0 0.7598511383644634 0.25221955056495926 0.1192195266917457 0.12788973734881742
0 0.575411176882026 0.045401217297910725 0.10707235376405215 0.09080243459582145
0 0.7033252712545383 0.09264510323841346 0.10563718775644108 0.1011817866804539
0 0.6290295612921568 0.28344337324954927 0.16570720752810447 0.19558631468808993
0 0.7789844348278725 0.47241387189691386 0.13723469764227297 0.14840223201781733
0 0.5737238622413713 0.9211075525939124 0.11842103064607841 0.14662155601527188
0 0.26447224315427986 0.755094390634956 0.11019735376405233 0.09811133068109026
0 0.36477994376230216 0.9149410106222294 0.11185269566510643 0.13873633068109043
0 0.32743515817330787 0.7465455466263655 0.12247186068413445 0.13105110001590833
0 0.2508792698460256 0.8818750666375014 0.09951452174882984 0.104234061346272
0 0.08640163988451918 0.6625903593252731 0.044763354752635466 0.1020352146721816
0 0.20921174018853037 0.7416682373090466 0.09645318874502422 0.10576019867918127
0 0.09497814383885189 0.6812494526575459 0.06325868676785788 0.09600339067472685
0 0.41429317102488916 0.8065012546149115 0.11727502471457943 0.1184965560152719
0 0.8219863128122127 0.683732632558914 0.1056371877564409 0.10118178668045381