0 0.6039997818419869 0.6006421399990014 0.13953995849442932 0.26160389988706034
0 0.2011473960668953 0.15626686859937813 0.10127519970043757 0.09764781570031093
0 0.31391859197431105 0.10495572660482537 0.0908159318225902 0.12191977360693614
0 0.3886157030344175 0.08726072141374068 0.09033769970043756 0.09701077886860801
0 0.6875788457673329 0.22056125589695635 0.12251221303635713 0.16730786831702943
0 0.8180792887998105 0.2710478323323725 0.11632611485312827 0.12962585779368574
0 0.6723689497004376 0.054337588450645735 0.10698306576151388 0.10867517690129147
0 0.7902418469752808 0.10311687968741916 0.10076501666989941 0.09139781570031094
0 0.7164204203228384 0.4873392322194331 0.14330294515850978 0.19339993145709156
0 0.8063119677474628 0.4923081823041377 0.1289217097023773 0.15057539462538863
0 0.628185678367924 0.8873153873681655 0.1236920757634536 0.1627113735787013
0 0.531757088519645 0.8984264635918201 0.10599439273291544 0.15546031570031077
0 0.25143250442124165 0.7145876028143625 0.12130065727678294 0.11436487884037305
0 0.0948479224488703 0.652275860565696 0.05398561151914842 0.10888915258848364
0 0.3066303163897337 0.6791891581325041 0.1201844384905499 0.15784186305535747
0 0.20382379396995837 0.8044915369728773 0.09097542848861026 0.10482327886860787
0 0.07989286002133633 0.5652308868740553 0.0489154742462448 0.10392863680346806
0 0.1900009257828502 0.6640030448653851 0.09400483363936134 0.08478379465362344
0 0.09263184714445873 0.61551160793486 0.06183006242753397 0.09068518415851479
0 0.4198633821512476 0.7777793056004902 0.1468105824314133 0.19826944198043533
0 0.8109030992704905 0.7024112243975125 0.11272288273097572 0.104534852532014