0 0.7887531030269457 0.6378031474088873 0.2828496776670363 0.1707976814328699
0 0.6781324714747117 0.9503867280870363 0.10162066162790725 0.0992265438259274
0 0.7584090592284956 0.8661236370412947 0.11129605027685514 0.1122839694628702
0 0.7958775832871889 0.7963381088132391 0.10434514342931003 0.10079966531583313
0 0.7520913170911765 0.47432711630610963 0.17676036397194572 0.1397637119699997
0 0.7381964026854921 0.3356262012731004 0.13875971622369915 0.12867038708777745
0 0.9232561158268723 0.5372255319047667 0.10282221622369932 0.1255262632423147
0 0.895178785474344 0.4114251580593038 0.10338342072720579 0.11003796427907382
0 0.5048541741232919 0.3725623988694897 0.2060869185677376 0.16097433063166627
0 0.5205175493540046 0.2875134556084249 0.16163601172019232 0.1462092016024071
0 0.08877859114986994 0.34323117309152756 0.173735493521595 0.14105280989648117
0 0.06391589836655545 0.4394425002828239 0.1278317967331109 0.13826000056564786
0 0.14512661166481905 0.7511892275213885 0.13759773442229636 0.13478368605101815
0 0.05158827421557695 0.6483390466541665 0.1031765484311539 0.12792809330833316
0 0.20266780382982472 0.7114425138079625 0.16894786397194572 0.1390802067862033
0 0.054288921193243814 0.7729480673893516 0.10857784238648763 0.09835817049962951
0 0.2551665384090046 0.9587952589069901 0.10789164558877821 0.059158969462870206
0 0.18520209670542429 0.8246164570690272 0.10454540252860856 0.10392466531583304
0 0.2301863248061992 0.9440396918004623 0.10254281153562213 0.07267466531583296
0 0.14022596545773197 0.6069901681905552 0.11778588217054295 0.14081907257314796
0 0.30736550971760745 0.2177991120172679 0.13875971622369915 0.12867038708777753