0 0.5695908779944172 0.8819373988694897 0.2122211182719372 0.16165783581546264
0 0.7859485453411587 0.20252046682448926 0.10384205223856355 0.11173716531583315
0 0.6700845279283041 0.15816629114106356 0.09504026232447185 0.12185445909527762
0 0.5894929471956095 0.14878243774796185 0.0943851650834338 0.1093544590952776
0 0.3136718328804012 0.3019594985393976 0.15472952283992142 0.19240069641861082
0 0.21020267412854537 0.3605642275213885 0.12562852103089917 0.14163927879370347
0 0.2995706320667471 0.10708649594749944 0.11395403663473136 0.12661987153638865
0 0.2021810549520971 0.19266382803976814 0.11001016508343389 0.11072146946287016
0 0.3436359718445533 0.3543517666826846 0.17684354025277607 0.22855280989648108
0 0.2761087143813214 0.5794112638079625 0.14552494120271567 0.16515469123481452
0 0.6388974779489887 0.9458954262490735 0.12669305404758582 0.10820914750185295
0 0.8655164523955339 0.7414066010375446 0.11626016508343398 0.1112682736099071
0 0.832827862390585 0.9189656730450448 0.11838923111680728 0.1518932736099071
0 0.8035487189038772 0.7460948095671744 0.12891729534115867 0.1450376808672221
0 0.9262636018751355 0.8618161373241187 0.10556832654882306 0.11499886635259245
0 0.9855141943685048 0.6113171427907389 0.028971611262990395 0.10552683006601846
0 0.9116577900256335 0.7166697326587019 0.10244332654882342 0.11472546427907382
0 0.9810502230319779 0.6322741917539796 0.03789955393604423 0.10234304147037036
0 0.7420590202379296 0.8192596160232857 0.11411781094499104 0.12974487153638856
0 0.3161516174789677 0.7944402329880088 0.11001016508343389 0.1107214694628702