0 0.84375 0.6142837939029936 0.2796875 0.1469396742752515
0 0.85859375 0.22296390231424992 0.1 0.10214428298109554
0 0.89140625 0.3426860498549219 0.125 0.09135222872636942
0 0.89921875 0.41929400165032005 0.096875 0.08962610226293637
0 0.72421875 0.6932758814334028 0.16875 0.12910675878059868
0 0.65703125 0.8108537459929792 0.13125 0.11638859016268803
0 0.89296875 0.7059763902140015 0.1109375 0.10689541549465283
0 0.82578125 0.8118355047735779 0.0921875 0.09741133118569749
0 0.4578125 0.6729759752103279 0.1921875 0.14174311416679294
0 0.43984375 0.7611526860809124 0.15 0.12587267447164335
0 0.07890625 0.5168653131335207 0.1578125 0.12123062626704133
0 0.08125 0.4114101986721401 0.159375 0.12280221662612104
0 0.3109375 0.15884023145684395 0.1125 0.08659200585373247
0 0.1625 0.20953914734428025 0.1546875 0.1227749455488821
0 0.3203125 0.22998852361132163 0.175 0.12758062021691724
0 0.2203125 0.1137817406302261 0.10625 0.094368144417414
0 0.47265625 0.03399983362158436 0.1015625 0.04746587334017516
0 0.36015625 0.12397032776785188 0.084375 0.09267837939029935
0 0.43125 0.03688393910597449 0.090625 0.06146474082661783
0 0.240625 0.29436866529826117 0.1140625 0.11003859621281205
0 0.23828125 0.7295112797596417 0.115625 0.11317268657189175