0 0.10859375 0.5796875 0.10234375 0.1125
0 0.16171875 0.81171875 0.084375 0.0890625
0 0.275 0.86640625 0.07109375 0.10546875
0 0.35 0.890625 0.071875 0.103125
0 0.64609375 0.75703125 0.09765625 0.15703125
0 0.775 0.6953125 0.10859375 0.171875
0 0.62109375 0.94765625 0.06796875 0.10390625
0 0.74609375 0.878125 0.08828125 0.0875
0 0.70546875 0.725 0.11171875 0.19609375
0 0.75546875 0.5046875 0.10859375 0.121875
0 0.4859375 0.075 0.1 0.15
0 0.06484375 0.29140625 0.05625 0.10546875
0 0.26796875 0.265625 0.10234375 0.1515625
0 0.1703125 0.153125 0.08515625 0.09296875
0 0.04140625 0.390625 0.03828125 0.10390625
0 0.16015625 0.30078125 0.08203125 0.109375
0 0.05078125 0.33828125 0.04140625 0.09453125
0 0.34921875 0.21796875 0.09296875 0.109375
0 0.2953125 0.159375 0.071875 0.109375