0 0.5443354950627545 0.2865349326262646 0.1565455983942421 0.2508921185055306
0 0.28530946483019787 0.8719779602256998 0.10953329117755653 0.10180005357072233
0 0.40825561149871026 0.9029979094943513 0.10186049352159503 0.12819891233702024
0 0.48589975014765835 0.9090354496723932 0.09703329117755644 0.10158186525912001
0 0.742103278063863 0.7301191116023764 0.14060162091177605 0.17257620373287813
0 0.8539035687799942 0.6602759902541768 0.12726101172019222 0.13488528896022595
0 0.7700046398763404 0.8976066205308302 0.11668445712440043 0.11597164772652384
0 0.8709675601421211 0.8291350844099782 0.10444527297895903 0.09546823295387127
0 0.6977375046234785 0.46401682467074556 0.15949132325581453 0.1994387126613319
0 0.7838857557032126 0.4444503928519645 0.13793769586563337 0.15536143019392784
0 0.5066691070321154 0.08844230600305913 0.13521321406423076 0.16155688311602717
0 0.409994366131414 0.08987634658813806 0.11948808451458141 0.1597216477265238
0 0.1852701781284615 0.32162735835926093 0.13074695712440043 0.1162171095770768
0 0.20823970388519797 0.18078021590774282 0.13667558451458142 0.16002165665497756
0 0.24755942704872735 0.3437847763783241 0.141863732262828 0.16791597727182853
0 0.1180943676725735 0.23539380357072243 0.10222143892580315 0.10947618587597072
0 0.06102804904023751 0.4895806972400564 0.05817105027685519 0.10402502678536116
0 0.14111846236618775 0.3754830154212755 0.09935725478036198 0.08913641233702041
0 0.06109909777593322 0.4419789943179572 0.07153264342930994 0.0933329886359143
0 0.31421839605020363 0.22711151947846528 0.16207610271317865 0.166708033278183
0 0.7323874051495023 0.23753219114768123 0.12107156847545256 0.1113659683433748