0 0.548630818158845 0.9229807912371466 0.13108016693047428 0.10529055674305994
0 0.7154689771717604 0.9129789685924621 0.10603470282385156 0.10300063103709718
0 0.7933786799956121 0.8151612457103509 0.12138691818411544 0.09408027210332363
0 0.8492853506870099 0.7479797573888334 0.14804034639736088 0.09797816191590929
0 0.7678441002247915 0.42971783920471784 0.17542120031656924 0.12687605172849495
0 0.7072285121407009 0.28251857877987663 0.1444439849563052 0.13534176959604133
0 0.9387954462264411 0.49333537298652413 0.09785848997087002 0.0902733105039836
0 0.8951627696625483 0.35366746773453234 0.1298359156768331 0.11618259263643722
0 0.7270803593959917 0.35268632627259416 0.18561455423577727 0.15527383636823097
0 0.5335553314201731 0.2586993308914477 0.15252926959604132 0.1449440901291547
0 0.07510398541852362 0.43437265149106813 0.15020797083704723 0.13124530298213624
0 0.17421715452707595 0.7306830133278351 0.1366769490629279 0.1366769490629279
0 0.06332774795493595 0.6466225989046434 0.1266554959098719 0.11824519780928675
0 0.205177649512511 0.6877968313536661 0.12206887978345568 0.11751777210332381
0 0.07482490828799966 0.7606312746106063 0.11076766693047428 0.10469952335696497
0 0.28076135655950474 0.9386439290046681 0.105960494985435 0.04679609514371989
0 0.21105191330256456 0.8083821159934022 0.09339831050398358 0.09794941818411544
0 0.2607443732525522 0.9278966456185733 0.1003469924781526 0.06848923871722903
0 0.1654452112701358 0.6021943004748537 0.1350689849563052 0.1350689849563052
0 0.2348721950393068 0.930271487859299 0.1144094924781526 0.06889841567683277
0 0.07939405100357912 0.6036000246106064 0.1390290592503423 0.11020537727617316