0 0.10546875 0.584375 0.096875 0.103125
0 0.16171875 0.81171875 0.084375 0.0890625
0 0.275 0.86640625 0.07109375 0.10546875
0 0.35390625 0.90625 0.06484375 0.13359375
0 0.6453125 0.75703125 0.096875 0.15703125
0 0.775 0.65546875 0.10859375 0.103125
0 0.62109375 0.94765625 0.06796875 0.10390625
0 0.75 0.9015625 0.08984375 0.1
0 0.715625 0.69609375 0.13203125 0.14609375
0 0.7625 0.5109375 0.121875 0.1015625
0 0.4859375 0.075 0.1 0.15
0 0.18046875 0.246875 0.09453125 0.14453125
0 0.26953125 0.12109375 0.07265625 0.12890625
0 0.26796875 0.278125 0.10078125 0.12890625
0 0.1703125 0.153125 0.08515625 0.09296875
0 0.04140625 0.38515625 0.04140625 0.10546875
0 0.15625 0.29609375 0.08515625 0.0765625
0 0.05390625 0.33203125 0.04140625 0.090625
0 0.34765625 0.2109375 0.10390625 0.109375
0 0.32421875 0.11953125 0.08125 0.11953125