0 0.46301082772030755 0.21300386007158584 0.12994181788754577 0.2392738735787013
0 0.12925770999224134 0.2147589919663179 0.09671524545807211 0.09893729991529536
0 0.23801069878235367 0.16143584186749585 0.09448306576151388 0.1096927893919517
0 0.3166936792375163 0.1495343523202524 0.08683006242753395 0.0921412683452643
0 0.611735499081916 0.27582862571542704 0.11756962152108805 0.16390985253201384
0 0.7412955822622355 0.32340782295753423 0.11294602333785927 0.1263188472703421
0 0.6007815078759078 0.11191804415951337 0.1036029742462448 0.10711382096198281
0 0.7159442512079479 0.15316394141573797 0.0992025166698994 0.09130681043863911
0 0.6350941533145832 0.5377972756730747 0.13692539940087514 0.1914734104104042
0 0.7209041075569487 0.5443650650650265 0.1271041181871082 0.1473593893637169
0 0.5367058690567005 0.932237312893007 0.12043953000581897 0.13552537421398583
0 0.4327677970862688 0.942147515573254 0.11941916394474265 0.11570496885349187
0 0.16570732709208774 0.7875510208349258 0.1300059775802247 0.12575740514873246
0 0.2244609605719695 0.9236320049793232 0.10746129788366643 0.13532982622365458
0 0.21119504133639286 0.73996266026923 0.13281198424818444 0.16013240514873245
0 0.1127898790586401 0.8684601156156063 0.08447033697334119 0.10133425782192056
0 0.00810843271642823 0.6293381604809914 0.01621686543285646 0.10182010523343692
0 0.10156494982112378 0.7367172919522005 0.09336710485118863 0.07697129465362344
0 0.015099873018900145 0.6555744367893507 0.03019974603780029 0.09500866311182729
0 0.29909391193939705 0.8267184786003767 0.12809279121570666 0.10231990514873246
0 0.7238066116398347 0.7588293834667604 0.10998052000387944 0.10904034200867016