0 0.53203125 0.9 0.10078125 0.2
0 0.16171875 0.81171875 0.084375 0.0890625
0 0.27421875 0.86640625 0.07109375 0.10390625
0 0.34765625 0.8953125 0.07734375 0.1109375
0 0.64453125 0.75703125 0.09609375 0.15703125
0 0.775 0.659375 0.10859375 0.10859375
0 0.62109375 0.94765625 0.06796875 0.10390625
0 0.74765625 0.8671875 0.09453125 0.11953125
0 0.7203125 0.68515625 0.14140625 0.1484375
0 0.76015625 0.48984375 0.11640625 0.128125
0 0.4859375 0.0734375 0.1 0.146875
0 0.2203125 0.2453125 0.115625 0.109375
0 0.27578125 0.10546875 0.08828125 0.12890625
0 0.2640625 0.29375 0.10859375 0.159375
0 0.1703125 0.153125 0.08515625 0.09296875
0 0.04140625 0.39609375 0.02265625 0.1
0 0.1515625 0.29765625 0.08046875 0.09140625
0 0.04765625 0.371875 0.05234375 0.09140625
0 0.34765625 0.2015625 0.11796875 0.10390625
0 0.2984375 0.0828125 0.059375 0.165625
0 0.30078125 0.13515625 0.1 0.1140625