0 0.7853343008792906 0.797132655339312 0.09776756242753404 0.0880272408266178
0 0.67130388072563 0.8535275802037388 0.0876909318225902 0.11764201795398073
0 0.595953194361112 0.8765378333269969 0.08539510818516849 0.08951701795398108
0 0.2997952846684331 0.7606981681269315 0.12056707576345352 0.1568772347764936
0 0.17348774724574828 0.7185374183233233 0.11125597758022465 0.11934087334017515
0 0.3095853886015378 0.9280220235131257 0.10191292848861026 0.10054542154477701
0 0.19512414693648755 0.8843669514026147 0.09413237939699579 0.08175906010845857
0 0.2846317677086696 0.4964220446885605 0.13329021637033697 0.17881586729005097
0 0.1947242448298523 0.4966805990414825 0.11903652667183913 0.1381272347764936
0 0.3887598689360142 0.0921481560266831 0.11380689273291544 0.15059087334017515
0 0.49328787226999415 0.07556061972593786 0.11342425546001174 0.14590337334017517
0 0.7601092262030988 0.24437983918072925 0.11728283697334127 0.09751132513557322
0 0.7058517740867652 0.11431508927892511 0.11629416394474265 0.14279655405833439
0 0.7049594695351391 0.2784503121515621 0.1170594384905499 0.15217155405833438
0 0.8084507445399882 0.15008493851679933 0.08915783697334101 0.09734769867214013
0 0.9234387893795388 0.3883667093976464 0.03616038273097573 0.09860112646343318
0 0.8181291492316973 0.29005140836437415 0.0904971963664579 0.07549087939029935
0 0.9159929511982497 0.37425421242270857 0.05701501666989941 0.08622839149054773
0 0.6323029616592313 0.20142874901804136 0.11103283697334128 0.09747496369925476
0 0.19808771620115917 0.29269708098930575 0.10841802000387935 0.10370678298109545