0 0.8143607796142478 0.43187726045448543 0.2879982526208938 0.14108389231879598
0 0.18200844309708153 0.8878342169196447 0.1061079025286086 0.09938718775644091
0 0.11986699337393672 0.7819078690870914 0.11800712523071266 0.09052152372599612
0 0.08838525833333151 0.7109122781746204 0.12143251387966063 0.09533635771838504
0 0.201630242137319 0.3982942144481868 0.17645997532299768 0.12718853558899426
0 0.2737228925064593 0.2633727277940596 0.14873549352159499 0.13229252965749527
0 0.0348396676448869 0.443348093383929 0.0696793352897738 0.08669618676785795
0 0.08198717304355772 0.3096071047526355 0.13357156847545248 0.1145320266917457
0 0.26709335826873304 0.3179328938016709 0.17760097316352938 0.16931236859279988
0 0.4587487345791799 0.2607291833449978 0.1522610117201923 0.13866986364988404
0 0.8935185510520476 0.4922828612527882 0.16229734577334867 0.1250530326232447
0 0.7448762877906958 0.7705604170705566 0.13134773442229636 0.12846719269935694
0 0.8791196822997399 0.704751027754691 0.1459714389258032 0.11347886266130089
0 0.6907790731081562 0.7346746552075584 0.18184838217054294 0.13831703657757738
0 0.839197984274638 0.8143515208346088 0.11099566162790717 0.10270318874502422
0 0.6053970758859334 0.9669658903788108 0.10612888648947952 0.05107702174883002
0 0.6976823103082298 0.8469664081733079 0.10757027297895938 0.09788835475263546
0 0.6302166031838293 0.9585777288198237 0.1010804410852714 0.0695723537640525
0 0.787251159782206 0.6226786739906387 0.17151165946843888 0.14724636760421675
0 0.8057448480897001 0.32186559049254154 0.28222791640826933 0.19695189034162972
0 0.8717169949150962 0.6613684422794275 0.13759773442229636 0.12872186068413444