0 0.629616658186029 0.18363948441736233 0.1359994549975255 0.10133884364130097
0 0.8617131852098219 0.2780424150320045 0.10647572930778537 0.10204047424624481
0 0.8883343181810801 0.3852330327600707 0.09825379353213641 0.09359024545807211
0 0.9220309667561706 0.47899887927630963 0.11288950361804453 0.10567565727678296
0 0.7667890253263123 0.7378164145729625 0.17176653663473135 0.13070735030926067
0 0.7099768605815627 0.856088311388764 0.13245837516934209 0.12283120636839726
0 0.9376337918346558 0.7618751521551269 0.11009205223856355 0.11167056576151388
0 0.8777818362713031 0.8666744803344762 0.09413950361804453 0.10414510818516831
0 0.4984927267057933 0.7096923171386397 0.18985479534115868 0.1492978536432407
0 0.48843937528088377 0.7998868824411117 0.15285276232447184 0.1260518012176462
0 0.10617135063194001 0.5415335378817268 0.16206398801421237 0.1236920757634536
0 0.09994460481581152 0.43756351500290946 0.1569670522385636 0.1154969384905499
0 0.253265520126388 0.12724725258507386 0.13805992198083886 0.08128143515657005
0 0.1648758067611194 0.23671823424818444 0.1476739393936934 0.11629416394474268
0 0.3202593475797223 0.26262651425400346 0.14027087516934209 0.12346893515657005
0 0.21045722241038015 0.14164472137130685 0.10960072930778511 0.10229556576151388
0 0.4517229522839921 0.05476570107756344 0.059695904567984216 0.040656693032477806
0 0.3574550531430748 0.15597777258895318 0.1127257293077852 0.10255065727678292
0 0.25038393882786647 0.32460061364518034 0.11009205223856364 0.11167056576151388
0 0.276891043643678 0.7561694780392666 0.10260710085908267 0.1172828369733411