0 0.5753631624429103 0.22204178449270368 0.20968726639624685 0.2548898717519415
0 0.8664608365081825 0.27249534658484276 0.10625184523075966 0.10484323295387146
0 0.7724991941864967 0.191062340092021 0.09770563942190087 0.11561709172016936
0 0.7047439317389421 0.1664111676087309 0.09640324855010754 0.09842959172016937
0 0.3791034690816061 0.23113259212391118 0.1472805095477696 0.17265802434972927
0 0.24685873152916069 0.2522927516215578 0.12557053029369403 0.13326824188232517
0 0.4411801844382345 0.07263034537032206 0.11477474025173766 0.11435460064862313
0 0.31680714647087066 0.09314562256272038 0.1072223493799445 0.09705800649282177
0 0.2895511039301147 0.4838115328711458 0.156987396270378 0.19779439204448085
0 0.20360194853617433 0.472141601459402 0.14273471950581335 0.1538534772718286
0 0.2730190738369133 0.8981331314911742 0.1343069128671175 0.1661898360381265
0 0.3674076912634898 0.9282728246740408 0.1363663203356503 0.14345435065191836
0 0.6708780786107982 0.8198089029982343 0.14900803029369403 0.13367734496658024
0 0.5805113425082453 0.934896745939515 0.11811322780418294 0.1302065081209701
0 0.634515448736667 0.7628497909855254 0.13227081618646536 0.15991256249917624
0 0.7025289750816688 0.9079771047025176 0.09543274440092268 0.10621481818121907
0 0.878550713883514 0.7013976424449275 0.060820946060596626 0.10248980032431163
0 0.7502113037156889 0.7742566696373258 0.09869945435896632 0.08754663879807012
0 0.8614690350443569 0.7409959305943744 0.0841400468904336 0.10133640340856669
0 0.5317680344196569 0.8283326948011291 0.1400115385920639 0.1179159772718286
0 0.14326440931941062 0.6799580555993174 0.1210247402517377 0.11446369480442442