0 0.9268941798569686 0.4227137921473184 0.14537747402109957 0.1889746547112475
0 0.8475933540139543 0.8043076355944855 0.10164961733238051 0.09728989926336595
0 0.9011011302449564 0.6937964704916778 0.11371257475773362 0.09191398441265974
0 0.915442499671024 0.6182119624459063 0.09954081411407216 0.08936813861970413
0 0.7882526609154337 0.3374150665367351 0.1757533888718056 0.17865986758448216
0 0.7424981284802454 0.18831093101912408 0.12941398441265975 0.11633483020561534
0 0.9621279314464527 0.3320070286536651 0.07574413710709464 0.11011768119435103
0 0.8975733945717888 0.2167205182621049 0.12294546312533612 0.11277278763096843
0 0.5665308442034718 0.2877585460057162 0.19489687278026224 0.14112701659574647
0 0.5207323891239072 0.20538844241909046 0.1509283514929388 0.13494271857321788
0 0.15465282912033457 0.5724927230126934 0.23478989926336583 0.11126455397461328
0 0.10440182082246133 0.482583271035222 0.14783620248167453 0.11295845792955603
0 0.3205995292562206 0.7563710602556741 0.12272694183801276 0.10964778763096845
0 0.13908209546397948 0.6866316326676193 0.14460194183801275 0.11117743664223276
0 0.3096348960843981 0.700612733152152 0.12941398441265975 0.11633483020561534
0 0.18751923148579355 0.7955096059324143 0.10644637797604233 0.09918018119435104
0 0.4397040803808423 0.9215429561648453 0.09437271287323465 0.037696377976042326
0 0.3325093033935356 0.8144185070373655 0.10768109604505716 0.09460194183801258
0 0.4064545378061954 0.9175874296817417 0.09746486188449896 0.05968063861970414
0 0.24653968036117183 0.6178819966458053 0.11938342055068932 0.10630426634364483
0 0.3057575991471503 0.19608377027891727 0.10208665990702759 0.10353989926336586