0 0.8296244602265734 0.3319223223870208 0.17558363477870326 0.21508331618646545
0 0.3292086888792576 0.8684377336037532 0.11173716531583314 0.10625184523075966
0 0.24753017045314665 0.7708182950163337 0.12185445909527762 0.09770563942190087
0 0.2111832758724986 0.7059395788345127 0.11744036116879615 0.1004754419114116
0 0.25628470504277706 0.36750311825176907 0.18995920160240712 0.16650410622842174
0 0.2714032741755551 0.24367453194407918 0.14163927879370347 0.12869553029369402
0 0.08791470532560097 0.45654507531002775 0.10283105702175907 0.09315984937994451
0 0.12483036201726791 0.3121905014498925 0.13470577360990718 0.1204094336130419
0 0.28130382888823996 0.4017830298694868 0.2071467016024071 0.16780649710021503
0 0.48837616069768475 0.20678614812125584 0.1618929901980554 0.14730382033565032
0 0.9415408254478699 0.36897019126348984 0.11691834910426024 0.1332413203356503
0 0.8182336497179616 0.696115799566504 0.16044806738935158 0.11304721950581324
0 0.9545913477618282 0.5812333929231638 0.0908173044763437 0.12171182448483506
0 0.8539278504718968 0.6187002719721024 0.11683476842611107 0.11129454274124875
0 0.9538582616403002 0.6959237775711797 0.09228347671939971 0.10973204274124874
0 0.762860518945276 0.8811904618089216 0.10790953628657399 0.06250184523075966
0 0.8377935854861558 0.7488972574499553 0.09570206220555555 0.10038035352912936
0 0.7839153127247205 0.8701578734266391 0.10472574769092588 0.07933414772027021
0 0.885296136192823 0.5188060931329452 0.16937329952888866 0.16183991701630235
0 0.6991872301132867 0.14441251222384005 0.1138464694628702 0.1126202444009226