0 0.7824623326688801 0.5249377873808998 0.24360790252860873 0.09669423458010193
0 0.8276780097176075 0.18495768199470547 0.10122014342930977 0.09274201190385671
0 0.8664820889904018 0.28625656158139656 0.11135660703211556 0.08030564441741399
0 0.8654622046603903 0.3752917905041577 0.09593186613141391 0.0833397408266178
0 0.6979197470745645 0.6620974197962612 0.16774630937615384 0.10718630698520056
0 0.6312655683277942 0.7882195582617468 0.13024630937615383 0.10696813836728972
0 0.8620823766242139 0.6595804320929013 0.11099566162790708 0.09904655405833437
0 0.8040917990494627 0.7723758687629889 0.09507027297895938 0.09426815046753809
0 0.4333565993263179 0.6714461904807166 0.19571062307124426 0.12921584308955403
0 0.4146182888704299 0.7566797085328932 0.1514599753229977 0.12114881303532492
0 0.06301068399317027 0.5518846868664793 0.12602136798634053 0.11341812626704133
0 0.06006495913159787 0.4480147983027978 0.12012991826319575 0.11178290339440444
0 0.25315887106865953 0.19298588895646498 0.12988536397194572 0.1257090480082102
0 0.1101610402547059 0.2430182260940908 0.13932092072720587 0.10233518052176746
0 0.2912107811554073 0.24508874444085516 0.15877182757475108 0.1133817648307229
0 0.1810824144056844 0.13561427137182644 0.10510660703211538 0.08026928298109555
0 0.43920339990771495 0.031806973560007994 0.1023029796419344 0.03651928298109554
0 0.311751423504983 0.13173022638867837 0.08373225478036198 0.08795451795398089
0 0.4083841964839423 0.03745298556206054 0.09549177513842758 0.05209883118569745
0 0.19719186844776587 0.3229506449083933 0.10614747532299776 0.12088519262201594
0 0.20120663094315053 0.7477688377268009 0.1129586798265045 0.1053056444174139