0 0.3308268942587814 0.13164662199996863 0.11676568874502422 0.1132122402517377
0 0.2265877218253795 0.15117602676920905 0.09900518577927472 0.0978473493799445
0 0.16001303406893846 0.24644005996268809 0.120434516805914 0.08856743776222675
0 0.12733318524780207 0.3176279757295907 0.09556185079830275 0.08979805103961844
0 0.20681911950702098 0.636332276769209 0.16721135771838497 0.12793851369695447
0 0.23343867483049768 0.7715719597575511 0.129393022737413 0.11728443361304172
0 0.04847202690171046 0.59024741431701 0.09694405380342092 0.10781434523075965
0 0.07275318422203784 0.7147271960605965 0.08969385277546911 0.09869945435896632
0 0.4662458576440229 0.7124141377715156 0.18809686068413445 0.14354020290907385
0 0.454708838366651 0.8032283919207005 0.14839769072219067 0.12495522365499809
0 0.8749961165412715 0.7010696215989833 0.16077035672980172 0.12277741701630233
0 0.9049475547920041 0.6006794579066732 0.15101335475263547 0.11269202199532416
0 0.7642376190499105 0.28438883923069685 0.10812551779449713 0.0923077444009226
0 0.8921451017497048 0.37636561952439085 0.14776102076024672 0.10933022365499818
0 0.74734193771926 0.35285449669922964 0.13857702174882966 0.11330732863402009
0 0.8681902900004375 0.2718906844614565 0.10512785178688588 0.09519594606059663
0 0.6500517381370019 0.10568165354306251 0.10321784190105418 0.048320946060596545
0 0.7311505464262281 0.23094360790202884 0.08331651878308026 0.0951008576783142
0 0.6777310691636412 0.11875033860599693 0.09291701186299797 0.0631171518694554
0 0.785501170913346 0.43567957470854973 0.11070668973360753 0.11742614357108568
0 0.6536901664275406 0.8433834857015675 0.11689302273741298 0.11633724025173783