0 0.4614464632388843 0.06615165163597414 0.1454328683170294 0.11504136266130086
0 0.8232723580760345 0.15662682403219494 0.0940677893919517 0.08956651878308035
0 0.7142760606504005 0.10105459775819114 0.07926183674699842 0.10299234882113639
0 0.6407398501129394 0.09236003007742473 0.08174979991529537 0.09218218281352519
0 0.334748913394176 0.2342079263505535 0.11369702090551304 0.15895318874502423
0 0.20380275028234865 0.28786612003849366 0.10526289462538865 0.1211985207602467
0 0.3592847237622279 0.06719683988670679 0.09792083148532651 0.10219385277546908
0 0.2408385606504006 0.12034569760509176 0.09370376834526431 0.0833165187830803
0 0.29501376627912573 0.5016010147915665 0.12609060509226264 0.18439885771838505
0 0.20572375312494612 0.5091362835746469 0.11572995776545084 0.14033052273741298
0 0.36385841666029645 0.8986259120160975 0.11029900512049755 0.15413835475263546
0 0.4614313666744139 0.9094586412558507 0.10184946828879457 0.14288251977166339
0 0.7479057349208562 0.7146276664275406 0.11363683674699843 0.10439302273741298
0 0.9140837427427767 0.6314756323214212 0.060784852532014 0.10691584486680376
0 0.701144126985996 0.674445676807664 0.12169153142885669 0.16239652372599628
0 0.7911559350055608 0.8017164895455146 0.08211382096198286 0.09843218281352506
0 0.8110196559251912 0.6613952370740567 0.08718075256024882 0.07837435079830275
0 0.9106248137753467 0.6105728833100044 0.053442789391951705 0.08791117688202625
0 0.5843367876081619 0.7797472835374657 0.12812354195220052 0.1657761917107738
0 0.19118529806091833 0.7186067840689384 0.10380681043863911 0.09619852076024671