0 0.4462675746282591 0.6291396964848038 0.19281602103089918 0.14533950124939993
0 0.7492453262101388 0.17599599877382208 0.10491322930778502 0.10132754689043351
0 0.8143579918593996 0.28054271143115816 0.1188119549975255 0.09926813942190069
0 0.835632126300996 0.35353084815376656 0.10458568068726626 0.0950775468904336
0 0.7002966553609538 0.6460358116362952 0.1715894742194024 0.18575101369695446
0 0.7088826820460625 0.796497752923007 0.1357471494796016 0.12545213112353099
0 0.9222468984635489 0.6314800946292817 0.1027708751693421 0.11984074855010754
0 0.8600224581653443 0.7561831740884942 0.1293333751693421 0.12185353444287905
0 0.5036872489839472 0.7158477137062433 0.23458744120271574 0.17029287967363854
0 0.4868062861845055 0.7984942703449391 0.15868668249628842 0.14742221950581325
0 0.10297841757185437 0.6074358369323898 0.20595683514370874 0.15959217801396441
0 0.060540273067064075 0.5547835109976621 0.12108054613412815 0.12519202199532414
0 0.2208193537997587 0.2614506759393721 0.10869332654882316 0.11406434523075956
0 0.06629450672806284 0.3479298597529067 0.13258901345612567 0.12026772365499819
0 0.24451580337021742 0.31815096183214353 0.17694535956550989 0.1394680095477696
0 0.09347228177349134 0.23689819398600412 0.11140889077317435 0.10648864357108563
0 0.32855104590698553 0.0915660736596426 0.09579717887824382 0.046166450209781426
0 0.2354860413844298 0.20608866971559475 0.11280761646291486 0.10348204274124866
0 0.2992353601313368 0.09718818901162665 0.10006859905006031 0.06827824855010749
0 0.15724377544191329 0.41193500539858474 0.11123847241038014 0.13293274440092265
0 0.27448002657356707 0.8239758319580123 0.10852955223856364 0.11093934523075939