0 0.3372664005691929 0.16546670624072102 0.13930005357072242 0.11033106965141815
0 0.11600328084584628 0.2531803109449909 0.10955800649282174 0.10565021370395282
0 0.10397879342774799 0.3596792944366475 0.10163641233702041 0.09899077792830413
0 0.08360601786020277 0.45166539857509047 0.1158352800317721 0.10754026232447185
0 0.27603543101129735 0.7166706801214392 0.17416597727182853 0.14025758706427266
0 0.3490171891289722 0.8362262635676674 0.1365023360381265 0.12891729534115867
0 0.10679450731019122 0.7359518673674261 0.1112841477265238 0.11510710085908257
0 0.1972228640478943 0.8415644595200813 0.13014324188232518 0.12233974672063966
0 0.5335848782513538 0.7004536171402834 0.16347393912238156 0.15374687697836453
0 0.5656922203785604 0.787370440975573 0.15533415665497757 0.13458744120271576
0 0.9117349720001181 0.539637784371424 0.16158415665497755 0.13491498982323477
0 0.9065037755708406 0.43614429217333994 0.15826824188232536 0.12381371551297522
0 0.8765219951320313 0.36185029907074495 0.1445330243497292 0.14182673111680738
0 0.8131061517870088 0.23184853855529536 0.14900233603812651 0.12957239258219663
0 0.6554339736216759 0.26033762946475525 0.14727619480442442 0.12011550542706698
0 0.7545999508935044 0.1341646330827999 0.11583528003177221 0.10754026232447185
0 0.7042005304388091 0.10962830054108297 0.13247730925276535 0.07719102103089917
0 0.6066027816566252 0.14595754692303836 0.10799550649282175 0.10556832654882316
0 0.5501539586041422 0.06480272218323753 0.10906708279171565 0.07752521370395286
0 0.7302879232973642 0.3174341564885482 0.12531937418757338 0.11428158525525038
0 0.7743638368554959 0.74904268260783 0.10514324188232535 0.12102955223856356