0 0.6103489275235067 0.838048026872206 0.096773180687266 0.09071925843752035
0 0.8143613981248645 0.7545013729738563 0.10655761646291495 0.09885914065150558
0 0.8394200310961228 0.6483505766947207 0.09973440637700648 0.08770338584218215
0 0.8748020104039078 0.553536584499269 0.12102955223856356 0.10716271397248338
0 0.7121603267759657 0.2940772828626558 0.17160276232447186 0.1198462524470707
0 0.6530044120312162 0.1729314583605517 0.13410276232447185 0.11853672359113018
0 0.8816473111721337 0.2741219030109233 0.11173643939369313 0.10839783175849824
0 0.8029634684536513 0.16847459293678954 0.12744332654882307 0.11050596878180671
0 0.4437002538451872 0.3128099578123975 0.19470606965141818 0.1440476442797028
0 0.4320434588427129 0.22275787668687155 0.15474281094499087 0.1254960517214313
0 0.06879650836774301 0.4722172511811264 0.13759301673548602 0.12431549763774719
0 0.06346387720550706 0.5761507830322918 0.12692775441101412 0.10373017912609299
0 0.26568820273827737 0.8227901369384906 0.09989818068726608 0.09082838584218215
0 0.10967389812486457 0.7791096027250723 0.1528527623244719 0.11919148801910033
0 0.2607793747191162 0.7527777373013103 0.1416696008590826 0.11412204210278443
0 0.16553439450681995 0.8738566183341689 0.10968261646291486 0.09896826805616712
0 0.41094871381955383 0.9526264259612323 0.10434666327441153 0.05667164065150558
0 0.3080084995497741 0.8634225714220612 0.1033507293077851 0.09718751324684405
0 0.3813021573971187 0.9528818863055184 0.09866987336031982 0.06739088584218215
0 0.20476174807943606 0.6907886579898828 0.11157266508343382 0.10527283175849825
0 0.21872790931768266 0.2606200083527025 0.11362648801421235 0.11470239546082901