0 0.8284820989719233 0.5637229110151634 0.09656863342392405 0.13427318068726599
0 0.7443974040318174 0.7977537522633076 0.09739915990702759 0.10162445499752568
0 0.6379617337332297 0.8282401916570009 0.08613387797604233 0.0963637449116174
0 0.5450968905381641 0.8650208966545264 0.10107046312533612 0.10960072930778537
0 0.2781164761916611 0.7202218102676223 0.12386310694082044 0.1683958751693421
0 0.1572137503289761 0.6681790326780025 0.11644409084927707 0.129087713703953
0 0.2622461857107011 0.8915202781554467 0.10721120248167448 0.1083657779283044
0 0.1572251859628026 0.8238558225920942 0.11255426634364492 0.11798643939369349
0 0.29451092657964867 0.45237589100031694 0.14225247402109958 0.1864841338757694
0 0.20314288140711162 0.4454884831529723 0.12098947921687966 0.14956398801421247
0 0.4474980768514206 0.0688357909321742 0.11873856436617344 0.1376715818643484
0 0.5525133587824058 0.061550034769938256 0.09944226114786474 0.12310006953987651
0 0.8704771189218645 0.1746637330414307 0.09122556956195353 0.12465251922187685
0 0.7548464011049513 0.10288498756398645 0.11273993664223277 0.1429045522385636
0 0.7361078367387777 0.25954442333963523 0.1294246920901143 0.18114153663473137
0 0.8522405711514374 0.14604076605811747 0.09772694183801249 0.10631195499752559
0 0.9364852591310523 0.3883743509746836 0.05263296312533612 0.10706222749876275
0 0.845258961612727 0.29040824174785795 0.09285377153942491 0.08114818068726608
0 0.9328575145789341 0.3512018995952026 0.06883711733238088 0.09390048620519006
0 0.6692588263472176 0.19143623247560382 0.10742972376899793 0.11149077792830413
0 0.2384787199106002 0.22958020013628558 0.11313342055068931 0.10400582654882315