0 0.5055565766683057 0.8946441693984516 0.09473348997087001 0.08857269867918127
0 0.27640027408188084 0.8833868540340439 0.10116534639736088 0.09489542401336308
0 0.2087604815245859 0.7865385786919079 0.12115959765100212 0.0841942813494537
0 0.1714674185133199 0.7126919986871354 0.09785848997087018 0.08860906134627218
0 0.238110383082161 0.3995112933640895 0.16912573620994645 0.12223972135581711
0 0.25837375580598776 0.2638556040340439 0.13144387978345567 0.1155533693507265
0 0.07525268190766206 0.43900850334181774 0.10929609514371963 0.10592383068109026
0 0.10054453543115889 0.3151261080124085 0.09330738229073818 0.09324201734563572
0 0.49383153417751763 0.3306362133990879 0.19150084138279594 0.13968176002545346
0 0.4786946159934022 0.23986576273072435 0.15193823620994634 0.12203972668681724
0 0.9038430316702353 0.3572747227879944 0.16439277210332365 0.12062267735518084
0 0.9290295851145899 0.4505889181253579 0.14194082977082018 0.11271927068745353
0 0.8056438417120002 0.7669304387730406 0.10102895407749282 0.0902079240133629
0 0.9307632328447341 0.677078692791176 0.13847353431053194 0.11264654535327186
0 0.790407635127225 0.6995883974379042 0.1391199874635877 0.11095677601845359
0 0.9139337148315384 0.7845912007876763 0.10741534639736088 0.0949681493475449
0 0.7791100854437942 0.8212906747692225 0.08861988229073817 0.09318747334499947
0 0.7377385908540706 0.9293662567631774 0.09722199247815269 0.066734061346272
0 0.8184440554229117 0.6163491834420405 0.11242109514371953 0.10596019334818116
0 0.6761091735943918 0.2070185420909958 0.12358591567683312 0.11389996268299925