0 0.8942706121236895 0.4111113941844192 0.10382495764913066 0.12451452174882985
0 0.8627898497288534 0.1835421511045015 0.09274201190385653 0.0990688527754691
0 0.7553500544511179 0.12387267384191451 0.08190450585373235 0.11581068380210838
0 0.6828756116327102 0.09558318916495372 0.08190450585373252 0.11581068380210838
0 0.3752171268562166 0.21590625391715162 0.11189198770335977 0.16858285672980183
0 0.2413415757247484 0.2697872820917721 0.12447380093507639 0.18315469269935694
0 0.41768694886853186 0.040701959962381434 0.07712610226293623 0.08140391992476287
0 0.2869091266598248 0.08984777270023196 0.09586701190385671 0.09919618676785787
0 0.2810716962362532 0.28769502368881517 0.17887949980360823 0.1369455375661607
0 0.23941948566025636 0.46591286558986933 0.12423745159900632 0.14252969269935695
0 0.4711946429634857 0.9032378161607106 0.11339994554888229 0.1592715237259963
0 0.8821190283057134 0.7544939796596828 0.06628859621281222 0.11673651384016441
0 0.7065514017440844 0.7249377667315519 0.11656130698520073 0.16564885771838486
0 0.7933514440949538 0.8416849149446659 0.09276928298109546 0.1037563527754691
0 0.9438928413410382 0.6082609668081016 0.04748405405833438 0.10659750988583169
0 0.8097582149758009 0.7066732449827221 0.07549087939029953 0.08743101581733086
0 0.9319104709277294 0.6540509692795595 0.04587610226293606 0.09872134288963749
0 0.6235434590238726 0.7619058675298547 0.09442268657189175 0.1194450197716634
0 0.6684332573266705 0.8327157746402172 0.08661018657189175 0.11912668479069159