0 0.4166092494685274 0.4026924793920882 0.18963018577927465 0.0927885786919079
0 0.14010782749223605 0.8199868780235444 0.09444501977166349 0.09480451734563573
0 0.09950668521062103 0.7038346193507264 0.12199701680591395 0.08106928134945371
0 0.08615645102795182 0.6286437153484993 0.09393568380210837 0.08230451734563574
0 0.2433428458182058 0.33892832936822564 0.16389535672980182 0.1127919960216354
0 0.3031237055137571 0.21456467604231624 0.1261406887450242 0.1061056440165447
0 0.07511942783342826 0.3432238360120904 0.10707235376405229 0.09807496801399936
0 0.13445461855561885 0.2297976826861809 0.08800401878308031 0.090044292011454
0 0.5109123477953721 0.3326623374044967 0.18790585969555132 0.127127216024817
0 0.5231669500765497 0.24291858473899666 0.14520902372599628 0.11413632001909005
0 0.900859574069376 0.44975312412472157 0.15901685574121843 0.10804995202099903
0 0.9039434703053237 0.5467099401256761 0.1522575197716634 0.09547722668681721
0 0.693710329963694 0.8147043200986317 0.10627385771838505 0.11680678668045408
0 0.8317488408381088 0.7647235961170855 0.15133168973360744 0.11108404535327168
0 0.6687859258190809 0.7550111467615865 0.1512043557412186 0.10795904535327168
0 0.7838604860854735 0.865777018777813 0.10187551779449713 0.08552042401336309
0 0.5356856298499633 0.9715344807447238 0.10146434091247106 0.03710110534690827
0 0.6430126515987931 0.8696094487587231 0.0816266847906915 0.08684656667727211
0 0.5742852148309352 0.9641674234165871 0.09004667984777566 0.063518154678545
0 0.7629298566554397 0.688887254773995 0.1030215237259963 0.11364542401336308
0 0.7313786980993833 0.2547207927673136 0.09951452174882984 0.10423406134627218