0 0.4225081998504905 0.7142560899610688 0.12165787314378348 0.23615235870696819
0 0.8225531307650413 0.8571491744849304 0.0880363311856975 0.09575285178688589
0 0.7121059892744936 0.9026606512532258 0.0803056444174139 0.10949701680591417
0 0.6330679290678393 0.9221017179454088 0.07874314441741408 0.10943334980971961
0 0.3284536728213233 0.7627798201894054 0.12748062626704143 0.16296952669174586
0 0.21157524503003028 0.704879795474826 0.10850336729005097 0.12314302273741298
0 0.36013896829545067 0.9516228263494597 0.074055644417414 0.09675434730108065
0 0.23485314286528985 0.8675853839158391 0.09754768657189172 0.11957235376405215
0 0.35354912159165924 0.7473922421285156 0.13542039129415606 0.1851628616727176
0 0.23862005494209715 0.4887428009120335 0.12110336123992675 0.1408398587069682
0 0.5284926386618773 0.09264502821180151 0.10551472267624522 0.14645318874502422
0 0.7891432714700223 0.2869030000743621 0.1131363251355733 0.11395902372599612
0 0.7376312893258073 0.14180140570185 0.09606699980360833 0.1335711867678579
0 0.7381665787498106 0.3184275726980444 0.10232609016268804 0.13538835475263547
0 0.8404472171171002 0.19912842745067982 0.08962610226293641 0.10050401878308031
0 0.959318895202981 0.451687036157648 0.04121587334017533 0.10321784190105418
0 0.8536597685431561 0.3457951804164293 0.08493860226293641 0.10031301779449713
0 0.9532370668459539 0.4225261181728704 0.056786331185697494 0.09447951186299815
0 0.6309404069104458 0.21325329996063136 0.13391243344863374 0.1944741946765233
0 0.24318587685621657 0.24121388490442225 0.08975336729005097 0.12237901878308036