0 0.43887868262626456 0.5315623667249973 0.14324325973923263 0.15163632001909005
0 0.8185159951287361 0.17511565611072216 0.0922886858759707 0.09636701734563577
0 0.705211425729701 0.12771285009545014 0.08938187418757337 0.10883065467854491
0 0.6276767609570486 0.11587537408495066 0.08453073295387145 0.09940111067790856
0 0.32714274715733094 0.26078569537713436 0.13573076866768635 0.16873291335136278
0 0.214829707790068 0.3149362986950896 0.10993983603812651 0.1231295120146357
0 0.3424971915580136 0.06647262137967969 0.09565914772652384 0.11046588001272668
0 0.23146996266133196 0.14953856536440766 0.09856595941492108 0.09800224267981758
0 0.3624762751605081 0.2713510253819068 0.14397964529089177 0.19382382001909004
0 0.2514605032431156 0.534068106699544 0.1274818920444809 0.14364200668363553
0 0.5622942321365019 0.9309931053667938 0.10875916558343128 0.13801378926641233
0 0.8201401396055538 0.715649749442995 0.09538641233702032 0.09484088001272681
0 0.7653277288900912 0.8868520401018134 0.10234552434972918 0.13553860534690826
0 0.7714435409855255 0.7002423781030862 0.13395008035608366 0.15621473201781733
0 0.867484518257354 0.8325832581158128 0.09237050649282175 0.10105451734563582
0 0.9733451858726754 0.5877712921307667 0.036120506492821745 0.10039998933799979
0 0.8735554659044474 0.6881520054503127 0.08927278003177222 0.102580654678545
0 0.9697798551095549 0.6072570887969031 0.054761412337020234 0.09436816534054522
0 0.6894316562446452 0.7898946767584049 0.10977619480442442 0.11375451201463563
0 0.26147425161826254 0.7497658320337257 0.10012845941492107 0.09802042401336308