0 0.5220758869133615 0.8839811387843929 0.10578743344863391 0.19332818874502422
0 0.8736934499486864 0.7259378981387521 0.09589428298109545 0.10388368676785795
0 0.7693826789696434 0.799703003385679 0.08659200585373235 0.11600168479069169
0 0.6988156489154141 0.8463180182144268 0.08826359016268803 0.1348153517868859
0 0.38382242887144746 0.7505850014456937 0.11964085518980258 0.1579636917107738
0 0.24519626610726916 0.6812513641069946 0.12253859621281207 0.11902852570316255
0 0.435865676140973 0.9343578235750843 0.08336701190385672 0.09868685079830257
0 0.3001781610156625 0.8969281022439966 0.10527837334017516 0.10582818874502423
0 0.3036627510801545 0.7007388517497048 0.1619101684215191 0.17374520060802218
0 0.23756609416970864 0.5159765325860637 0.13364881303532483 0.14916169467652338
0 0.45423752722555893 0.06928987498140947 0.11964994554888211 0.13857974996281894
0 0.740192687062871 0.17838376030576125 0.13041472872636958 0.13028436068413454
0 0.666732982046019 0.06133347699685067 0.108621541958086 0.12266695399370134
0 0.7031557744950844 0.23456743471632943 0.1322590298578376 0.1787855276803289
0 0.7774795845053472 0.07923133589519304 0.09904655405833437 0.10869852076024666
0 0.9378984131569619 0.2960793017890735 0.036537463699254855 0.10458934091247105
0 0.8157284973677215 0.21748341099033325 0.09434996369925477 0.10694501977166349
0 0.928664313722696 0.27224255376623985 0.06618860226293606 0.09954901384016442
0 0.607498361730906 0.1634829549822845 0.12413745764913067 0.12534219269935692
0 0.6300687742004968 0.0568124382135516 0.08986245159900648 0.1136248764271032
0 0.6477739037871879 0.08764069657932752 0.1116465480082102 0.1263953567298018