0 0.47357333450534717 0.09483521285782874 0.09972833098930564 0.18967042571565748
0 0.8107707482514842 0.7725706331749015 0.09117951190385654 0.1021796518694554
0 0.6964400826586354 0.8273075225968023 0.0787522347764936 0.11373245850815117
0 0.6197594079906004 0.8534215819347905 0.08345791549465283 0.11721265601864025
0 0.3308246938985621 0.7191346280000314 0.11188289734428025 0.17090634108157482
0 0.20947693472518 0.6377447632727472 0.11796018052176753 0.14169243776222676
0 0.34219748937268957 0.9119374346387271 0.07562723477649361 0.11349566016782511
0 0.22240313984022775 0.83199167074128 0.10226245764913058 0.12800844606059664
0 0.26172978113438383 0.6494033910722858 0.15561471662612103 0.1710965178461393
0 0.23944221155795545 0.45352312862473126 0.12579086123992678 0.1454094336130419
0 0.5433136627641784 0.05647052986948675 0.11024767447164337 0.1129410597389735
0 0.7922182744950844 0.2031344715571838 0.11786927693097145 0.12606743776222679
0 0.7508534519917898 0.06795063629840112 0.10078177088084708 0.13590127259680224
0 0.7481864733636162 0.25488714832174847 0.121285168421519 0.17630423610255283
0 0.8520932442444634 0.11269780309098891 0.09276928298109546 0.10698555103961845
0 0.9623484464326448 0.35579476242433267 0.034965873340175334 0.1041672817435865
0 0.8598461360295987 0.2565778576550923 0.08806360226293641 0.10350535352912935
0 0.9578063921779189 0.33114995993482177 0.05992042154477702 0.09824916846619489
0 0.649640409935508 0.14678049562710052 0.13691925878059868 0.17905072780418313
0 0.30128926834676434 0.15833976057345484 0.11097490319801277 0.2832879419114117
0 0.7071125423508694 0.06667767591615015 0.11789654800821019 0.1307549377622268