0 0.6922654846037757 0.4185734060815781 0.15098288669636234 0.22826230721668547
0 0.13532240455923222 0.7821442666574379 0.10110906134627214 0.10172079117755661
0 0.0984138452419133 0.6666286906238461 0.11190111067790856 0.0899216980251019
0 0.09147404925209465 0.5921293383720927 0.10728633601209034 0.09587130937615385
0 0.26758475262572917 0.2841900231358428 0.17211245202099903 0.16560162091177597
0 0.33208415197327396 0.17544727637504529 0.1295067813494538 0.12696062307124434
0 0.06971032662318383 0.3156064111664819 0.11190111067790857 0.08992169802510182
0 0.17028358597231946 0.19284193476375 0.12469201201463567 0.11572273442229637
0 0.28429044728677483 0.32449484808970025 0.18314085868872623 0.17411502775932125
0 0.5455921213001378 0.20938577807308828 0.14685791335136286 0.14212454811738687
0 0.9175371099220492 0.5149921213824266 0.15138178134945407 0.12836243676633483
0 0.654535481222187 0.7761949413990386 0.15112724267981753 0.10648743676633483
0 0.8526735365611412 0.7221223033683994 0.13875451201463562 0.1166239003691402
0 0.6942706905633684 0.7158792026578056 0.101181786680454 0.10797079117755644
0 0.7874747032145508 0.8238838649040217 0.10583292401336308 0.1051461798265045
0 0.527017913868597 0.9334741201458089 0.10530566534054522 0.05983367982650449
0 0.6421803845480965 0.8316334130214085 0.10265338001272681 0.10025842072720578
0 0.5528355265356878 0.928696982576595 0.09763861600890866 0.07183303207825772
0 0.7781286172422315 0.6207285865263914 0.17185791335136286 0.14372662091177588
0 0.7656409919637289 0.217923761572534 0.10588746801399936 0.1098336798265045