0 0.13763617817450036 0.45525006050124206 0.2752723563490007 0.13594763212077385
0 0.08617932375810786 0.7905290303488168 0.09996779121570668 0.0958488311856975
0 0.05558264118661167 0.6774795845053472 0.10803538273097572 0.09901928298109546
0 0.0549924519471557 0.5986142411212054 0.102455062427534 0.08805451190385653
0 0.24182186968492028 0.3187535034178456 0.17519093182259018 0.11815107806243948
0 0.3173316659015968 0.19727795833650164 0.1373082945496865 0.11324540944452863
0 0.05626636226805444 0.3050324127641783 0.11253272453610888 0.11473518657189175
0 0.14422900574987588 0.20375119301479935 0.10022288273097572 0.09897383118569747
0 0.5052466408967475 0.3250297327333902 0.2032839809142045 0.13705561416679296
0 0.5301666346878298 0.23976894360397458 0.15876870636839727 0.12742608411256368
0 0.8827662498308222 0.4641724833225654 0.1676335233378591 0.12123062626704133
0 0.8773456840693082 0.5688418026044062 0.16125597758022464 0.11963176483072288
0 0.6469734314842344 0.8177207059006146 0.1345659318225902 0.11791472872636959
0 0.7968297813344531 0.7707770073266704 0.14799070303441741 0.110184041958086
0 0.615946443153164 0.7577735341594458 0.16594347758022465 0.11965903590796181
0 0.7188167384517566 0.8750877783057135 0.11001247091226496 0.08497496369925486
0 0.4553604031454054 0.9648598471947707 0.10682382697140155 0.045912463699254856
0 0.578765694361112 0.868874660622879 0.10283769970043757 0.09274201190385653
0 0.48452174466067444 0.9615666755517978 0.10172173879011233 0.059938602262936416
0 0.7178435251255354 0.6861207270760494 0.11501870636839744 0.12717155405833439
0 0.750192221202129 0.2611343626146688 0.1373082945496865 0.11324540944452863