0 0.43076087495082377 0.8003728208571532 0.18246184680136182 0.31155836189159736
0 0.05181764112998068 0.7296712758355557 0.10363528225996135 0.10861389342673622
0 0.1413323881923756 0.8100692502843405 0.10194454827463013 0.11936955547083343
0 0.20618720984801614 0.8561824905006947 0.10394409084927707 0.125655923062014
0 0.5322523191346251 0.7925622804882991 0.14283162822814396 0.16867987765916687
0 0.6788813006972931 0.7435461650813201 0.14642652179152654 0.1531639804327085
0 0.45059313768817244 0.957835256268264 0.09728989926336595 0.08432948746347187
0 0.5902783505614073 0.9363317707046533 0.11000842055068923 0.10083776101791671
0 0.6248111597318007 0.7446352331855909 0.18890895273377595 0.18067203780340294
0 0.7171182640747309 0.5660212303357992 0.15278578243518837 0.15487195079743063
0 0.5755138162077589 0.09555999391916715 0.14272236758448215 0.16711737765916676
0 0.2742794621169301 0.19575413677722248 0.1435528940675857 0.13437761284152785
0 0.36472378167888364 0.0773509353142017 0.12680243664223267 0.14022756933854175
0 0.2991976986232768 0.25345818721406277 0.15475247402109957 0.18299695079743067
0 0.25091265395494283 0.0934824687492016 0.11088250569998319 0.11333776101791675
0 0.05580297770427034 0.2986570119678473 0.054304723768997976 0.10734102773541672
0 0.19057109763454103 0.2290192720358335 0.10742972376899793 0.10857752583555565
0 0.06916063735919638 0.2754922689017015 0.07886768119435103 0.10167290919430565
0 0.4114898850134079 0.1919050510055212 0.1353033514929388 0.1279457748856251
0 0.4757816139781859 0.12297451947038233 0.1359367720436282 0.2262378045209029
0 0.38919390395494285 0.09670100056868089 0.12469363342392406 0.1323787017473612