0 0.2867125194353101 0.47877979754508004 0.16051377667402048 0.197480179126093
0 0.27271225537217425 0.8815402097961321 0.10287675103345731 0.09875001324684404
0 0.19975844478542307 0.7721354387447399 0.11479455417661044 0.0866865228654909
0 0.17081149937631826 0.7032663876562808 0.11032537799792799 0.09121033175849824
0 0.24757078266987648 0.3752356460938012 0.1758091368892682 0.1574553798517324
0 0.2733626871369372 0.25913942014041835 0.13187504631872757 0.11848215988879932
0 0.06874161538253422 0.43762897477225654 0.1006592795695046 0.0846329495445131
0 0.11791536186787754 0.3044097362050019 0.10956339867609244 0.1083432680561673
0 0.27115598593686413 0.41271828792643317 0.1929966368892682 0.15805558057737185
0 0.491712426797855 0.25818458846673814 0.152988066996892 0.13637898801910048
0 0.9368044489237615 0.4948835573333629 0.12639110215247698 0.11757442431676957
0 0.8073162336605526 0.7878919689514428 0.1510959272121397 0.09575398801910033
0 0.9394457595105127 0.7055209569705433 0.1211084809789746 0.11105160580511537
0 0.7980097001621066 0.7220487141421194 0.15785534946188076 0.10690974282842376
0 0.9209442400706933 0.8160393055192644 0.10763702564056317 0.10047620435383635
0 0.7078728134777261 0.9638145734906137 0.10345463978475226 0.044171640651505584
0 0.788987918730575 0.8465303589699762 0.08852315260503385 0.09200893992586642
0 0.7254776904421968 0.9566295560674185 0.09807793507002245 0.06270338584218252
0 0.846569170592602 0.6426265981702031 0.10858309553293921 0.12078870435383635
0 0.7064448608344203 0.22980416123956174 0.10629284946188075 0.1051091406515056