0 0.5689633095259796 0.07847102731628279 0.12298612141421188 0.08497556956195358
0 0.807046152084251 0.10098053980152992 0.0951885036281972 0.09238387797604238
0 0.8480382290334258 0.1983582843536483 0.09017362141421188 0.08268109604505716
0 0.90039439191745 0.28476032407830365 0.11415675843752027 0.09994500569998319
0 0.7801563361044855 0.5868523378240585 0.16141370435383653 0.11416032500983526
0 0.7409896871002773 0.7211616358465871 0.11750001324684387 0.10641352698730663
0 0.9498686353788461 0.5577554276649294 0.09540675843752026 0.09863387797604233
0 0.9070313493513293 0.6766582469747815 0.08112600362819719 0.09140053218308672
0 0.5110442375557642 0.6401294291775386 0.16955358656782166 0.12408162822814398
0 0.5166618096956157 0.733715538212046 0.13915675843752046 0.10169317599857094
0 0.11079621169504864 0.5937175129894502 0.14853175843752048 0.10234873986054147
0 0.08933538474587385 0.4949740103915602 0.14535219473518962 0.10056771857321785
0 0.10920888592700022 0.41370223105846504 0.10231152286549076 0.11782092055068923
0 0.12520092975906522 0.2661334623690316 0.1306547776748142 0.1260376121366006
0 0.28186015752654664 0.2669261480028581 0.15749009618646853 0.13570754307885
0 0.15859129391688298 0.16825333724298083 0.09420635698624169 0.06425887797604238
0 0.24938990870767297 0.18931460023243107 0.11764385698624169 0.06589778763096836
0 0.2898040883819202 0.13558331285356423 0.0732043762235353 0.0877292289647781
0 0.16775052830778636 0.228699164346503 0.09875001324684392 0.10510239926336587
0 0.26380962820726994 0.7592282624852471 0.1457341406515056 0.11150521857321785