0 0.44338817762423544 0.8656733903774285 0.12202569604777799 0.26865321924514296
0 0.12629290302295074 0.7886408924656042 0.08808318787965286 0.0951885036281972
0 0.23043423594486043 0.849355192372937 0.08019795269729177 0.09179068511654265
0 0.3009279206903812 0.8776190908289909 0.08335932028847229 0.09346231252120454
0 0.6095599979127077 0.7859698264858386 0.11152199430041669 0.16313989546082902
0 0.7432635038966313 0.7523264911839613 0.10752417211208343 0.1255307680561673
0 0.5794328207666312 0.9603571797590652 0.10854115824437507 0.07928564048186963
0 0.6979477378447214 0.9188493030721936 0.09422408510611113 0.09071925843752027
0 0.66325326804868 0.5282590194069297 0.1293277433504862 0.19030259618646853
0 0.7499902018442703 0.5305060548862922 0.12518445079743082 0.14644346878180664
0 0.6158230621203471 0.11376744427185348 0.11457425911805572 0.16012402286549077
0 0.5124077746012847 0.08904520806685157 0.11268445079743064 0.14600695916315992
0 0.2229062506655901 0.23218505054030497 0.1105764369297223 0.12251489546082901
0 0.30339579730270827 0.09972970380568232 0.10625261284152784 0.13797620435383648
0 0.27168793636104144 0.28627483901489237 0.11933449430041679 0.1634127139724834
0 0.1858803357717013 0.14332095798203354 0.08041615824437506 0.10116568511654282
0 0.04063599848138858 0.37046875662342194 0.0398638934267362 0.10287202885594056
0 0.15998737015663173 0.2815922842982362 0.08971842306201401 0.09836806733052797
0 0.05064743132704833 0.3434523888374071 0.05530705547083341 0.09560516587924912
0 0.3658756538759721 0.2035565974524128 0.1256922906531946 0.1011855324841376
0 0.7783373266536456 0.32038701042125506 0.1055252610179167 0.10672620435383653