0 0.5710720922204316 0.08404581662975118 0.12477175782192056 0.08427247532299773
0 0.8034981843702763 0.11585131940752835 0.10031778939195171 0.0920454025286086
0 0.8311765923616061 0.21526103409006794 0.09195925782192056 0.08216975478036197
0 0.8690490477079825 0.30000747147471163 0.10951077886860787 0.0895211798265045
0 0.7153123137753468 0.6009563070690273 0.16381884727034207 0.11323808451458142
0 0.6593213770565832 0.7337478231081562 0.11979583148532633 0.10574695712440044
0 0.8863073532378856 0.5783234361572512 0.09755681043863902 0.09809514342931003
0 0.8289282217666765 0.6948588965208542 0.0831302893919517 0.09094397748246603
0 0.4419812295885971 0.6433788487080091 0.17217737884037324 0.123113732262828
0 0.43573966388828617 0.7371789134828337 0.14130681043863902 0.10089877081949102
0 0.06398909236160603 0.5795990599944627 0.12797818472321207 0.10149954811738696
0 0.058698135735105204 0.4797690407161312 0.11739627147021041 0.09973678901808825
0 0.07555738196531925 0.39989177359726813 0.09864887357870127 0.11684514342930993
0 0.1074583713008012 0.25307733035252833 0.13182539462538867 0.1251978639719457
0 0.24179557394575454 0.258478624307862 0.14801183674699833 0.10911178901808824
0 0.15446915016940924 0.16756133251199662 0.1019867052052021 0.06724566162790721
0 0.2408315843985111 0.18148532773163464 0.12055469468185842 0.06532221622369909
0 0.29447950014117436 0.1290123673680317 0.07826077886860805 0.08751858883351811
0 0.3755768526731883 0.023495804674233612 0.1043836631118273 0.046991609348467224
0 0.16100757650600334 0.18893568476375 0.09286931043863911 0.09779475478036197
0 0.18270566914995806 0.7518374005260238 0.14810284200867016 0.11067428901808825