0 0.4003738325119966 0.1409093661803037 0.17337215299003397 0.2762880261671849
0 0.07978312538759617 0.2732184211455094 0.10680880937615385 0.11207433674699833
0 0.17625640962532244 0.21311610807603443 0.10737001387966058 0.09654034200867016
0 0.249242129088224 0.15516012393163714 0.10025842072720588 0.10702281570031094
0 0.5681132425987444 0.18328804002723623 0.1454893800110746 0.181263952503779
0 0.7014869471022511 0.1910865875234572 0.13058627081949084 0.14303591041040425
0 0.5172585487356958 0.03427847653423819 0.12798290252860856 0.06855695306847638
0 0.6421188463916573 0.04557687396693071 0.11129605027685514 0.09115374793386143
0 0.6420363942045023 0.4264927374811049 0.16437908235511323 0.20882751038216937
0 0.7273626249261709 0.406734703350825 0.15230058451458142 0.16609397881213822
0 0.6302456839977829 0.8412531874952223 0.14538925046142523 0.17970145250377892
0 0.5300861952565499 0.8860035163497129 0.14146321406423076 0.16701944198043533
0 0.22033856030822968 0.8005258318382623 0.12081075262089362 0.13623987884037306
0 0.3207915384090046 0.9090902187829049 0.1322489003691402 0.14468941567207594
0 0.2812853547249888 0.760394384525568 0.12842299352159509 0.13356990514873246
0 0.1986056577796211 0.8967483844549807 0.09909643892580315 0.11318181043863902
0 0.03505999923403287 0.7039069790238998 0.06139617982650451 0.10787268415851478
0 0.16034179904946275 0.7651035423051363 0.10867169802510182 0.11685284200867016
0 0.04600799121446839 0.727397686930525 0.07359579117755655 0.10391322625188941
0 0.3735439034606845 0.8024993135635853 0.14002182757475107 0.12023544724210718
0 0.7722584130214084 0.6049300086689666 0.11638406847545255 0.11574536831702957