0 0.28165827227409457 0.4003006110023065 0.2874601356847917 0.19920005228901833
0 0.7530451871303858 0.9516985515640719 0.110337713703953 0.09660289687185611
0 0.828518820667471 0.8720547825920011 0.13328389077317446 0.10814623195336778
0 0.8649233101520213 0.8094489614311581 0.10812011646291494 0.10312684523075939
0 0.8058261126177276 0.4835959338367565 0.18056168249628826 0.14907980788809566
0 0.7869831801214392 0.34677044006053387 0.14396908525525057 0.13385662697434614
0 0.9518435402527761 0.5555921008530589 0.09631291949444787 0.12137993776222675
0 0.9438340456798429 0.4294673087365101 0.10219766508343398 0.1089032485501075
0 0.5507900525772479 0.3685583166106727 0.20810682835784533 0.16984259378086702
0 0.5672981218899817 0.2826567054078735 0.1632922953411587 0.14621491701630243
0 0.14026863240543136 0.3156627340279604 0.17562852103089915 0.14403711037760658
0 0.10587370024782723 0.4017652547738848 0.16543464947960165 0.1277017153566284
0 0.22426401062699122 0.7305549508344813 0.12702724672063964 0.1372417361025528
0 0.10997578131920611 0.6285170089230696 0.16164790818602892 0.1445340178461393
0 0.27201211386092305 0.6913749742796982 0.1854948439616777 0.15412250539858477
0 0.12121757575585361 0.7390876560186402 0.11617827792830412 0.1084063410815748
0 0.32368523575090485 0.9349599535337738 0.10607293758467104 0.0640643452307593
0 0.25438860187513546 0.8005364867272527 0.09570200361804462 0.10374215186945542
0 0.2826541220015234 0.9092845246946165 0.09743492198083885 0.07741645020978112
0 0.1879536171402834 0.5573892153566284 0.1882037641334942 0.1761159045687478
0 0.36340515999505124 0.20806741204192494 0.11864153663473145 0.12571224025173774