0 0.35378773759162746 0.5269682946023589 0.17051958565349698 0.16401233887551356
0 0.8248604362149041 0.7872695779219467 0.10230518119435103 0.1027733105039836
0 0.714529587571957 0.8537320007249157 0.09057000569998319 0.11334709765100195
0 0.6446487763078765 0.8790980620868293 0.09492972376899793 0.10879598997087
0 0.323314361709272 0.7836358317493775 0.15420617080279087 0.17601223370266403
0 0.20195281393884504 0.7503566673261857 0.12458437278026227 0.13148934389007838
0 0.3779368876881725 0.9582086197543258 0.08947739926336577 0.0835827604913483
0 0.2449329995726715 0.9081751790046682 0.11367972376899801 0.10934155925034261
0 0.35536739104236725 0.7618661318285198 0.1663455378830699 0.19351798244902269
0 0.20480393437331879 0.5304617044732043 0.14297373986054132 0.14917694906292792
0 0.4495522497478984 0.08666755502720021 0.1290205005042031 0.15033027210332378
0 0.7429094937958137 0.2799535199252457 0.10736402179152656 0.1528187746106063
0 0.6609978481387441 0.0967341914745735 0.1175366972858944 0.142199523356965
0 0.6740555869908793 0.2458536530739137 0.11150521857321785 0.14514266693047428
0 0.7703674943000168 0.1335786250980952 0.10419546312533612 0.10750627461060622
0 0.9145552648310357 0.35540346397360867 0.04928944183801285 0.10279003087881237
0 0.7985803395887693 0.26748226365703953 0.09663433540139543 0.08857441818411545
0 0.9079992622331456 0.3372073934404953 0.06927415990702741 0.09869356426490725
0 0.5752081775880548 0.19287575409012808 0.14115986758448215 0.16783602084968252
0 0.18076477287680734 0.3144813518076372 0.11033620248167453 0.106125631037097