0 0.39806292233303503 0.5379461031547914 0.16461311542376222 0.1537094943004167
0 0.8733381969278063 0.6978386350711798 0.10823414065150558 0.10399912860909737
0 0.7773684432996092 0.7859400067464228 0.09767858656782166 0.11468205547083343
0 0.7073634781459995 0.8234776807583675 0.09929565027015244 0.11628092306201401
0 0.3875891806857375 0.7708131545415622 0.13725200725639422 0.17492987765916687
0 0.25222459956021154 0.7575708849742705 0.12500497840045363 0.13717530452090293
0 0.4359844967503211 0.927370972645833 0.11335815027015243 0.11660823138263901
0 0.31320176117829135 0.9114940123490969 0.10645338584218215 0.0977127610179167
0 0.3081199686121707 0.5205241734432636 0.15692959019601868 0.20192878875333342
0 0.22080101788653134 0.5397300747537845 0.13977680653075472 0.15781511284152785
0 0.3154662541763512 0.10896907760357613 0.13552581614940157 0.17020601006798622
0 0.4089632830322918 0.07361574529880194 0.12097224282842393 0.14723149059760388
0 0.7159994783156356 0.17380498907899247 0.1260218413771451 0.12158667211208343
0 0.8942956039061987 0.2094664660932284 0.0694990228654909 0.11246493882958342
0 0.6759176261387173 0.22625849506291612 0.14522819836338668 0.17979921561506956
0 0.7452455234136449 0.07398617382451325 0.097514895460829 0.10999455547083341
0 0.9101363695152955 0.269985738794652 0.06615576805616712 0.1061422036472223
0 0.7859201087155222 0.20574401368027712 0.09842263103285873 0.091280923062014
0 0.8906249668828903 0.22516420127558953 0.06728175843752027 0.0936785712384028
0 0.5409002745947713 0.1583650930868051 0.1600545901960187 0.20200152393569457
0 0.17474201733837716 0.3386228228539235 0.11788195916315991 0.11202983415618065