0 0.14922413680722652 0.5416970696751836 0.13563770555093818 0.18810305674305994
0 0.1816917158938805 0.16719717484803306 0.09250051779449713 0.08696645407749282
0 0.12307410817549551 0.2812536631695505 0.10592634783255321 0.071750631037097
0 0.10305342684484509 0.3502848079967011 0.09680601581733081 0.07772784639736088
0 0.22772452711167518 0.669129399379497 0.1457183596955513 0.12909176959604132
0 0.26132625289138744 0.7850870199917528 0.11969968775644109 0.10336434389007838
0 0.04006331346069739 0.6288667975718598 0.08012662692139479 0.09050063103709682
0 0.09850525931717806 0.7498445387963711 0.09438135277546911 0.09482441818411544
0 0.237750784526049 0.6342232019659217 0.17891286167271767 0.13942151583511767
0 0.48233908984952567 0.7743099590255508 0.13908635771838504 0.11953491316955045
0 0.9107319811797385 0.5114488754938066 0.1414473537640525 0.10087584138279589
0 0.7196572895061459 0.2289987736861694 0.09419035178688588 0.09013691818411554
0 0.8832303581754954 0.30337195104148496 0.13181768577927463 0.09435305674305985
0 0.7133635271488563 0.2874788634196127 0.11957235376405215 0.10023934389007838
0 0.8399352974148113 0.19495404578949316 0.09718801779449712 0.08710284639736088
0 0.6076241576046542 0.06069975158284564 0.09958350593149916 0.0309892387172289
0 0.703980551369144 0.17222593646000856 0.07831068380210837 0.08343227711788867
0 0.626151323117974 0.06671407086231781 0.0925350098858317 0.04951191818411551
0 0.7782125943353311 0.3660190520576993 0.11644735376405216 0.10014841567683312
0 0.6983951713704566 0.7892004877927921 0.09431768577927464 0.09326191818411544