0 0.4385143732907638 0.1356088721171244 0.14993249050069468 0.2712177442342488
0 0.11305847198024285 0.23830782621013885 0.09607752583555565 0.1049132293077851
0 0.207863132124479 0.18808209690235372 0.10512521751493065 0.09134205223856365
0 0.2863524612466666 0.13480993272343103 0.08975479065319458 0.10146068068726613
0 0.6010130668699999 0.19322778380965627 0.12732883225631966 0.17365658525525038
0 0.73318913402434 0.21361112562362736 0.11708101006798621 0.13566526232447185
0 0.5598282884689929 0.034431474446545075 0.1147184230620141 0.06886294889309015
0 0.6807577310982985 0.05249656320829843 0.10225479065319458 0.10211577792830413
0 0.6630357157119787 0.4451344425615121 0.14357208130638915 0.20103795680654796
0 0.7483556198722912 0.4336403426069406 0.13630378875333343 0.1569604081860289
0 0.6322681864579506 0.8618649191557637 0.125729964665139 0.17201219810012064
0 0.5308141360211104 0.8960528906616329 0.12380378875333342 0.15630531094499106
0 0.22482132200090216 0.7669540473773235 0.10541615824437507 0.10384205223856355
0 0.3206760698167006 0.9062854630265843 0.11272081838861121 0.1494821008590826
0 0.28198051178041605 0.7249436097926525 0.13365156743868062 0.1771091338757696
0 0.20118184061826314 0.8774345239715753 0.0883377610179168 0.10762879353213606
0 0.04842443579236054 0.6685176266396802 0.049238893426736194 0.1040191146538925
0 0.1699708210509716 0.7432985413844297 0.09782186379145844 0.11280761646291496
0 0.05801698812906192 0.6922041101313368 0.06319229065319451 0.10006859905006031
0 0.37934451463020763 0.7994312754419133 0.13056162860909737 0.11140224672063966
0 0.7841982816320481 0.636980026573567 0.1055252610179167 0.10852955223856356