0 0.3802224951618512 0.4208413170911765 0.14244364718563746 0.20059838217054296
0 0.7219663192487801 0.8207984376984108 0.10600634727034208 0.10953329117755643
0 0.6013507113845071 0.860439533471759 0.09735938936371688 0.12143251387966067
0 0.5218529271836402 0.8756523257290499 0.10048438936371688 0.12163277297895903
0 0.2541858270001135 0.7005567003414537 0.15853908404557523 0.18294980721668547
0 0.15046856377534673 0.6371531392672568 0.13117294724210718 0.14072273442229638
0 0.24428166402946055 0.8973315707918044 0.09414338410204497 0.11966975478036197
0 0.1393960139306385 0.8005345188169061 0.1215249314570916 0.1354344571244006
0 0.2830843717243242 0.6854731184477659 0.16909715244730927 0.2038630845145814
0 0.2220837714702104 0.4231919663805826 0.14789001038216937 0.16047402991878953
0 0.5913614763930639 0.06298100439737842 0.1341915314288567 0.12596200879475683
0 0.8089074792356612 0.25015646823550913 0.1355874314570918 0.13633562307124433
0 0.7863484817253228 0.10294030922849555 0.12078147881213823 0.14939682757475112
0 0.751944847693865 0.29272350247323536 0.14447658404557515 0.18204864126984166
0 0.8768755002117615 0.16563247147471163 0.10627936305535748 0.11422079117755653
0 0.9421008688817267 0.4221945496677716 0.06234735253201364 0.10829216378737563
0 0.8589915082454436 0.31232699877260756 0.10315436305535783 0.11402053207825791
0 0.9368442214843279 0.39217638264119353 0.07935284200867017 0.10626858883351806
0 0.6664840317817926 0.16977496067736997 0.16955217875566858 0.2116755845145814
0 0.2785135949218548 0.17595721854005092 0.11224093671876342 0.13639617982650454