0 0.12929297571859816 0.5314135269873066 0.09279055674305985 0.13435285668871888
0 0.1495756981384911 0.7729672424584313 0.09665970282385157 0.10655563861970414
0 0.24705610339048284 0.8273430220436282 0.08705738229073816 0.09808757475773362
0 0.33148257917558804 0.8886025861577 0.10336434389007838 0.12261768119435104
0 0.6364081084050477 0.8109081829590619 0.12182483887551357 0.16756954827463028
0 0.7692289685924623 0.7936874679921402 0.1130121285298145 0.13264824505632156
0 0.6046449460269201 0.9621604184570025 0.10451766693047429 0.07567916308599507
0 0.7232214497878438 0.9535855888816409 0.09629598997087019 0.09282882223671826
0 0.6897076384924373 0.5526693480618695 0.1332624440483629 0.18552187278026225
0 0.7846253333987301 0.5725608670034046 0.11360316191590947 0.15296074505632157
0 0.6476000771970309 0.1505387655104657 0.11691001834239997 0.1594292663436449
0 0.5451282950645774 0.11218682367245292 0.10900659012915473 0.15575796312533624
0 0.46582723997087017 0.11989578084570444 0.1234949874635877 0.11778806956195362
0 0.32768238229073815 0.11491371388164089 0.11034176959604132 0.14805472376899798
0 0.29771740063313823 0.2640724797210827 0.11612040815498563 0.18588250569998319
0 0.20515416442319184 0.1375321230323638 0.07335859514371963 0.10960422896477806
0 0.23984506466061867 0.2311782162274294 0.07836434389007838 0.12086951089576328
0 0.1863623634861197 0.26876034369926866 0.09509720282385156 0.10644637797604233
0 0.37744435306127844 0.21741028319149294 0.11287573620994644 0.12796074505632146
0 0.8086920045523465 0.3278710798766392 0.11672816191590947 0.153179266343645