0 0.5428452413621268 0.1718452672666098 0.10764702344038461 0.2661522408266178
0 0.20010702883905546 0.16126072862817356 0.09829540252860858 0.09584883118569745
0 0.3034532718992251 0.11656637304558756 0.08649630937615385 0.10671360831306051
0 0.38752788325027715 0.11236975243588691 0.08862001387966068 0.09110678903121974
0 0.6830277552417873 0.26325203814745696 0.11968834361388012 0.16157382513557322
0 0.8125638633536368 0.3225775620533662 0.11416023442229636 0.12405564441741398
0 0.670901587753784 0.09839919778837734 0.10524630937615384 0.10682269262201591
0 0.7867058628922114 0.1506162036421098 0.09945738433001132 0.08960792154477706
0 0.7077621491325227 0.527359989942855 0.14014054595791842 0.18824540944452864
0 0.7937695003045417 0.5411366645126943 0.1295244185677376 0.1444499576491305
0 0.6113701195182748 0.9225368445038893 0.12261308451458142 0.1549263109922215
0 0.5078643877168721 0.9284868626542618 0.12024954811738695 0.14302627469147638
0 0.24242345311000557 0.7362925448849522 0.13593510487264704 0.12262040944452864
0 0.29977248302879517 0.8756368460164203 0.11007351172019231 0.13340337334017532
0 0.2928950200442986 0.6951953670936593 0.11888730721668547 0.1490738251355733
0 0.18863592149317301 0.8109516564194665 0.08609579117755657 0.1004636083130606
0 0.17720016887227935 0.6812459757013073 0.09250647748246607 0.07863406010845857
0 0.07769271976744338 0.5908568041565303 0.057470143429309936 0.09248748184962743
0 0.3728211543743099 0.784689659149941 0.12954540252860863 0.09603063836728971
0 0.7973309986064988 0.7551400771786767 0.11149630937615385 0.10685905405833437