0 0.13275999036658154 0.2442361280376339 0.09960284639736088 0.09713294954451308
0 0.23473401583511758 0.18145836424263578 0.08948370031656909 0.12487600362819706
0 0.30496394780928665 0.15425351269868975 0.08710284639736088 0.09669643992586625
0 0.6215497057268455 0.25193956686719177 0.12508623119538154 0.16826390507947586
0 0.7552260237526763 0.28626498156531455 0.11462009263643722 0.13043652286549073
0 0.5792532424781526 0.08578628801125124 0.10469952335696497 0.11135914065150562
0 0.7013017387172289 0.12282747494189257 0.09629598997087001 0.09077382213985134
0 0.6892757294795219 0.5141965194069298 0.13826819279472174 0.19213791469812272
0 0.7788694268930971 0.508740182290954 0.12297816191590946 0.1494593413771451
0 0.666008343361353 0.9203323804847046 0.11865437476889085 0.15933523903059096
0 0.5651732690673159 0.9326215601589517 0.11847251834239998 0.13475687968209654
0 0.26733149947127455 0.792132969414779 0.12027905925034225 0.11034227767481415
0 0.3467044138944664 0.9182168089778255 0.11998955423577735 0.1540377139724832
0 0.3146551288590189 0.7555431941870354 0.12182483887551347 0.16346727767481434
0 0.23736050613519213 0.8886433816658309 0.09206313103709698 0.10623513103285873
0 0.07612617478152608 0.6582415751350762 0.0388017387172289 0.09969246515360979
0 0.2005471647523962 0.749997543916883 0.09142663354437941 0.08436013103285873
0 0.08685072611430959 0.6781274892002268 0.061966454077492815 0.09113592068857254
0 0.4025703174971055 0.8265129478152324 0.11398359514371958 0.1085615228654909
0 0.814421796647423 0.7113393926352402 0.1110404515702104 0.11470239546082901