0 0.8945247106294417 0.5418684384186034 0.08817393019392768 0.12862496974937904
0 0.8768361988583191 0.7815849233914889 0.09075345941492116 0.09739315046753827
0 0.7791759947184037 0.825543480769473 0.08439436525911966 0.09110678903121974
0 0.697976587656389 0.8727224869177931 0.0924250535707225 0.10365224082661798
0 0.3914890340856666 0.7678248668972675 0.112184174511885 0.1615738251355733
0 0.25732253976770947 0.7342351411959601 0.10837733603812652 0.12249314441741391
0 0.42334082629230335 0.9367430385402404 0.10021028003177204 0.10213519262201594
0 0.29659136565956623 0.8805425146343312 0.1019909683433748 0.11464428298109546
0 0.32561106939573975 0.5291845477136226 0.1338682597392326 0.15076359016268787
0 0.24014117369781082 0.5107203731437834 0.11029439204448091 0.1428147347764936
0 0.3712358461843962 0.0998061199223296 0.10895008035608367 0.15530564441741398
0 0.47158071956119085 0.07539244808296494 0.09941143912238175 0.1458761022629363
0 0.5607114034085667 0.07981684855050314 0.12142280681713338 0.15381586729005095
0 0.6923705064928217 0.10401793871319102 0.10706029788867966 0.13654655405833438
0 0.7146291103878557 0.26038156820168623 0.10382620373287814 0.13027837334017517
0 0.8014415434244528 0.13199346866922446 0.09237050649282175 0.10052724082661783
0 0.9136433088457281 0.2498218389843375 0.06131142126547431 0.11128293364502548
0 0.8343921854689336 0.27435823067127696 0.09083528003177221 0.10208065046753827
0 0.9448035799490466 0.3343695558068503 0.05319891233702023 0.09404998184962743
0 0.6323427159077428 0.20053386952954613 0.10021028003177204 0.10213519262201594
0 0.2153382224005646 0.2980976532962086 0.10467959172016936 0.08966246369925476