0 0.4267241567870399 0.9109716522355477 0.10099997334499947 0.09176183674699842
0 0.21058098878099477 0.8538816761248327 0.090044292011454 0.08956229991529555
0 0.15702818010022268 0.7469267498588257 0.11175566000954502 0.07677387357870132
0 0.13268161342295043 0.6674366709337479 0.08682838534372679 0.08156778939195171
0 0.2479226160486796 0.37279057082080846 0.15588746801399936 0.11213452090551304
0 0.2893823153644076 0.24560571551678428 0.11833292401336308 0.10526289462538871
0 0.07939079205122491 0.38171200256024873 0.09638519867918124 0.09773882096198286
0 0.1248840107017711 0.2656921604104042 0.0806511106779086 0.0874537683452643
0 0.5123754673774525 0.35462221267418687 0.17478291868236298 0.12572658404557516
0 0.512093109365044 0.2632614653050228 0.13711928668045398 0.10947995776545091
0 0.9156282840547249 0.456181067554688 0.14960110534690826 0.10864549985882573
0 0.9311564636974758 0.5532758754330784 0.1376870726050484 0.09890647881213824
0 0.7545667987746314 0.8387220098174719 0.08995338534372674 0.08174979991529545
0 0.8944100014321773 0.7797249833679384 0.13686474801081766 0.08760495776545092
0 0.7490793200986318 0.7696989940324565 0.12607269867918128 0.09946792093374786
0 0.8588275847787676 0.8752426097186501 0.0962579293443632 0.0868013209619825
0 0.719202010781313 0.8858476387990194 0.07596361067790855 0.08718075256024846
0 0.657911069462085 0.9792145115564128 0.09276930267345414 0.04157097688717428
0 0.7895765034213597 0.6939856334667605 0.09951019867918127 0.09792083148532651
0 0.7135647026973168 0.2671886440606913 0.10895792401336309 0.10471686305535766