0 0.15785761495099873 0.5455986877622268 0.2418341477202705 0.1161973755244535
0 0.20637116701630237 0.17099069668529648 0.09713695435896633 0.09280465186945541
0 0.15780545768295862 0.2783878769743461 0.1131404626573361 0.07848204274124866
0 0.13686691826570224 0.3505938410815747 0.11337726099766213 0.08160704274124866
0 0.2918559518833886 0.6738206213752687 0.16439623195336797 0.1398465178461393
0 0.36552044006053386 0.7951404369370343 0.14602474025173767 0.12291912697434597
0 0.09725292428898691 0.6171292230302983 0.10689046265733607 0.07800844606059662
0 0.18586790624235489 0.751233381123531 0.12140324855010749 0.10551813942190087
0 0.3176013130861877 0.6547988568531217 0.1679948286340201 0.14633331618646536
0 0.5637919966992296 0.7977363311328197 0.13856743776222694 0.12701463112353117
0 0.9440972325780679 0.5640199074917547 0.11180553484386416 0.11413612282516113
0 0.7729442829929863 0.2776176983589036 0.11669243776222675 0.12535704274124865
0 0.9206489997995073 0.3509512224288203 0.13667305103961844 0.102014631123531
0 0.7304025080978771 0.3209999228390944 0.16946224025173767 0.12469511452679143
0 0.8657228562284217 0.24114924732392956 0.10182445435896632 0.09315984937994451
0 0.6214023259347277 0.09213937179947598 0.10272318091374952 0.04351504689043355
0 0.7180307174312209 0.20898517491368684 0.10471265601864026 0.09027164772027048
0 0.6525222713706244 0.10304190561765494 0.08937107593472753 0.05182445435896632
0 0.8401345508391257 0.43650836889969097 0.16392263527271603 0.1335965178461393
0 0.8227292888157784 0.8321159442097187 0.14652164772027057 0.108975026144509