0 0.8018198961987666 0.52567633999825 0.2851628616727176 0.145771392318796
0 0.7628117233082543 0.15785482862954342 0.10232118676785795 0.09932352076024667
0 0.8265147845632301 0.26531184296399946 0.11737318380210837 0.08589769072219058
0 0.8579929362363853 0.33780626688027604 0.11750051779449713 0.08902269072219057
0 0.7470621175298546 0.6596083296181267 0.17298119665368966 0.14899986859280007
0 0.6866273418266922 0.7792231512532257 0.14884335969555132 0.13085736364988404
0 0.9285468808757276 0.6036169506823844 0.10024935079830258 0.08675985376405215
0 0.8651953522068154 0.7371987718231919 0.12783052273741297 0.11284219269935694
0 0.7182022884803817 0.6380861566904331 0.1781143656270503 0.16012836958138302
0 0.49018342334762294 0.7798266932308295 0.14590936068413446 0.13541752965749526
0 0.0652271160841609 0.5413372658173308 0.1304542321683218 0.12329953163466154
0 0.20550194760509174 0.25722354547482607 0.12553319368794008 0.13302735870696816
0 0.06905442958203935 0.32906010030401117 0.1381088591640787 0.11185269566510651
0 0.2537829387078432 0.3014483893530466 0.1738433596955513 0.13187603558899424
0 0.10687078802327117 0.21955510771838496 0.10700868676785787 0.09951452174882984
0 0.3335181541446131 0.07306340418179416 0.1050350098858317 0.051077021748829846
0 0.25208512893574214 0.189474971368269 0.11000635277546911 0.0965168557412186
0 0.312855485665544 0.08082948323126707 0.09948534684397004 0.06800985376405226
0 0.1606948304951666 0.41581995406806344 0.17591519566510644 0.14443970258518862
0 0.23458999794847157 0.810887056349241 0.14976918973360737 0.1152960306460784