0 0.4558655648834572 0.08612978368192478 0.05858137023308565 0.15717730032431157
0 0.8317063238691318 0.2029135036468574 0.08748513103285874 0.09053527110331831
0 0.7210887715995463 0.14704355884243292 0.07235120435383635 0.10432503571381498
0 0.6469890726880055 0.11995317897281658 0.07558533175849824 0.10750458279171564
0 0.3312772487340556 0.25124449472169896 0.13034724282842394 0.1553068831160272
0 0.21411454138499425 0.3156461396088489 0.11412204210278443 0.13784664772652383
0 0.3747346159719164 0.05891667288703193 0.07547620435383653 0.10437958279171564
0 0.24767855345071182 0.1379984265404799 0.09767858656782165 0.1141364123370204
0 0.35378716579443104 0.278216097805954 0.13983137023308564 0.1585955243497292
0 0.22278266933781016 0.5151376249983524 0.12009922359113015 0.13014324188232518
0 0.4816516608154716 0.9321751205341254 0.1050198606144388 0.1356497589317492
0 0.7621179547323547 0.7629782504004465 0.12871033175849825 0.1084318831160271
0 0.6929537485644197 0.9079537853034825 0.09509922359113006 0.12970686525912
0 0.7120559565464533 0.7191094736150853 0.11494049763774719 0.16128414772652383
0 0.8001139733366761 0.8613572491826306 0.0876488221398514 0.09522277110331849
0 0.9356422786863046 0.6292050426070832 0.04099207694917482 0.1006545649348082
0 0.8239929613557766 0.7148095316500346 0.08463294954451292 0.09829322402541756
0 0.9213689583605518 0.6797681042954805 0.04669643992586643 0.08513865909060954
0 0.6022047521926167 0.8203798729664621 0.12409724282842394 0.15519778896022593
0 0.20365069030438435 0.7719915969951752 0.09849704210278445 0.1375739123370206