0 0.49285995653952136 0.20600452957373072 0.24361203163466155 0.1582936827542901
0 0.8680337114824372 0.2425100362819707 0.09450868676785795 0.09847719473518965
0 0.763366116121342 0.18190486377929965 0.08382585475263546 0.10434524881887364
0 0.6842542776803289 0.15495792866275687 0.08669618676785795 0.09820437622353535
0 0.39134121889681106 0.26096979336872883 0.18892453163466155 0.15638395317271012
0 0.2502360578321157 0.282566996456621 0.11277852570316256 0.12563989546082902
0 0.40200551038012333 0.06318705779669909 0.10401102076024667 0.10192957694917477
0 0.2849572732317046 0.11995043456838864 0.10056768577927463 0.09400794954451305
0 0.37621757908665393 0.3876042152384277 0.1736178666156336 0.16365081614940155
0 0.2608392712917193 0.5044965601589518 0.13079369665368962 0.14655259618646851
0 0.8867730074887359 0.8555730314726473 0.09354836463846716 0.15149306733052798
0 0.5245687792375657 0.9364906046239889 0.11048119665368965 0.12701879075202208
0 0.8099929901885303 0.770977287463097 0.1068813527754692 0.09578870435383653
0 0.732398525283233 0.9327517795313216 0.10547536167271758 0.13449644093735671
0 0.7473338226980444 0.7648884893698629 0.11277852570316256 0.12563989546082902
0 0.8400863498840817 0.8968503067003908 0.09469968775644091 0.1031646947351895
0 0.9744454679454091 0.6714014173148295 0.03532468775644091 0.10109127404661714
0 0.863167069732295 0.7548909851935116 0.09163835475263511 0.10461806733052796
0 0.9682737223940332 0.6922496306543406 0.0569450197716634 0.09560516587924912
0 0.6677855855496256 0.822961394997493 0.10614652372599628 0.11604664065150558
0 0.2455339007589341 0.7224008227728236 0.10031301779449713 0.08775794954451292