0 0.20705774197094126 0.426373983124959 0.29453565128862397 0.17404765752654666
0 0.24499599672063965 0.1198040353945445 0.10178822930778511 0.09713294954451306
0 0.17540054895920326 0.22554809310642554 0.11535940637700662 0.08824902286549074
0 0.1587729709400421 0.29656992123672665 0.09660940637700662 0.08759425843752044
0 0.2626913455435574 0.6067956039061988 0.17036781094499087 0.12604168874473984
0 0.2993392537295863 0.7385713935619125 0.13237648801421234 0.11535715988879928
0 0.09896636024287844 0.5741616970974424 0.11469766508343389 0.10538195916315977
0 0.1334376147654342 0.6942733004554869 0.09570200361804462 0.1000396947351895
0 0.5221349445936176 0.6587846567239384 0.19758540818602893 0.13946927168436432
0 0.5219921817033188 0.745667097830931 0.15342597241038014 0.13012898801910033
0 0.9250171076429161 0.607633807457427 0.1499657847141677 0.1196825613400783
0 0.939913428312417 0.506678942666637 0.12017314337516609 0.12382442431676957
0 0.806974775553455 0.22462538921592526 0.13360479534115868 0.1387946598887993
0 0.9346931221728951 0.29754947932712594 0.13061375565420974 0.10302085099579186
0 0.7528947851643933 0.26799593249983605 0.16568031094499086 0.12587799763774726
0 0.8906603787873868 0.17865563558772818 0.1059025192218769 0.08635914065150563
0 0.6670923247398008 0.034622926509386275 0.10410100180902226 0.051984140651505625
0 0.7523448292623567 0.15296120954167805 0.08748006784239593 0.09195437622353539
0 0.7077140027135335 0.04807530209994945 0.10072369629109837 0.07682044954451307
0 0.8329308452048731 0.361470624787955 0.11913285956550998 0.13049108656782166
0 0.7346902555386086 0.7718947480162655 0.113462713703953 0.11157739546082901