0 0.560875128769786 0.19952014209555602 0.11977896288594839 0.28833776101791675
0 0.16758015507814522 0.19816800911805568 0.09121580517696723 0.09262521751493065
0 0.2760227156579586 0.1445182918874655 0.07953485253201382 0.10639677678548617
0 0.34915710779368575 0.11423268626413223 0.0801718893637168 0.11733427678548618
0 0.6573020787133161 0.26105901377079915 0.11177049985882555 0.1508377610179168
0 0.7909406023202523 0.34530934004319513 0.11849093671876361 0.13226959897381957
0 0.6162389210043351 0.06505552953836857 0.07622784200867017 0.10319904160312507
0 0.7460699051487324 0.13751437062840338 0.09544827886860804 0.08492182028847228
0 0.7377323023343698 0.3292472757386465 0.15873650512049747 0.15349128875333343
0 0.7895964521508432 0.5231615831093409 0.12474093671876343 0.1324150693385418
0 0.5476706175405706 0.9309272641520489 0.11177049985882555 0.13814547169590236
0 0.2716178098033546 0.765447734516771 0.12052387357870131 0.11359233415618064
0 0.33514052546131323 0.9050200340036808 0.09974093671876343 0.13183318787965276
0 0.3093306414298554 0.7163932918874656 0.12187354195220053 0.163555966565
0 0.2262058702419937 0.8564532878034029 0.09148882096198283 0.09731271751493047
0 0.07850630468285706 0.6111563587574653 0.03256884727034204 0.10374324905006951
0 0.19673963616818355 0.7122123253224654 0.08827281570031094 0.0956774823325695
0 0.08703914150044256 0.6371012629177779 0.060056810438639106 0.09346036569131932
0 0.40643242556013526 0.8029139797671183 0.11225634727034209 0.10559799620027803
0 0.45068222547543063 0.8878305743725349 0.08387228398910551 0.2243388512549302
0 0.362173462321251 0.8869246506449308 0.10195588410204497 0.1162809230620141