0 0.69453125 0.2206295628585536 0.125 0.2698844685684686
0 0.11015625 0.7379431098009629 0.0984375 0.10302230024766904
0 0.20546875 0.8244136108344202 0.0921875 0.11523120181924576
0 0.2796875 0.8622454046719487 0.1015625 0.11879284946188093
0 0.59609375 0.8051072626108846 0.128125 0.17471751778268044
0 0.73046875 0.7902721288219883 0.1171875 0.13670809553293922
0 0.546875 0.9517145692709491 0.1078125 0.09657086145810183
0 0.66953125 0.9460276691448598 0.1015625 0.09848034946188093
0 0.67421875 0.5532772429661775 0.14375 0.2035702638537389
0 0.7609375 0.5721599836605525 0.1296875 0.1576027923897861
0 0.6671875 0.1420122572342011 0.1234375 0.1698116939613627
0 0.575 0.10256230541495552 0.109375 0.15665672249741003
0 0.2671875 0.2108819578151016 0.1203125 0.12122864474715103
0 0.09140625 0.25191356451569263 0.05625 0.1073073858558109
0 0.3078125 0.2635553475998539 0.1328125 0.17649834160399785
0 0.2375 0.11184299028009033 0.0921875 0.11054370181924558
0 0.071875 0.30881638192686944 0.05625 0.1073073858558109
0 0.196875 0.244325850495338 0.09375 0.09186647642635144
0 0.08828125 0.2759867653014809 0.075 0.09724318114108108
0 0.43984375 0.19392355190029886 0.146875 0.1990283130679506
0 0.8078125 0.3696557218737283 0.1125 0.1130522717116218