0 0.6189434265595504 0.7377891054309167 0.24422380935708982 0.194769592433353
0 0.23355027188100547 0.8566653618090125 0.10588746801399936 0.11167056576151388
0 0.3551070985439602 0.8740605427135186 0.09831132535009016 0.13134533697334091
0 0.43166050787718746 0.8685920505894267 0.09494996801399935 0.11077774545807202
0 0.6948524932368226 0.6535419090644591 0.13639312802354447 0.18440643515657004
0 0.8097967879137767 0.5684498187571381 0.12345677601845359 0.14588606909549373
0 0.7163627718810055 0.817253722699941 0.11228291868236298 0.12468074879205204
0 0.8203332038908687 0.7361794526960617 0.10425224267981754 0.10529302000387944
0 0.6619967292727755 0.39163171149005344 0.1538897106938169 0.21237193849054997
0 0.7482069492759571 0.361179194820154 0.13775563335454458 0.1673464809142045
0 0.48578241132240957 0.06325007271933773 0.13156017735518083 0.12650014543867547
0 0.38728127665500056 0.06906145688778242 0.12371131468808994 0.13812291377556485
0 0.1571557826225475 0.3118627869636429 0.12483746268299925 0.13038861485312828
0 0.02750573997454663 0.42882663060494386 0.05501147994909326 0.11734673879011233
0 0.21624897195259313 0.3312347981735305 0.13475790268936264 0.17802888939893552
0 0.09085916796627427 0.24078475454192788 0.09658519334818114 0.11715529121570664
0 0.02585205963559234 0.5077328806049438 0.05170411927118468 0.10915160151720879
0 0.10876318861395698 0.3790341825714962 0.09792951734563578 0.0985328369733411
0 0.02886824530554673 0.4536990848473093 0.05773649061109346 0.0988518303053814
0 0.29096825596754694 0.21508389756470736 0.14554995202099902 0.1664217097023773
0 0.7060574539704104 0.16012674891273823 0.11691587468172653 0.12037588606495561