0 0.4860313556386142 0.8455828955456471 0.14005900524178722 0.2636855324841377
0 0.8072186219915102 0.1770735200399019 0.10162066162790709 0.1017658858421822
0 0.6882590684754526 0.13316477421625314 0.09148419802510191 0.1138839399258662
0 0.6083014582041346 0.11400305724854491 0.09168445712440043 0.11700893992586625
0 0.32879083821520927 0.27729170861500574 0.14977636181247736 0.17204366950744615
0 0.21828293722776015 0.32877730834485325 0.12766152991878954 0.143209341377145
0 0.33184957973421947 0.0817435956383143 0.08835919802510181 0.1137748125212045
0 0.22003879703765267 0.17371778611233468 0.11416023442229636 0.12714783175849814
0 0.3557736428110011 0.29694200970346485 0.161514898209672 0.18492561542376224
0 0.2785450185031391 0.5514806875636135 0.1404619185677376 0.14833335099579195
0 0.6248516286175734 0.9330853516287639 0.125337566315984 0.13382929674247207
0 0.8600219632890385 0.7456151889143758 0.135935104872647 0.12634922359113024
0 0.826565520505724 0.8925521871002774 0.11339877081949083 0.13959326805616748
0 0.8036124745478054 0.7046702411839614 0.13405123226282817 0.16993553248413756
0 0.9210479032945758 0.8342709503471213 0.10192105027685514 0.10645338584218215
0 0.9873549086194174 0.5806772135939652 0.02529018276116517 0.10487103847458741
0 0.9124670404023643 0.6882044821982867 0.09879605027685515 0.10634425843752045
0 0.9823466347914366 0.6039510224869726 0.03530673041712688 0.09911211179556503
0 0.7174222555463291 0.81936516904411 0.1550646391103733 0.18158236061443853
0 0.3076374429309728 0.762182574586922 0.1161232526208936 0.13345239546082902