0 0.1379298688449899 0.5289042903688541 0.1165533514929388 0.12750936379145833
0 0.17513956378509582 0.7588820778879166 0.10230518119435103 0.10221842306201409
0 0.28468916242804304 0.8259766992788193 0.09402278763096836 0.11762521751493074
0 0.3574600269104321 0.8594964076756941 0.09380426634364492 0.11450021751493082
0 0.6627870292562206 0.7608348232351732 0.12898764951546723 0.1714775693385418
0 0.7966103721991846 0.7162464090068743 0.14403349530842285 0.1858673776591669
0 0.6236256123118276 0.9393787037441316 0.08947739926336595 0.0972399823325695
0 0.7549413142892989 0.8925010909026035 0.10688342055068922 0.10076502583555538
0 0.7389235583372142 0.7081988260849646 0.16550430372251182 0.15828789152687506
0 0.7916011720632986 0.5215151372553813 0.1395209579295562 0.1436435100679862
0 0.5500489125049176 0.0732692733670137 0.13134782500983527 0.1465385467340274
0 0.11544395558376766 0.22972190796003464 0.07817926634364492 0.11413654160312507
0 0.319623357192922 0.22888218731097196 0.13490986758448215 0.166935539703264
0 0.2296325056999832 0.10577330205236093 0.1041954631253362 0.10694229065319454
0 0.08377297452530262 0.3251441639439583 0.06066398441265972 0.10904899810013893
0 0.2019877429626345 0.2699637418318749 0.12153578243518828 0.15414459897381952
0 0.09622941585911231 0.2794679880321527 0.05688342055068931 0.09960126291777778
0 0.40097726399785644 0.19490527118281217 0.10997556956195353 0.12267639342673622
0 0.3552716440675857 0.12319457855350664 0.09736630891829182 0.12082295269729171