0 0.5794582581158128 0.8232771319552054 0.14687718936981647 0.2762836182719372
0 0.8853531747692227 0.7095300559722093 0.09645792401336309 0.10343261646291495
0 0.7831099694461766 0.7907158582107728 0.0872283746817267 0.11544129353213642
0 0.7161588267822674 0.8145495058813521 0.09011701734563574 0.09529256784239593
0 0.3988253287714497 0.7514441547951269 0.1253647213558172 0.17209408525525038
0 0.2649043147676317 0.7303205065587207 0.11399086935072651 0.13402087516934208
0 0.44132300612663056 0.9102525887617533 0.10439769334818116 0.11477955223856355
0 0.319920173456358 0.8900363432843091 0.09791133601209037 0.09413950361804453
0 0.33102711207031493 0.5009362217330116 0.13811926002545336 0.19462418249628843
0 0.24436290607095126 0.5101684588427128 0.12828972668681723 0.1550703595655099
0 0.35509712734722665 0.08405853884023845 0.11907835868872621 0.1681170776804769
0 0.45397952267663594 0.06316066203121615 0.12358404535327186 0.1263213240624323
0 0.7453050513605897 0.16184390773580298 0.1343033693507266 0.13508540818602893
0 0.6751459980108176 0.05895011759456863 0.12507382001909004 0.11790023518913725
0 0.7061431013685439 0.22252578019161168 0.12532835868872622 0.1689690852552504
0 0.784939168682363 0.07455859170242943 0.08869996801399935 0.10771068068726611
0 0.9396646733768161 0.27126209407727864 0.049673830681090436 0.10878850180902226
0 0.820105604034044 0.20795426786713977 0.09160679201145419 0.0891244549975256
0 0.9292084313733163 0.24601311058562203 0.06675224267981754 0.10031426051544959
0 0.6052794880251352 0.1535478081199158 0.12939769334818116 0.11608974672063965
0 0.20441751670908898 0.30197750056582684 0.11064769334818117 0.11510710085908257