0 0.7832463755796704 0.6571303755742527 0.2821408551898024 0.1695059471009328
0 0.8763590086824028 0.2845566965362355 0.10527837334017534 0.1076598525320139
0 0.9075095356133742 0.4035187991388366 0.11776019262201594 0.10526289462538863
0 0.9165850746445938 0.48683182807803166 0.1192863311856975 0.09910389988706036
0 0.710363387483527 0.7481656282756758 0.15556017447164336 0.1590095209055132
0 0.6179673301055428 0.8411883152062007 0.13982609016268804 0.13934946828879466
0 0.9166406585607658 0.7648658228163598 0.11457156010845856 0.09414338410204497
0 0.8117945981577197 0.8657542176535099 0.13036927693097128 0.1247409367187636
0 0.6195838513791735 0.7163248230987085 0.16818743949875808 0.18161256299888784
0 0.4395287127172961 0.77690746537561 0.150809041958086 0.14779900512049765
0 0.08668395120622291 0.4017892841302798 0.16168290944452865 0.1374985419522005
0 0.3204721021647404 0.18032932601189314 0.12729881908544902 0.13393392619541977
0 0.16131072560311147 0.20776553932136452 0.1444226865718917 0.12399748407381014
0 0.34975105688700475 0.24607542335282234 0.1789431323171656 0.1509995998305908
0 0.2295198492378742 0.1188010208349259 0.10996587334017516 0.10793286831702939
0 0.49002101200205256 0.05899889953412468 0.10338862041330898 0.05131884727034204
0 0.37803007211051115 0.13994652069375155 0.11151928298109555 0.10646137357870127
0 0.4689408975406719 0.06011407850155472 0.10038179508134384 0.07144933674699834
0 0.2236612555591449 0.3199539971574025 0.1758999455488821 0.16488008930724707
0 0.21194406820168626 0.7222599498023559 0.10216246369925477 0.10904034200867016
0 0.35104941559284875 0.06652443124533011 0.0802147408266178 0.0952662683452643