0 0.45057539462538865 0.1171875 0.12964126834526435 0.0796875
0 0.21277926301300526 0.15234375 0.0986642841302798 0.084375
0 0.1802768471291677 0.2515625 0.09205026308359243 0.078125
0 0.1413501259977757 0.334375 0.10473227360693613 0.08125
0 0.2851049151779659 0.64296875 0.14883088410204498 0.1140625
0 0.32593358348087786 0.7671875 0.12310284200867017 0.1015625
0 0.10694982309870853 0.615625 0.09921031570031094 0.09375
0 0.15352796246242537 0.73125 0.09259629465362354 0.0875
0 0.5486892730422388 0.675 0.17410389988706038 0.11875
0 0.5495075913733857 0.76953125 0.14323333148532652 0.0984375
0 0.9335001931546788 0.609375 0.13299961369064234 0.0984375
0 0.9415710274120157 0.50625 0.11685794517596867 0.0890625
0 0.9334836890672508 0.42734375 0.10811487884037305 0.1125
0 0.9082422234092921 0.2890625 0.13992632096198285 0.0953125
0 0.7540706629000657 0.27109375 0.17769933674699842 0.1
0 0.8682326024614268 0.17890625 0.10684080517696729 0.090625
0 0.7707429524331918 0.20859375 0.12440773677523324 0.0703125
0 0.7225182840596928 0.15859375 0.09866428413027997 0.084375
0 0.689532207836038 0.06171875 0.10491428413027996 0.084375
0 0.8229564417686739 0.35390625 0.1028813472703419 0.103125
0 0.7656786229434168 0.77890625 0.08551183674699843 0.1