0 0.8077429349206335 0.4638181411867609 0.17465524830195706 0.22814270678620333
0 0.06390689004244918 0.7363196258717132 0.11452117982650452 0.11411987153638865
0 0.05542932025193724 0.614932641423102 0.11085864050387448 0.10726427879370348
0 0.05705117944352095 0.5406455409047224 0.1141023588870419 0.10841667568342572
0 0.27837081971207017 0.25065765353412095 0.19196386181247735 0.1830448202640737
0 0.36119141656515275 0.14630305273291738 0.145610493521595 0.13859219123481453
0 0.0811651526854921 0.26091908468416686 0.12319527297895927 0.10400257775694417
0 0.2002737029623473 0.1479516100375004 0.1388598457733484 0.13023288708777753
0 0.27614818322259055 0.2974643030157413 0.22371450956072395 0.19359134099925884
0 0.5627353277316347 0.20169601588069558 0.16556204811738695 0.15898260367592565
0 0.8716168653654469 0.546016195050974 0.16788601172019213 0.1467560057494442
0 0.5698181261627886 0.7821750363330567 0.16345932757475107 0.12617010367592557
0 0.7709696159837558 0.746708553627872 0.15458497532299767 0.13316239745537004
0 0.6208287160760408 0.7256619047118994 0.11325906847545256 0.11867067049962934
0 0.6917746668789198 0.842977252355557 0.1194089389258032 0.11765497464666633
0 0.41916967921742093 0.9266460806781491 0.11025518198597287 0.07179567049962969
0 0.5531324714747117 0.8364619951455105 0.10953329117755661 0.10902226842611107
0 0.4451511883167195 0.9212655135716213 0.1059682001845701 0.07763556738935158
0 0.7158792026578056 0.6365515950982422 0.18899954811738695 0.16103311922731453
0 0.775987496917681 0.23198167228953856 0.12127182757475126 0.12247917568342573