0 0.8821185394254958 0.6483778585458861 0.10594201201463563 0.1114682680561673
0 0.8298849721116767 0.7940103062763006 0.08701019867918128 0.09518850362819702
0 0.7218093901177218 0.8423337335882952 0.07632723734881744 0.11668155771188111
0 0.6439025661202672 0.8638119187048379 0.080705654678545 0.09028274881887341
0 0.34930658676794984 0.7341988628918734 0.10964881468808993 0.161577395460829
0 0.2229162620941775 0.6862474909295073 0.10452496268299924 0.12391370435383635
0 0.3590826707908579 0.9026760443802191 0.09645792401336299 0.10176588584218216
0 0.24283041478354006 0.8528075083527025 0.09002611067790858 0.08592263103285873
0 0.33135382873167885 0.46752971806401655 0.12394767202418074 0.18238096878180682
0 0.2398657627307243 0.4636904446503716 0.1078681386855446 0.14277283175849825
0 0.43300395134468134 0.07305801016680101 0.10645108935390812 0.14611602033360202
0 0.5430420226766358 0.06443945095730749 0.1001283640197265 0.12887890191461499
0 0.8164811647039982 0.24659959293678954 0.08081474267981754 0.09965774881887368
0 0.7546431413510446 0.1041690454765275 0.08913632001909004 0.14368056733052792
0 0.7453965053707711 0.24986349139284347 0.0983658693507266 0.13150794954451311
0 0.8512459686903171 0.14456337778317985 0.08395792401336308 0.1013293762235354
0 0.9665822567234066 0.3843847912153583 0.03710110534690827 0.1012549651536097
0 0.8622663793761799 0.28564224556919476 0.0852840666772721 0.08107143992586625
0 0.9615493113860432 0.3548609823223508 0.052635198679180914 0.09398810217691818
0 0.6683158373647258 0.2080058628070554 0.09024428668045381 0.10467263103285876
0 0.24455162070336192 0.2618824079898828 0.10281701201463564 0.11135914065150558