0 0.42828005698520066 0.13652315148482716 0.14529536104353494 0.2730463029696543
0 0.11166070442767673 0.2521778790521346 0.09747496369925476 0.10876732622365459
0 0.206682312937129 0.19662655809015184 0.10050906010845859 0.09332433674699833
0 0.2782618762670414 0.1416590660532468 0.09119769262201594 0.10371580517696724
0 0.5973845809893057 0.1871564926721896 0.12910675878059868 0.1762124314570916
0 0.7318913911959601 0.20198629016841058 0.11795109016268804 0.13807539462538865
0 0.5463710059519283 0.03345942917919155 0.11774201190385672 0.0669188583583831
0 0.6692317890312197 0.04840995950439185 0.10214428298109546 0.0968199190087837
0 0.6761964239806639 0.43499548221943307 0.14489538524403187 0.20524748407381016
0 0.7612935866466465 0.41987944545831724 0.1368283551898024 0.16104245776545087
0 0.6715832094958423 0.8510300058969564 0.12753516842151918 0.17455892619541977
0 0.5725599022160541 0.8904025900131188 0.1258908551898026 0.16040542093374804
0 0.2624894897464633 0.7888903818241448 0.11012040944452864 0.13449536831702957
0 0.36244001365237255 0.9088927977079825 0.11800563231716561 0.14745039462538861
0 0.3208968873853312 0.7534464345114505 0.11476245764913058 0.12695588410204514
0 0.24116445647078022 0.8846957054875506 0.08968064441741405 0.11143729991529554
0 0.07352191763595219 0.6818877658556027 0.05060905405833438 0.10759966837349921
0 0.20053439041039328 0.7518600896601829 0.09908291549465284 0.1166708314853265
0 0.08538611338122606 0.7062052263930638 0.06463519262201593 0.10216871572854594
0 0.41416561923495854 0.7995941214419755 0.1303147347764936 0.1153659367187636
0 0.8093548785065365 0.6210555376081619 0.10686814441741391 0.11243835779368574