0 0.43527287812245186 0.42389646591915725 0.17173613466105592 0.185613732262828
0 0.8784970553496283 0.17860284084532813 0.09858632213985104 0.09985790252860856
0 0.7698735342982361 0.11744290022148199 0.08690477767481415 0.122494366131414
0 0.6978249195074462 0.09465504473052608 0.08770338584218215 0.10071949568106334
0 0.3893527097961321 0.20759963988556565 0.12129962504240899 0.1699095866740498
0 0.25768604754508007 0.2489231516057579 0.11217759618646853 0.1319089389258032
0 0.4180258029025577 0.04922234269102943 0.1037103317584982 0.09844468538205886
0 0.29810517250267105 0.08346932989110296 0.09836806733052797 0.0936079025286086
0 0.34224212993655045 0.47292305367294124 0.13623514427970268 0.1958107526208936
0 0.2529340932760616 0.47159918800295253 0.1253869243167696 0.1530224753229977
0 0.39867075624490383 0.8780320558324096 0.11957343393541642 0.16512195712440053
0 0.4940204617798667 0.8954117180786255 0.10055061542376223 0.15610790252860837
0 0.7858483193142625 0.7318558536452546 0.11631945916315978 0.11658432757475108
0 0.9540601167745246 0.6607854827334786 0.055272831758498245 0.10955427513842757
0 0.7359103175001639 0.6919911196843836 0.11639387023308564 0.1633591980251019
0 0.8266494233052792 0.8239839944536709 0.08792164065150558 0.10696949568106354
0 0.967420723127794 0.5949404372369853 0.04578870435383635 0.1058284978405318
0 0.8507813493513293 0.6854128477851584 0.09189981252120419 0.08695738433001132
0 0.9518701341977197 0.6429168622831278 0.05779763103285873 0.09256703423772628
0 0.6246851300213685 0.7805505768087839 0.13697918874473985 0.17247338217054295
0 0.2320387838349 0.6804327698966403 0.10974207694917479 0.10680880937615385