0 0.42456508265863546 0.9130285217948316 0.12231133723582169 0.08423513527271567
0 0.18809631753332492 0.8521222975151336 0.09110678903121974 0.08967965186945506
0 0.15353094087350005 0.7478958161864655 0.08481133723582164 0.08139355518880328
0 0.11262920580241884 0.6580394881771452 0.09736587939029935 0.09171574855010753
0 0.24402569330938695 0.3741166193006763 0.15368860226293632 0.10847811867597637
0 0.289315988292535 0.24702224565032244 0.11462610226293632 0.10551813942190072
0 0.07363138007767041 0.37527360975290663 0.09427724082661784 0.09772895020978148
0 0.13917508772680096 0.2598746753146722 0.10677724082661784 0.09867614357108563
0 0.5106092053114395 0.3638349278134719 0.1694045058537325 0.1252871103776066
0 0.5127171268562165 0.2702033269836349 0.1349386022629364 0.1070573286340201
0 0.9101365066392993 0.47539511537520607 0.14740224082661796 0.10175452199532416
0 0.9251615429400445 0.5797041070768362 0.14111587939029918 0.09503092531467203
0 0.854125838512368 0.8330290940045817 0.16438975292686625 0.06868191286711749
0 0.8785900282075175 0.7926767811421086 0.13175906010845856 0.09744553029369403
0 0.7199599167711991 0.7869092653705616 0.11931360226293623 0.10587333693238996
0 0.8404809741491832 0.894522701058196 0.09423178903121965 0.08991645020978148
0 0.6958451850197676 0.9015395278181163 0.09734769867214013 0.08859074855010718
0 0.7860348895456402 0.7145382805174086 0.09427724082661779 0.09772895020978148
0 0.7260120123948359 0.28402106371088764 0.08181360226293641 0.10303175684847724