0 0.8641288562861495 0.5500200373316313 0.2717422874277009 0.1266768284565975
0 0.885225928312417 0.21953245032565896 0.10844766508343398 0.10396276101791672
0 0.9261109571452322 0.34295111331968675 0.11700379353213641 0.08855596656500016
0 0.9234639919709412 0.41184658368440896 0.10195200361804453 0.09912979065319458
0 0.7507479454981288 0.6833800108304855 0.1789172953411587 0.1383754350298613
0 0.6833291514001656 0.7999330376159717 0.14068031094499106 0.12344011284152785
0 0.9166152849372506 0.6990744799609367 0.11979460085908258 0.11202983415618065
0 0.8533107807533792 0.8045809039728813 0.10071705223856356 0.1053434230620141
0 0.5111565010160528 0.6639260684855204 0.15728795680654795 0.1425537887533334
0 0.4668133587725404 0.7431784638121177 0.16345606965141818 0.14113675911805573
0 0.10556384102100158 0.49189525284979163 0.16608974672063964 0.1318344943004167
0 0.10402459520487309 0.3878980838718402 0.1646910210308991 0.13492312670923629
0 0.3165744255988835 0.1600230845374303 0.1433073439616777 0.14378898043270846
0 0.19593769900463182 0.1417114552627429 0.2060596494796016 0.12028005167111129
0 0.3601473631835545 0.2153275271667358 0.17735479534115867 0.1383390674386807
0 0.24730544719560948 0.09201927336701368 0.1127257293077851 0.09625936379145843
0 0.4882336623699004 0.023869338621492875 0.1108423247398008 0.04773867724298575
0 0.38726870590203677 0.10597005775194412 0.09405761646291486 0.09738545269729175
0 0.4486355738352897 0.028993249715659558 0.10664614767057934 0.057986499431319116
0 0.24869860809517186 0.29770622891409704 0.16057673111680745 0.14575152393569457
0 0.25530929273916686 0.7074267210303123 0.12168464947960163 0.11831620174736131