0 0.10421910040562969 0.3881851393989355 0.10057053029369403 0.13864765394280312
0 0.1980086796643497 0.16709113152302774 0.10144594606059654 0.10921524545807211
0 0.305135018046632 0.15382547016335887 0.08991645020978148 0.10050992515463034
0 0.39873165269464794 0.13238064698497917 0.10504454274124866 0.11572033697334119
0 0.6577603427319598 0.3241048588133883 0.12973781203728052 0.1751909318225902
0 0.7764026763403574 0.3974622236665166 0.12209033278320476 0.13574579454968658
0 0.6808221022797294 0.15462140623801282 0.11105774440092268 0.11310552000387934
0 0.7830698412820674 0.23685956351479573 0.11453794191141178 0.11804811151914836
0 0.6312048850490013 0.5915634257828503 0.14822770290907386 0.19378143515656987
0 0.7214863429324525 0.6138686026044705 0.12519202199532414 0.15618584030732113
0 0.46301618918889736 0.9405444780392667 0.12445831618646537 0.11891104392146659
0 0.3613352900187344 0.938934309552596 0.11460971950581333 0.12213138089480786
0 0.025633543041987644 0.6954079659112951 0.05126708608397529 0.1222573793969957
0 0.1592059501865595 0.8658952933417385 0.11835002614450914 0.14786315727678315
0 0.18354586720286187 0.7106656594028149 0.13537250539858472 0.18807356909549355
0 0.06467562280193928 0.8062974106107628 0.10168274440092259 0.11234024545807202
0 0.07646799562710052 0.66104868348958 0.09666335767831424 0.08708515394280311
0 0.016011011923101046 0.5662148024255943 0.03202202384620209 0.10105205909355419
0 0.24739395703503675 0.7913414456175516 0.11129454274124866 0.11623052000387943
0 0.6779811062051998 0.824917801845866 0.11550844606059663 0.11036315727678306