0 0.3546711377319456 0.11218745363604628 0.13816942182065048 0.07026291469812272
0 0.17069449258313418 0.19069194346924528 0.10452774545807211 0.09713294954451306
0 0.1374192201633589 0.3109424452833438 0.11925992515463038 0.08674108656782167
0 0.11273782668153745 0.3925024693299609 0.1471298336393613 0.08459823320977708
0 0.3140921300252157 0.661254925413078 0.1748082945496865 0.11828375244707061
0 0.4278194033630749 0.777938939208076 0.14588606909549373 0.12662204210278444
0 0.1216495385099466 0.6648412607997732 0.1158798336393613 0.08350695916315978
0 0.22809047033253674 0.7786458112552601 0.12898561151914842 0.11045140507947586
0 0.3932054162399525 0.7282216814035276 0.17069462152108805 0.16332343393541643
0 0.5985784424527496 0.7390698682493511 0.14977634364130096 0.13610616950744614
0 0.9367181053102307 0.4084596974759605 0.1265637893795386 0.12113593393541641
0 0.7425694925831342 0.17072162841615204 0.13351361485312835 0.12774803248413757
0 0.8865744551604493 0.207217145206375 0.14904302000387942 0.10803573320977707
0 0.730180933948622 0.22051329729062602 0.1198657030344176 0.11324902286549073
0 0.8212527309142047 0.10764622034145126 0.10921524545807211 0.09729664065150563
0 0.5636159609103253 0.01730527337123593 0.1094386439408634 0.03461054674247186
0 0.6765939351565701 0.11113086280705542 0.0916451081851685 0.0920089399258662
0 0.5842473253044116 0.02388637282700637 0.10015923879011232 0.04777274565401274
0 0.8016092659209934 0.28931537179273004 0.13038861485312836 0.12763890507947587
0 0.8787618262224954 0.245880341122691 0.11795251666989941 0.08981152286549073