0 0.6858382819213744 0.48463550497895935 0.15516476866002266 0.18314486061443874
0 0.8306720296050226 0.8958135963561045 0.10288277297895912 0.09713294954451328
0 0.8886569054540441 0.791046740002835 0.11468186613141426 0.08663195916315977
0 0.9084198904946493 0.7223612273889632 0.10706962523071298 0.08948414065150559
0 0.7930116293927658 0.3932788733979465 0.18068640036914035 0.14350200725639412
0 0.7509767188445927 0.2725472219466677 0.1321091980251019 0.11530259618646851
0 0.9634278516334446 0.4527605447194912 0.07314429673311089 0.10182044954451293
0 0.9133556053340722 0.32498771958441497 0.10640829117755643 0.10349207694917481
0 0.7731392203857522 0.4237649815653145 0.2001373072166853 0.15509427168436432
0 0.5294824506459955 0.2585764580668516 0.15362325262089377 0.13476192431676956
0 0.101963929669621 0.4720411803072194 0.1508591980251018 0.1159573606144388
0 0.2913511088778167 0.7756448738612827 0.10464553207825791 0.10031251324684405
0 0.12798141887227937 0.6834151899258663 0.14410855027685518 0.10792660580511537
0 0.3001463155407918 0.7182688834799296 0.13825906847545247 0.11395835099579195
0 0.17102811689738115 0.7956076550794758 0.10767040252860856 0.09885914065150558
0 0.4041781832133653 0.9549727645127882 0.10396560919158375 0.04104664065150558
0 0.3153684022148416 0.8341667019915837 0.10737001387966068 0.09417164065150559
0 0.3849776002399433 0.947286750084818 0.09901729333702489 0.061140885842182156
0 0.22979544031007912 0.630066989833199 0.12273419802510181 0.1149752139724832
0 0.31263610965300903 0.21982394899635888 0.10640829117755653 0.10349207694917481