0 0.804399683948622 0.30474888342183803 0.26253143515656985 0.15343726639624683
0 0.360822835185665 0.9295387477249151 0.11635806576151389 0.11285704274124839
0 0.2711388397275929 0.8295727912913561 0.12665783697334118 0.10587333693238996
0 0.2234668721493079 0.7591885136969545 0.12496779121570664 0.10419243776222693
0 0.24695333001551734 0.4286614867272528 0.19256962152108806 0.1714284045687478
0 0.2646195778894854 0.30266767179018716 0.15809902667183912 0.14862952199532425
0 0.08847089244305131 0.5036111746899723 0.1029652454580721 0.10097234937994451
0 0.11104790986185678 0.36168470643355877 0.1426335233378592 0.13037642946385705
0 0.2763537875918627 0.44641767179018715 0.20778003333979891 0.18655649710021502
0 0.46390222970625655 0.28050036432629877 0.1649867554600118 0.15691561867597628
0 0.9324611689457125 0.4719032624707766 0.13507766210857497 0.14500761452679142
0 0.8685881824508099 0.7676991693146095 0.15484648091420466 0.1468302236549981
0 0.9561693491013127 0.6840247541724068 0.0876613017973746 0.13037642946385705
0 0.8217133113887638 0.7261027425500448 0.17152379788366626 0.14188261452679143
0 0.9595811336490596 0.7986433612260211 0.08083773270188069 0.11633724025173767
0 0.7942730639738377 0.9670454980372648 0.11147937606301603 0.06590900392547035
0 0.8484029703325368 0.8438113834218381 0.11935552000387943 0.11153134108157454
0 0.8151276979127615 0.9589787166060283 0.1076846963664578 0.08204256678794337
0 0.8772621965356355 0.6076380076968918 0.1989471672787225 0.1734645012493999
0 0.6852513290974335 0.2242899435850188 0.1251909318225902 0.1259490385920638