0 0.5799693651214961 0.7431914637062432 0.10952473137238705 0.22452824855010753
0 0.17638860978923715 0.7849455302936941 0.09939232622365468 0.10397895020978147
0 0.28646083077945483 0.8586216738647797 0.08623987884037314 0.1185383576783142
0 0.3602014386437277 0.8960992856922788 0.0891828683170294 0.11565015601864026
0 0.6776780940042215 0.8182641639160249 0.1502715577372161 0.17628092531467213
0 0.7960948940606913 0.7681242991887406 0.12979245776545092 0.14517263527271584
0 0.6265159543581561 0.9716311593426326 0.0884548262236546 0.0567376813147348
0 0.759685499152954 0.9396779759416944 0.1117859104104042 0.1206440481166112
0 0.6549462492941283 0.7885407751188239 0.1600105787839034 0.18324132033565022
0 0.7894522389825461 0.5739482466992296 0.13622446828879475 0.14877123195336797
0 0.5347459972985769 0.11363401827034665 0.1226169945971538 0.15551813942190074
0 0.2573629918957307 0.23884197013051325 0.13338789462538872 0.12677783278320492
0 0.32283753149944394 0.10768798112817538 0.11113346302712275 0.14531434523075956
0 0.29469566290006577 0.2922280018740998 0.14751057878390342 0.18229412697434616
0 0.21560115514873238 0.1361187892167637 0.09966534200867017 0.10866645020978143
0 0.0770524075678068 0.3480715697109503 0.05131884727034204 0.1065585759347277
0 0.1896441418533784 0.2780452574731772 0.09672235253201386 0.11155465186945542
0 0.08441758653523683 0.327629015146847 0.06805132096198281 0.10004846680652095
0 0.4143263524614268 0.20951243548714168 0.14429457352223163 0.18049482863402008
0 0.8171699023767222 0.3287075242936313 0.1268494682887944 0.14806083693238986