0 0.25715859456891893 0.15929931830144586 0.11494027346576186 0.23678944183801276
0 0.9158683387425498 0.7078371911585827 0.09479583148532669 0.10466535668871887
0 0.8173923123636033 0.7814000133184263 0.09396137357870131 0.11705609604505725
0 0.7483538860270093 0.8081917422832046 0.08992632096198286 0.10121257475773371
0 0.427382691415738 0.6980672513373823 0.14843604195220053 0.1706616972858946
0 0.2946079887707846 0.7214715363704607 0.11830892619541977 0.1343200056999832
0 0.47885970435815606 0.9219528655676698 0.1150173262236546 0.1045232450563212
0 0.3510007438912821 0.8681390867387776 0.11638240514873237 0.1279607450563212
0 0.35489522845920246 0.49055503611835916 0.14391514192396554 0.19991215471124751
0 0.27079324424421797 0.5011426108760928 0.1398044945971538 0.15605289406758588
0 0.3690600841161624 0.08476884788664257 0.13408511561560638 0.16953769577328515
0 0.46981124203690505 0.05750722535848185 0.11774748407381015 0.1150144507169637
0 0.7789040629283008 0.1879231649275807 0.10876732622365459 0.10408620248167452
0 0.6766072736069362 0.05414764255497646 0.11444047355046649 0.10829528510995293
0 0.7309138839608706 0.21245862520292538 0.14531104195220051 0.17044317599857095
0 0.7992859104104042 0.06647985366350036 0.08560284200867016 0.1071347928267485
0 0.9621631549369709 0.27708458187197377 0.04654034200867017 0.10440327673520508
0 0.8360641155450192 0.19961478175575825 0.09837585779368574 0.11269637797604237
0 0.9513320707502213 0.2527401457339442 0.0633638209619825 0.09935514381548423
0 0.6229656050922626 0.13685732768459985 0.1244833314853265 0.1067413089182919
0 0.22413253391851837 0.29260884503665097 0.1074778420086702 0.10866444183801276