0 0.7592366418974785 0.46932370778677274 0.24370522365499808 0.14781375730360063
0 0.7662025726107353 0.15027369885831895 0.10386055103961844 0.09387845941492108
0 0.8284639290396498 0.25775100811108426 0.11553175684847723 0.08315914772652384
0 0.8394238172121506 0.32991238027006287 0.09690015601864026 0.08439436525911974
0 0.7114233360839753 0.6460674399298652 0.15646533278320493 0.12912621266133187
0 0.674004001226178 0.7682327662287591 0.13148864357108572 0.10840460957707698
0 0.8832517145082139 0.608387982136502 0.11370914772027056 0.10029210064862326
0 0.8421629279907427 0.72736012458802 0.09616645020978147 0.09530459172016936
0 0.45582360890449214 0.6846315133893853 0.19720873195336797 0.13139782467404082
0 0.4508149549604443 0.7713775369283355 0.1528667361025528 0.12282166558343129
0 0.06550152644524812 0.6266636858759707 0.13100305289049624 0.11212962743398443
0 0.053333874475546404 0.5254596960222404 0.10666774895109281 0.11341939204448082
0 0.1965510782098128 0.24515636160567172 0.13338303029369397 0.1334046095770769
0 0.0662855442913875 0.31324606818121903 0.132571088582775 0.10382620373287824
0 0.24293990351984057 0.29368536485208263 0.15648864357108563 0.10884098620028233
0 0.11555045455945898 0.19915234050235336 0.1060383576783142 0.08143300649282174
0 0.33538047033100593 0.044185971182748605 0.049716580083912554 0.038318206168510206
0 0.2550632404522304 0.1749899119299833 0.08631785352912935 0.08889095048646731
0 0.321045283193479 0.06818653287114589 0.09993006763635792 0.06260118587597074
0 0.16269445123546672 0.3822472585214166 0.11560353444287888 0.1252921006486231
0 0.2363021690676729 0.7942308356310894 0.1126202444009226 0.10651482710967279