0 0.10852637703353782 0.632555175729701 0.21627165665497752 0.13029897483619662
0 0.11611237500164764 0.2427250624991762 0.10802278003177213 0.10341710064862308
0 0.08666856250247146 0.3625602755675453 0.11887845941492108 0.09892051542127547
0 0.07043938778542026 0.4419614034085667 0.14087877557084053 0.10716939204448087
0 0.2750905397775953 0.7159558311668626 0.17923530681713334 0.15620690990138844
0 0.34746832589844734 0.8227200742670038 0.13814665665497755 0.12893529788867966
0 0.07812008239126912 0.7179881152591198 0.11720686525911972 0.09264324188232517
0 0.18406434497317084 0.8269012394466932 0.13332278896022584 0.12104097727182861
0 0.29276896347870146 0.6881308400953163 0.190309174511885 0.16421032467404081
0 0.5564399513038368 0.7599412049473988 0.155606892044481 0.14486030681713338
0 0.9096015020318902 0.40583968059437436 0.16004893019392802 0.13087962743398443
0 0.6589777593354909 0.16858159374546897 0.12838982710967278 0.10689665665497756
0 0.8318016047091081 0.20676520656895675 0.14579551542127547 0.11969666558343128
0 0.6608754500827255 0.23894864082336964 0.15048301542127546 0.11977848620028231
0 0.7623033567377031 0.11411801054671625 0.1127375535707225 0.10506142126547413
0 0.49790566599046837 0.03916900892515845 0.10728639448011297 0.061229600648623116
0 0.6167453948871501 0.12564407142433462 0.10799550649282175 0.10185460064862313
0 0.524440892451518 0.041195159087314234 0.10111821509696384 0.06580800649282176
0 0.7625413157488823 0.3243424443940921 0.19159893912238157 0.1486125982129911
0 0.8096155442418222 0.7166896314878788 0.1552796095770767 0.12611030681713337