0 0.50078125 0.8109375 0.08203125 0.2390625
0 0.1625 0.8125 0.08359375 0.0890625
0 0.26640625 0.8640625 0.06953125 0.09609375
0 0.346875 0.878125 0.07578125 0.084375
0 0.6484375 0.7484375 0.10234375 0.14140625
0 0.775 0.70703125 0.096875 0.11640625
0 0.62890625 0.91796875 0.090625 0.0984375
0 0.7453125 0.8765625 0.0875 0.08046875
0 0.67578125 0.4921875 0.11328125 0.178125
0 0.76171875 0.4859375 0.109375 0.134375
0 0.5890625 0.08515625 0.09921875 0.15
0 0.4859375 0.06953125 0.10078125 0.1375
0 0.2171875 0.23828125 0.121875 0.1125
0 0.27734375 0.1046875 0.090625 0.125
0 0.2671875 0.28359375 0.09609375 0.1359375
0 0.16484375 0.15859375 0.07265625 0.09296875
0 0.04296875 0.39296875 0.04140625 0.096875
0 0.15078125 0.28671875 0.08203125 0.075
0 0.05390625 0.3484375 0.06015625 0.08359375
0 0.35 0.20234375 0.11640625 0.09140625
0 0.7703125 0.271875 0.09609375 0.0984375