0 0.6121624524546894 0.7839402748165029 0.12809227546389118 0.25345894789030404
0 0.9395860797256532 0.7216370581100611 0.10334788273097573 0.10287675103345731
0 0.8442255244251211 0.792737270268389 0.09304811151914834 0.11017982878371627
0 0.7735462336684563 0.8203400394988112 0.09359024545807201 0.09775260339082203
0 0.4485624669985569 0.7492121720448532 0.13762703000581897 0.1605094685684687
0 0.3168980077552216 0.7310337144346393 0.12295875212603188 0.1333647717116218
0 0.5066135673078176 0.9127630957423364 0.1120532030344176 0.11417812406898661
0 0.3834153123068478 0.8926218777930401 0.10596269970043756 0.09677230024766885
0 0.3671538728982139 0.5012691317219817 0.15162562818904785 0.19851889081820956
0 0.2817265559287521 0.5115217351128039 0.1386793469752808 0.1543322431755744
0 0.36219672424624483 0.0850790514905233 0.13357725879399157 0.16810364474715103
0 0.4591196506088232 0.06426789950466197 0.13073930121764638 0.12853579900932394
0 0.7611121984924896 0.16844789971405896 0.1495212521260317 0.1346019400324213
0 0.6720022878817268 0.058392427007251946 0.11721893515657004 0.11678485401450389
0 0.7206624127367947 0.2205219760165759 0.12786939273291545 0.15538532092583343
0 0.7938133860649556 0.07909214723285958 0.09279302000387943 0.1070548287837163
0 0.9645397006185213 0.28758523573648553 0.06141547424624463 0.10403683664159917
0 0.8359845237969011 0.20181901778718953 0.09776756242753386 0.09172092721213972
0 0.9474161024352927 0.25074020720043827 0.0744576081851683 0.09219180810555186
0 0.6213003994008751 0.15613845244292732 0.1370532030344176 0.11534251778268034
0 0.2262266286480898 0.30236721298689734 0.11843074879205204 0.11603172249740998