0 0.6443578408870492 0.6020483428929867 0.25382611485312834 0.12911084422416685
0 0.19628558438826735 0.15563632342260433 0.094642562427534 0.08953658510611118
0 0.12185992711148441 0.26192138459302094 0.10768469636645772 0.07736389342673622
0 0.09035509347212309 0.34102700313413203 0.113392562427534 0.08997299620027785
0 0.18936758088510958 0.643118792837396 0.16479556576151388 0.10832425911805572
0 0.22012376012262588 0.7745512840036808 0.12704047424624482 0.10432643692972228
0 0.040131694989331834 0.6158445119678473 0.08026338997866367 0.09607752583555555
0 0.0566510625482202 0.7347406355429514 0.08864765394280305 0.09251611474138884
0 0.45036898270188075 0.6867649157469101 0.19094347758022465 0.12296864057694457
0 0.4423813973955295 0.7750279819513198 0.14655574879205205 0.114137848023889
0 0.861641064674252 0.6251085556582646 0.15998052000387944 0.10665265634451408
0 0.8882989016475932 0.5286699667524314 0.1481501997004379 0.09546058320625014
0 0.7436072524158959 0.23960420070052146 0.11023561151914833 0.10861389342673622
0 0.7126756010581667 0.08155465814746589 0.105388872729036 0.049238893426736194
0 0.6951220839292254 0.2870052243518756 0.16530574879205204 0.11457425911805572
0 0.8393022607508456 0.19878113858017435 0.1032522878817268 0.08037979065319453
0 0.621173627270964 0.06142203647222275 0.10331618969849785 0.04295252583555564
0 0.7011166056000947 0.1752137391695145 0.08344997091226496 0.08615701196784728
0 0.6685907612098877 0.07504943179882001 0.09001896424430508 0.05200021751493063
0 0.7821760605913661 0.40957251500507014 0.1896360690954939 0.12605727298576408
0 0.6505447126980014 0.7947449891695145 0.10191292848861018 0.10218205547083344