0 0.8160421649417099 0.19759878535596365 0.09100535352912935 0.0914298287837163
0 0.8776327056083663 0.3117918719975628 0.1195088618274994 0.07718754631872767
0 0.9043504161911098 0.38699307919349185 0.09162066016782511 0.07900260339082213
0 0.802923506447492 0.6819887479285762 0.16093934523075965 0.11025691149637407
0 0.7665384884008599 0.8079668970189534 0.12296574855010753 0.10226032092583352
0 0.9588593948204854 0.6726245181924558 0.08228121035902909 0.09513702564056317
0 0.930754353752844 0.7868111426757272 0.08463695435896632 0.0895762303552928
0 0.5394296915104263 0.6977420647205804 0.18352474025173784 0.12065075599585598
0 0.5438938937948002 0.7874766528099216 0.14218934523075966 0.1093836162111037
0 0.13141443673654155 0.5938827406943751 0.1557782485501075 0.10378858767505647
0 0.10881554109086349 0.4908476319268694 0.15109074855010748 0.10357026385373888
0 0.26676513797200824 0.2226178244404901 0.10203794191141169 0.11374147642635143
0 0.13929225602328466 0.2766246201400452 0.14664004689043356 0.1064769400324213
0 0.2998745585127956 0.2794329046719485 0.1591400468904335 0.1070591368892682
0 0.16969996120744357 0.1745013480141387 0.09966995850815122 0.08249147642635143
0 0.4000125780093201 0.05989100020488778 0.09876938672260831 0.029512025640563166
0 0.3083597195058133 0.1653896753501129 0.07803175684847723 0.08459763192686945
0 0.3873233238601353 0.06708491604448799 0.08792697510489074 0.0508048287837163
0 0.23206101909553922 0.35023124813797313 0.10577824855010753 0.10145980024766903
0 0.33962079089037084 0.7834119292790543 0.10577824855010753 0.10145980024766921