0 0.4324568569408204 0.19934092940661957 0.15585578813517156 0.2745296912348145
0 0.12582408070981843 0.2781140210180091 0.10586722376899797 0.11486216531583313
0 0.21476661238870207 0.21756608322356447 0.10186813861970415 0.10208876324231467
0 0.28318347661898957 0.1855047303961106 0.09761768119435103 0.10792866013203684
0 0.6052495007563046 0.2719171413766192 0.13847191015912905 0.18138528397749978
0 0.7426073891239072 0.3041226315746745 0.12803715471124733 0.1432017787937035
0 0.540832449631683 0.09468140664518417 0.12541489926336596 0.10570177879370349
0 0.6672910428267484 0.13758038906754502 0.11011768119435103 0.10902226842611089
0 0.7055983340640131 0.5299435463248597 0.16064184110137844 0.20972489745537004
0 0.7907163792365501 0.5257433533466189 0.14831680372251183 0.16671719123481452
0 0.7354975455998655 0.928575651908865 0.1413783888718056 0.14284869618226992
0 0.6387371600822546 0.9450068695101385 0.1373793037225118 0.10998626097972312
0 0.3238391437386096 0.8335321272858328 0.12781863342392405 0.14007677879370348
0 0.43068971330056327 0.9438654516024071 0.1284741972858944 0.11226909679518578
0 0.3643823802449563 0.7803968568334716 0.14483117080279087 0.18349458812453676
0 0.30612140203648286 0.9243820112160644 0.09649222376899794 0.11404195909527744
0 0.12033209546397947 0.6992569976909258 0.05888296312533625 0.10919863421305535
0 0.25437359571608104 0.7839723332235644 0.10786676634364492 0.12124886635259244
0 0.13541614608439811 0.7262002065033795 0.07094592055068931 0.1040422425071295
0 0.4724787395315652 0.8605128752595824 0.13900750569998319 0.12242038708777736
0 0.8558654038780682 0.7356548870412947 0.11557000569998337 0.12036987153638883