0 0.5253504284886102 0.09097245860743747 0.1357457945496865 0.11470915665497754
0 0.7576207945496864 0.09943597484278716 0.11116038273097573 0.10023755357072243
0 0.8394125416747485 0.20049786851212117 0.1244576081851684 0.09110801542127547
0 0.8825883278894853 0.269374553577313 0.12445760818516831 0.09110801542127547
0 0.8270387980528444 0.5856365276027307 0.18026106909549364 0.12484781574558709
0 0.8015440747246834 0.7237774557680637 0.19716152667183912 0.14074555113509035
0 0.9726872983427084 0.5247830280097678 0.05462540331458321 0.0876011858759707
0 0.957540401526907 0.6605938429445759 0.08491919694618595 0.10489778003177222
0 0.780131589268551 0.6819036014659925 0.16635780788560606 0.18389553327818292
0 0.6091333051798461 0.7435656245979059 0.15615388939893543 0.13534893912238158
0 0.12613013123316366 0.5579704127440575 0.17114116061076282 0.127809174511885
0 0.22761443015560018 0.1047754545469524 0.12005715060882319 0.0754284683433748
0 0.25441540152690706 0.3085044265437752 0.17764625212603188 0.13104326866768634
0 0.12004065940281483 0.2341783567377031 0.11441292848861026 0.1018546006486231
0 0.321109467578285 0.06167824513203133 0.11409419303247778 0.059721647726523795
0 0.2562333798560378 0.19659476177112284 0.12678538273097573 0.10051028896022585
0 0.2778536751546304 0.078080540992116 0.10277405575957417 0.05484323295387141
0 0.23402289531798925 0.39413796347540614 0.1301654742462448 0.10368983603812651
0 0.15505300137712585 0.3563982301144976 0.12783769970043757 0.09428756249917614