0 0.55234375 0.159375 0.19140625 0.115625
0 0.16171875 0.81171875 0.084375 0.0890625
0 0.275 0.865625 0.071875 0.103125
0 0.346875 0.884375 0.07578125 0.096875
0 0.66328125 0.7546875 0.13125 0.153125
0 0.77734375 0.70625 0.10078125 0.11640625
0 0.61875 0.94765625 0.06953125 0.10390625
0 0.74765625 0.865625 0.09453125 0.1109375
0 0.61796875 0.7421875 0.13046875 0.184375
0 0.759375 0.4875 0.115625 0.13203125
0 0.48515625 0.06953125 0.1 0.1375
0 0.20703125 0.29375 0.07734375 0.140625
0 0.27578125 0.1046875 0.08984375 0.12890625
0 0.26953125 0.2609375 0.09140625 0.0859375
0 0.1703125 0.153125 0.08515625 0.09296875
0 0.0421875 0.396875 0.0375 0.1
0 0.1515625 0.29296875 0.08046875 0.08359375
0 0.0484375 0.371875 0.05234375 0.090625
0 0.37109375 0.1953125 0.10859375 0.15546875
0 0.76796875 0.26640625 0.09140625 0.09296875