0 0.5329014593468056 0.08068893854281958 0.0888482137152085 0.16137787708563917
0 0.16449499183187485 0.17199850863787333 0.08492182028847228 0.095931866131414
0 0.2790309237276041 0.11083286628829754 0.07282186379145843 0.11231832973421944
0 0.3503610630702777 0.09612072177925343 0.0786354526972917 0.09396884793281675
0 0.6465794867978817 0.20585216302140844 0.10985039152687506 0.16149630937615383
0 0.7719782238801038 0.24774166949981344 0.10116506933854179 0.12349566162790723
0 0.6385708843086805 0.034591140116278306 0.10087412860909736 0.06918228023255661
0 0.7523593209540624 0.08518111274455324 0.10105596656500015 0.11880816162790722
0 0.6631077976839579 0.46768153455149325 0.11980727298576391 0.18709708667404978
0 0.7480822097280552 0.4700369740956053 0.11722648043270852 0.14324695712440044
0 0.5599022239770132 0.8799393075304526 0.10668902393569457 0.15973355027685515
0 0.4517987832475686 0.8993482464562558 0.09698671561506948 0.14507027297895903
0 0.18715897426135358 0.7064643437707636 0.09106271751493064 0.09164488433001132
0 0.24958297302708257 0.8733025879106673 0.09527874525034737 0.13872014342930966
0 0.24651579046576327 0.7034406708840895 0.10748780452090285 0.1270211798265045
0 0.13839220630958265 0.8242619154854186 0.072530923062014 0.09981832973421945
0 0.027568381555798115 0.5918778169342931 0.03197865824437509 0.10033996144333698
0 0.13225392192465218 0.6858001927833145 0.08510365824437507 0.10374436613141391
0 0.031674000096909204 0.616577428285345 0.05058318787965286 0.09529151603912886
0 0.3251479771111452 0.7771902490771494 0.11609908510611114 0.09480945712440061
0 0.7470606511230897 0.681505400221482 0.09440592306201392 0.10122014342931003