0 0.5966717203949775 0.8345621127333285 0.11505900524178721 0.2645338907731742
0 0.18563021206164593 0.15300441203121612 0.09809514342930994 0.09701884215265535
0 0.30372817242524885 0.09620445612917938 0.09118380937615385 0.1106719063770066
0 0.38406651449796947 0.08187196121756204 0.09743380937615384 0.11099945499752559
0 0.6558344856589141 0.22724757971664183 0.12603847316352948 0.16855964947960161
0 0.7746858127722398 0.28019443803895633 0.11582286397194572 0.13065021370395283
0 0.6657170326965668 0.0608822732942067 0.10680880937615385 0.11149077792830413
0 0.7730498689091911 0.11131828527999432 0.10091975478036197 0.09249511646291486
0 0.6387123326688802 0.4944350797166418 0.14336567550756776 0.19594102103089917
0 0.7254613610465102 0.5015681490293757 0.12962454811738694 0.15161781094499088
0 0.4870673804817252 0.8924741892821517 0.12261308451458142 0.16370837516934209
0 0.38822936228312793 0.903883080055326 0.10774954811738686 0.15047139077317412
0 0.1436339628368383 0.7111444606517352 0.11950906847545247 0.11527087516934209
0 0.011704352639349573 0.6231984825871455 0.023408705278699145 0.10582727611928178
0 0.199162072028422 0.6708602973773236 0.13238860271317873 0.17044969810012062
0 0.08119571715577496 0.7985083418139711 0.09088342072720587 0.10598440637700648
0 0.08942612662421386 0.657924285391536 0.0942692365817647 0.08591756784239593
0 0.02060313849667706 0.5705681275441913 0.04120627699335412 0.09430992198083885
0 0.2943966240033202 0.7764341887163249 0.144327398209672 0.18664790818602892
0 0.6971501866186764 0.7125023270031084 0.11265829117755644 0.10556832654882306