0 0.8635925220400891 0.2552500787882255 0.1579045013526354 0.14946496071058576
0 0.8564061833624986 0.17507242721664892 0.09796588001272681 0.09826202564056316
0 0.8920993300445434 0.28675263586032007 0.12134883601209054 0.09466614474715103
0 0.9023924873885883 0.36522223821768496 0.096330654678545 0.0919392510334573
0 0.7360884240929048 0.6504620330886703 0.16862382535009032 0.13122438296032685
0 0.6726355461091313 0.7730134292835636 0.13101473734881744 0.12010279238978612
0 0.9041662620941775 0.6520137628247908 0.1074681493475449 0.10963617328319834
0 0.8405861147755859 0.763627659019684 0.091734061346272 0.09953342721213972
0 0.4687463827577686 0.6496252409037722 0.18909995735199914 0.14623295285270288
0 0.4533855594366316 0.7402331242783836 0.14983746268299925 0.12722608767505647
0 0.08577824673772401 0.5197259950376013 0.1607567813494538 0.12617300992479735
0 0.08456009739017921 0.41503849503760126 0.15437951201463568 0.11494441149637406
0 0.300337449355499 0.14938130004278122 0.12303860534690844 0.1056764193542569
0 0.15641527402927138 0.20845670120007304 0.15143632535009016 0.13042386228216235
0 0.31989651869827124 0.21803925475751096 0.16862382535009016 0.13122438296032674
0 0.21387269068268105 0.1080714034336034 0.10576019867918127 0.09706339867609244
0 0.46756021733768166 0.0180371586031445 0.1021079400063634 0.036074317206289
0 0.35535166601686285 0.10773530149052331 0.08544769867918127 0.0961173287837163
0 0.4426056706715452 0.02357012489755611 0.09131589067472685 0.04714024979511222
0 0.24647774737427083 0.29024604859503916 0.11226473734881752 0.11922949710451594
0 0.25306738609958634 0.7222045239879333 0.11849655601527206 0.1179580955329392