0 0.5184064458656336 0.1916639298880643 0.13184598704319014 0.2618865385920638
0 0.1855333891103733 0.18976400747317718 0.09028264342930994 0.0985810551888033
0 0.28461243676633485 0.17083825394869223 0.10168121838316742 0.08234074855010749
0 0.3675658366740498 0.142916008722577 0.08383238433001132 0.09498245850815118
0 0.672320792718716 0.30050890146847004 0.11470045496493206 0.16418274440092268
0 0.8014063178571437 0.36160253466659353 0.1091723457733483 0.12644594606059653
0 0.6520922285622002 0.10616690561765493 0.10680880937615385 0.1138275468904335
0 0.7669545673957183 0.18795154711414813 0.09623225478036197 0.0943671518694554
0 0.7079426218346268 0.5652109415104263 0.13036502775932135 0.19024833693238996
0 0.7929183991325226 0.5809794966992297 0.1259989003691402 0.14637993776222694
0 0.6330448604189762 0.940085161417225 0.11460032541528271 0.11982967716554996
0 0.5290582672665214 0.9447125392167637 0.11379928901808825 0.11057492156647264
0 0.2417225462624603 0.739018646270378 0.09915699568106336 0.09147895020978147
0 0.32088601942598977 0.9067282097575511 0.10392364126984166 0.1415973493799445
0 0.3017390939184219 0.7171329134918174 0.12115071406423077 0.1677813410815748
0 0.20624372608896485 0.8405093686759765 0.08120803207825791 0.10255816016782511
0 0.07656101634367077 0.5881162292540756 0.040783291177556545 0.10260478174358649
0 0.18863831662052596 0.6992331732400797 0.09078329117755653 0.1063935551888033
0 0.08373196868770923 0.6150931263496462 0.05590764342930994 0.0959762734452168
0 0.39002844077150445 0.8210051199253762 0.12465764342930993 0.10118583693238996
0 0.8071170087855316 0.7904136962843111 0.09975777297895938 0.10085395020978147