0 0.5515625 0.78515625 0.09765625 0.29296875
0 0.16171875 0.81171875 0.084375 0.0890625
0 0.27421875 0.865625 0.071875 0.10390625
0 0.35 0.89375 0.071875 0.109375
0 0.64765625 0.75234375 0.10078125 0.146875
0 0.775 0.66875 0.10859375 0.12890625
0 0.62109375 0.94765625 0.06796875 0.10390625
0 0.7453125 0.87578125 0.0875 0.08203125
0 0.72265625 0.68359375 0.14609375 0.14609375
0 0.76015625 0.48984375 0.11640625 0.128125
0 0.4859375 0.0734375 0.1 0.14609375
0 0.22265625 0.24453125 0.11171875 0.10859375
0 0.27578125 0.10546875 0.08984375 0.12890625
0 0.2640625 0.29375 0.10859375 0.159375
0 0.1703125 0.153125 0.08515625 0.09296875
0 0.04140625 0.39765625 0.02421875 0.103125
0 0.1515625 0.29765625 0.08046875 0.09140625
0 0.04765625 0.371875 0.053125 0.09140625
0 0.3546875 0.20703125 0.10546875 0.103125
0 0.39453125 0.11640625 0.0703125 0.2328125
0 0.30546875 0.121875 0.09453125 0.1109375