0 0.11953125 0.571875 0.07421875 0.11953125
0 0.1625 0.8078125 0.08359375 0.09296875
0 0.26328125 0.84296875 0.07578125 0.0859375
0 0.35 0.8875 0.08203125 0.103125
0 0.64453125 0.75546875 0.1 0.15546875
0 0.775 0.709375 0.096875 0.1125
0 0.63046875 0.92578125 0.090625 0.090625
0 0.74453125 0.87734375 0.08359375 0.0765625
0 0.67421875 0.484375 0.109375 0.1640625
0 0.76796875 0.48515625 0.09140625 0.13359375
0 0.5921875 0.08828125 0.08828125 0.14453125
0 0.4921875 0.071875 0.08671875 0.14140625
0 0.41328125 0.09765625 0.10859375 0.09140625
0 0.2671875 0.11875 0.11640625 0.1234375
0 0.27890625 0.25390625 0.096875 0.140625
0 0.184375 0.159375 0.059375 0.096875
0 0.20234375 0.246875 0.05546875 0.115625
0 0.1515625 0.296875 0.08046875 0.071875
0 0.04609375 0.3703125 0.046875 0.1
0 0.20546875 0.1671875 0.08984375 0.0859375
0 0.77109375 0.23203125 0.09765625 0.14140625