0 0.4671875 0.115625 0.078125 0.23125
0 0.159375 0.80390625 0.08828125 0.084375
0 0.271875 0.85703125 0.071875 0.1140625
0 0.34609375 0.878125 0.07421875 0.0859375
0 0.64453125 0.75390625 0.096875 0.153125
0 0.775 0.7078125 0.096875 0.115625
0 0.62890625 0.92109375 0.090625 0.09609375
0 0.74609375 0.87421875 0.08671875 0.078125
0 0.675 0.48828125 0.11328125 0.1765625
0 0.76484375 0.4859375 0.10390625 0.134375
0 0.58984375 0.08671875 0.09765625 0.1484375
0 0.49375 0.071875 0.08125 0.14375
0 0.21171875 0.25 0.10859375 0.0984375
0 0.17421875 0.16796875 0.04921875 0.1734375
0 0.26953125 0.28359375 0.09296875 0.140625
0 0.16640625 0.15703125 0.07578125 0.09296875
0 0.0421875 0.39140625 0.03125 0.0984375
0 0.1515625 0.296875 0.08046875 0.071875
0 0.053125 0.34765625 0.046875 0.08359375
0 0.38515625 0.17890625 0.121875 0.1859375
0 0.7703125 0.2765625 0.09609375 0.090625