0 0.6602901260443547 0.6346953915004425 0.22817803262324468 0.16761024715740264
0 0.8845182159310616 0.2845566965362355 0.10882585475263547 0.1076598525320139
0 0.9191399081361269 0.4073795465080006 0.1193813527754692 0.09892188936371689
0 0.9317619249420408 0.48761307807803167 0.1225063527754692 0.09910389988706036
0 0.7463642303026986 0.7386919177382147 0.17403436068413444 0.13951606826055957
0 0.6445072530401117 0.840316059944529 0.16178902866891215 0.14503802616718495
0 0.9413431954365512 0.7648658228163598 0.11731360912689759 0.09414338410204497
0 0.8560495895039584 0.8674455202702285 0.11682935574121878 0.11280237884037306
0 0.6635954926599883 0.7923258809770989 0.1789420365775774 0.1834480787839034
0 0.46659315866759954 0.7777342180064458 0.15566636266130085 0.14779900512049765
0 0.10214075053147262 0.4026615393919517 0.16928319368794012 0.13768055247554417
0 0.314975037071869 0.19370928654935426 0.13497186068413444 0.13724093671876347
0 0.1690232085166877 0.20781104195220043 0.14846135771838495 0.12399748407381013
0 0.35688796444818677 0.24681117072198644 0.18385502965749528 0.15099959983059075
0 0.23320377224312142 0.1188010208349259 0.11351335475263546 0.10793286831702939
0 0.49421025642579064 0.05918091005746838 0.10678851087441502 0.05765985253201389
0 0.37899377471457935 0.13898326017040785 0.11026102076024671 0.10462585779368574
0 0.4700870069200822 0.06011407850155472 0.10267401384016442 0.07144933674699834
0 0.25474714429596246 0.3032138181899725 0.1350991946765233 0.14036593671876343
0 0.1550946541817942 0.34417347618130234 0.24409219269935695 0.13736130503579283
0 0.1886154669196447 0.2487013524614267 0.12744852076024663 0.10562691567207609