0 0.5817747322128104 0.8636495627712032 0.11854890860089 0.27270087445759367
0 0.24847423469400987 0.8744995884073606 0.0999700748547749 0.10833876324231469
0 0.35810609987165626 0.9229944599437495 0.08634422249741007 0.1164834539114814
0 0.4425174871752092 0.9311575659287492 0.09030397642635143 0.10126855702175916
0 0.7137460161255413 0.7907149509902764 0.1249016083532208 0.17587757775694418
0 0.8318196199306481 0.7364655313391189 0.11846751778268035 0.13796747464666642
0 0.7276737371752093 0.948453435462129 0.10821922249741008 0.10309312907574189
0 0.8343924640158455 0.9086433277104614 0.10273120181924549 0.10079966531583295
0 0.6944522448282042 0.5268185463248598 0.14488877667402048 0.20408049019805538
0 0.7779903368464869 0.5162316523098596 0.13347608767505648 0.15951028397749986
0 0.5341438676588458 0.1253162519797675 0.12766273531769165 0.16833847983046274
0 0.4293108184446341 0.11303228251689731 0.12729886228216233 0.1605259798304627
0 0.19743804197550138 0.2965994723375922 0.13878001778268034 0.13974458812453677
0 0.23073207733597423 0.15946034877495327 0.11414389081820957 0.1453698715363887
0 0.25309088254604195 0.33881565810578657 0.12261136228216234 0.16011587672018496
0 0.1300642973521849 0.2199009798304627 0.08917812406898658 0.11050685598499983
0 0.054135459882016214 0.46068322177194443 0.05941784946188074 0.10634703628657398
0 0.13997445243841813 0.3491489824223609 0.09455482878371631 0.09230366013203692
0 0.05733108043634614 0.42906207488222214 0.07140842721213973 0.09650314458064795
0 0.3198545434232435 0.25206680527833275 0.1345633986760925 0.1160336860510183
0 0.7469628529765374 0.3011049383136097 0.11454199710451593 0.12050657257314797