0 0.4325600933384319 0.8529684214819998 0.17344104869945856 0.27562603558899423
0 0.7669856862764173 0.9142175751695024 0.10185460064862326 0.11032468775644091
0 0.6608311436627434 0.9153569694282837 0.11101141233702042 0.09820668973360754
0 0.5728226290522469 0.9273847841433007 0.0971125535707225 0.1070086867678576
0 0.30773559699187986 0.7237518122807399 0.13740236282348767 0.17891286167271758
0 0.19388555681383807 0.6418240385547438 0.12424779788867957 0.14090352570316256
0 0.2782504687438213 0.9130398053606577 0.12246710957707689 0.12833985870696835
0 0.18441291963732578 0.8147522025851887 0.10648755357072241 0.10739068874502422
0 0.33988602921769795 0.4635292366913082 0.1550535129856435 0.2061756986308559
0 0.25817237905554213 0.43365605288919984 0.14494212743398432 0.16360619665368964
0 0.5154670872559425 0.1014151917479548 0.137184174511885 0.16641286167271768
0 0.6202500446422687 0.11114963049297903 0.13246940097293472 0.1646593606841345
0 0.8483376830333016 0.38666026094877703 0.11424550649282175 0.1045840237259962
0 0.8147052025150622 0.20416875452298636 0.1229307597392327 0.15490235870696817
0 0.7851382536501527 0.38876924760290416 0.14370690990138826 0.18229252965749526
0 0.9121899030015296 0.2877717747889415 0.09094437418757337 0.11144151878308026
0 0.9747259719951751 0.5519735376405228 0.050548056009649754 0.10535334486680377
0 0.8935098611986346 0.4251935203403171 0.1035534683433749 0.11820085475263546
0 0.9709921586835725 0.5253473706443283 0.0580156826328551 0.10267401384016442
0 0.7230183088457283 0.2738180682494201 0.13477619480442443 0.1179116946765233
0 0.29833590868357246 0.2299699787826428 0.11287392126547413 0.11545785672980183