0 0.8944871005539958 0.5475097632152334 0.21102579889200818 0.11511404334173854
0 0.8299739034696252 0.9079373380606028 0.09308006175762466 0.09177265394280312
0 0.8845357198461035 0.8009377810930808 0.10990384890464319 0.08067565727678314
0 0.8957483529947714 0.7309281700329743 0.09133570533113407 0.08539510818516849
0 0.7674197983632827 0.4188271695739324 0.15777905925034225 0.1188770300058191
0 0.7183792416202228 0.28700334260253085 0.12005173871722885 0.1080034318225902
0 0.9531884991420702 0.45320152488416293 0.09362300171585965 0.10685552000387943
0 0.8762743096460536 0.32950919124480166 0.11848923871722902 0.10787588606495566
0 0.5047690341775176 0.36543200517014773 0.18305184389007856 0.1302927621279716
0 0.4976037403665815 0.2798931178972441 0.13925637978345584 0.12515898091420458
0 0.09771270361527441 0.41170251666989943 0.15612563103709692 0.11562448424818453
0 0.08439801286561673 0.5166132862147368 0.14179034639736088 0.10510157242947357
0 0.2932491417911426 0.8103466660707745 0.08852895407749281 0.09607751666989942
0 0.12238506083318797 0.7239154742462448 0.13549488229073817 0.10302888939893542
0 0.31114368395272607 0.7556909880412064 0.15796091567683304 0.12512703000581898
0 0.17804769061664366 0.8422507571270017 0.09735838479802066 0.07809279121570682
0 0.4168638011997695 0.9837924761427559 0.09934678213245363 0.03241504771448831
0 0.3167608496295592 0.8683823066776581 0.10084709765100204 0.09084788273097573
0 0.3924631947732788 0.9755096672787225 0.09359688730530316 0.04898066544255499
0 0.21487042603516732 0.6613194925831343 0.09081887978345575 0.12120506242753386
0 0.2832002595669114 0.25070059910131276 0.10268238229073816 0.10035042848861027