0 0.3323868367469983 0.12857051668268454 0.10002936305535756 0.11601456220555537
0 0.284912597270342 0.12752613506152724 0.1088583314853265 0.1074597684261109
0 0.21606315770898116 0.21322033581546257 0.12880681043863912 0.10298688190398124
0 0.1818316418533784 0.2794024104148608 0.10380681043863907 0.10079966531583313
0 0.2536127204961075 0.6043627456646755 0.17951944198043535 0.14628711404351816
0 0.27715517826155833 0.7416672560322681 0.14138240514873238 0.13206878916129589
0 0.09031678896842868 0.5364446393968517 0.11887036831702943 0.1192174746466664
0 0.11795521253301253 0.6640030028747221 0.10113683674699833 0.10833876324231469
0 0.5110982677805669 0.7147212131012954 0.20083299985882555 0.1652517275213885
0 0.4983168176958623 0.802211651178564 0.1605874314570915 0.1415217016024072
0 0.9175601628647723 0.7576364852506001 0.16487967427045547 0.14261530989648108
0 0.9363371313300348 0.662548160651202 0.12732573733993036 0.13085760367592555
0 0.8324763839608706 0.333994642225091 0.1407453683170295 0.12113128916129608
0 0.9330462603821694 0.4402336632431001 0.13390747923566124 0.1257600005656478
0 0.787451581273565 0.3883506600855541 0.17951944198043535 0.14628711404351816
0 0.9241633550216755 0.33346625339388714 0.1150173262236546 0.10644407257314796
0 0.7100190130835925 0.1398455180968042 0.10621917889684288 0.06214726842611089
0 0.788575194540684 0.27419041526935034 0.09461382096198286 0.10310445909527761
0 0.7334488078078032 0.15510893312981341 0.09279371572854593 0.07185445909527761
0 0.8373066390813682 0.4836528896331929 0.12410389988706036 0.12900257775694435
0 0.6964959834385256 0.868518030773471 0.12870039462538863 0.1278501808672221