0 0.7563483965503529 0.8107704390648959 0.11905237884037305 0.12036676634364492
0 0.8952674124059555 0.7312418401698471 0.10380681043863901 0.09907092055068922
0 0.9239167861964184 0.617064725687458 0.12357327886860787 0.0911163089182919
0 0.93103977048199 0.5373390208599951 0.0987552893919517 0.09249313861970414
0 0.749951581273565 0.269959768766308 0.17263240514873246 0.13189412822814398
0 0.6795264182323247 0.15172857483460828 0.13467737884037306 0.12145937278026228
0 0.9182010523343699 0.24956586925084062 0.1106938472703419 0.11044546312533621
0 0.8477226813865044 0.14388930564097174 0.09452281570031076 0.09997785668871889
0 0.4831736049510883 0.29567458883246467 0.19385495776545092 0.14893951659574647
0 0.46309705240495697 0.20686881494725115 0.15370039462538868 0.12745800050420308
0 0.10620782850155472 0.46323233749508236 0.16454688936371684 0.12666032500983526
0 0.11266920208025599 0.5741698374950823 0.1579328683170294 0.11997328243518837
0 0.3523210492094237 0.8099988048077925 0.10518729991529537 0.09605518119435104
0 0.20041764399010414 0.7743394462774882 0.15113683674699835 0.11016123986054147
0 0.34197581243419045 0.7401233473824395 0.14056335779368573 0.11564641535490913
0 0.25652270179790737 0.8621947253584817 0.11005681043863902 0.09950796312533612
0 0.5149260069748746 0.9351195010852807 0.10429265785015537 0.05397694183801285
0 0.3985281912745636 0.8491270067852639 0.08965330517696728 0.09652507475773361
0 0.48510199908236673 0.9348517033148536 0.1004242052052021 0.0677116599070274
0 0.28549132302812136 0.6726898289451075 0.11381884727034208 0.11066398441265975
0 0.2645076339608706 0.24507292733595326 0.12208637357870131 0.11902278763096837