0 0.21953125 0.78671875 0.07734375 0.1859375
0 0.16171875 0.81171875 0.084375 0.0890625
0 0.27421875 0.86640625 0.07109375 0.10546875
0 0.35078125 0.90625 0.07109375 0.13359375
0 0.64453125 0.75703125 0.09453125 0.15703125
0 0.775 0.65234375 0.10859375 0.09609375
0 0.62109375 0.94765625 0.06796875 0.10390625
0 0.746875 0.86328125 0.09453125 0.1109375
0 0.71484375 0.68984375 0.13203125 0.15859375
0 0.76015625 0.48984375 0.11640625 0.128125
0 0.4859375 0.07421875 0.1 0.146875
0 0.2203125 0.24375 0.11484375 0.1125
0 0.2765625 0.10703125 0.08984375 0.12890625
0 0.26328125 0.29296875 0.109375 0.159375
0 0.1703125 0.153125 0.08515625 0.09296875
0 0.04140625 0.39453125 0.02109375 0.1
0 0.15234375 0.296875 0.08125 0.078125
0 0.04765625 0.37109375 0.05234375 0.09140625
0 0.34921875 0.2046875 0.11171875 0.1
0 0.07265625 0.28515625 0.059375 0.13359375
0 0.321875 0.11640625 0.09609375 0.121875