0 0.4679498267122925 0.8183046203494422 0.14489308477957227 0.26556084160399784
0 0.1452871145539647 0.7323330028954842 0.10175089867609244 0.10919952564056316
0 0.24461933457017535 0.7973886145584739 0.09677230024766903 0.1027312018192454
0 0.31656926323005713 0.8292700072387102 0.09520980024766904 0.10265842721213972
0 0.6307730043387171 0.7504342619962212 0.1328596575674325 0.1745719685684687
0 0.765655272535682 0.7214466211780117 0.12330056699689199 0.13670809553293922
0 0.5904498730310201 0.9269090248165028 0.1216267510334573 0.10077059553293921
0 0.7114686943711382 0.886039968158693 0.10622007485477489 0.10473034946188094
0 0.697926155291121 0.4944153943373754 0.15291960049533806 0.2035702638537389
0 0.7843366902373091 0.5005690409465533 0.1430694114963739 0.15945639081820956
0 0.6715368598009629 0.08243887582856953 0.1342766083532208 0.16487775165713905
0 0.5707170684446341 0.06402815095240402 0.1320591368892682 0.12805630190480805
0 0.27152405128112633 0.18152386600621595 0.12322779238978612 0.1351455955329393
0 0.3603061073197636 0.06336252502139061 0.12373721463952717 0.12672505004278123
0 0.31871157444049014 0.23648103970369902 0.13761993217453847 0.17635279238978613
0 0.24066784946188075 0.09057353432701554 0.09401117328319833 0.11039815260503386
0 0.08337769602827734 0.31086041728734226 0.05487589867609244 0.10701628742738745
0 0.2071191029765374 0.22758553680821486 0.10360449710451584 0.11552230024766903
0 0.09471330231458361 0.28527822043049544 0.06864730024766903 0.10142125889134013
0 0.41763491790651486 0.15827680293826535 0.13634422249741002 0.11548806699689203
0 0.8215690547957829 0.29135455273337757 0.1130522717116218 0.1175214478903042