0 0.43203125 0.8607471788647695 0.1421875 0.27068498924663303
0 0.759375 0.9119309590534467 0.103125 0.11261562406898662
0 0.64453125 0.9292382754311662 0.096875 0.10138702564056316
0 0.5640625 0.9293966331652147 0.0921875 0.1042937018192454
0 0.3 0.7295977245643246 0.128125 0.17628001778268027
0 0.18515625 0.6484675409420442 0.1203125 0.13997864474715094
0 0.26875 0.9187672324222074 0.1203125 0.12904114474715128
0 0.17578125 0.820687143299409 0.1046875 0.10643839867609231
0 0.33125 0.4685532167064418 0.15 0.20542386228216233
0 0.24921875 0.4389512998333843 0.140625 0.16279971463952717
0 0.50625 0.1032664727022978 0.13125 0.16548806699689203
0 0.6109375 0.11204862137839025 0.128125 0.1637800177826803
0 0.8421875 0.35797551323005716 0.1171875 0.1367080955329393
0 0.80546875 0.20157780996306948 0.1203125 0.15091614474715104
0 0.7765625 0.38616897973161113 0.134375 0.1781336162111037
0 0.903125 0.2858137229071856 0.090625 0.11203342721213971
0 0.96953125 0.5506253937091845 0.053125 0.10716183664159917
0 0.88359375 0.4286540403183624 0.103125 0.12355312406898662
0 0.96796875 0.5224276191020787 0.0640625 0.10142125889134021
0 0.7140625 0.27544549544737684 0.1328125 0.11868584160399784
0 0.2890625 0.23533830231458364 0.109375 0.11446922249741005