0 0.12689654571517736 0.5576692049649321 0.2537930914303547 0.1480717643410859
0 0.12465652053101883 0.22614909469361422 0.1065556386197041 0.10015829117755659
0 0.10160179676202086 0.33139779919712103 0.0912584205506893 0.10384449568106327
0 0.07382672200428717 0.41437098550203055 0.10299359604505717 0.09370803207825791
0 0.2239095774324983 0.7033600416389818 0.17581909084927708 0.13415136181247736
0 0.2820666488360374 0.8255842974990781 0.13766352698730663 0.12237325262089352
0 0.04621499224476715 0.7074002922572907 0.0924299844895343 0.12313471622369913
0 0.10957428980152994 0.812176232262828 0.10386768119435104 0.10620803207825809
0 0.488174173225454 0.7061693707548925 0.2034741972858944 0.1514785641565158
0 0.501859978789551 0.791014740125509 0.15928715471124733 0.142424936766335
0 0.8837101843733187 0.5824138047434502 0.16789733020561534 0.13208821406423077
0 0.8934290278204859 0.47709524906792405 0.16153806956195355 0.13012519586563337
0 0.6921061004845326 0.21385836211701914 0.13253898441265974 0.1158228639719457
0 0.8409535098873571 0.273620993207828 0.14849176634364483 0.12151165946843889
0 0.6765796534507398 0.2787824552694739 0.12505426634364483 0.12000971622369913
0 0.7762897123690315 0.1658900339239592 0.10913433540139543 0.09254605027685522
0 0.5258851568049344 0.06587503778147055 0.10640281930985207 0.05348355027685518
0 0.6350637788288921 0.16547212445552031 0.11447739926336595 0.1022214389258032
0 0.5530650158394418 0.06997105490033366 0.10113616510280768 0.06714553207825791
0 0.7514050548077925 0.3534203123015893 0.11364687278026224 0.1348336798265045
0 0.7114752794099697 0.7785507202288688 0.11033620248167449 0.10973355027685514