0 0.5177019814429742 0.16075651695985899 0.1336748629141832 0.260396841377145
0 0.20546729195220043 0.1677852446425224 0.09930132096198283 0.09858632213985138
0 0.3221773788403731 0.12352186787083289 0.0891828683170294 0.11226687622353534
0 0.39226236568619355 0.1220709844757214 0.09130681043863902 0.09518850362819706
0 0.6879451339608706 0.28598967385343343 0.12821454721387227 0.16664684137714508
0 0.8140595839044009 0.3496479244864056 0.11509292093374804 0.128764895460829
0 0.6775173262236546 0.120337392002268 0.10627936305535748 0.11130457694917477
0 0.7924212603821694 0.1789261967189242 0.10059080517696728 0.0939533858421822
0 0.7048875231834131 0.5501067375557642 0.1422616366622938 0.19364585099579196
0 0.7909083231692957 0.5679242093327959 0.13190098933548206 0.14962303248413775
0 0.5989145991247191 0.928851719414779 0.1217825366905286 0.142296561170442
0 0.49537237017140645 0.9332465535355299 0.1257419945971538 0.13350689292894025
0 0.23477796246242538 0.7379613353866953 0.13696792093374793 0.12952878729346118
0 0.2848829202278762 0.8753720553496283 0.11701944198043535 0.13506945916316013
0 0.2851728046122699 0.6929415012659443 0.1280325366905286 0.1635218413771451
0 0.17889895976100229 0.8092981328469573 0.09029034200867017 0.10450893992586607
0 0.06777393103356862 0.5746379014512788 0.049574336746998335 0.10152778366526398
0 0.17075398884137177 0.6694543828469574 0.09379477360693614 0.08436013103285873
0 0.07240051785115412 0.6005282788559405 0.07439232622365463 0.09927580290255769
0 0.36733212820508865 0.7917088726801562 0.1313703683170294 0.11374009618646852
0 0.7892680413875031 0.7807143860118183 0.11243835779368574 0.10996033175849824