0 0.1633840643358929 0.652037383423924 0.11172979534115868 0.14169546312533612
0 0.25342696743353915 0.8700550459288415 0.10055327792830412 0.10666489926336595
0 0.3750053963117829 0.9174759851689643 0.09199714947960161 0.12163433540139543
0 0.4569890586816833 0.9389280551475074 0.09495173111680746 0.12214388970498505
0 0.7189557129109834 0.7819580103146857 0.12915631275401313 0.17716306956195355
0 0.8259316519659926 0.6695669069801614 0.12785276232447193 0.12258483020561535
0 0.7305903329919429 0.9579453069506556 0.08862648801421233 0.08410938609868879
0 0.8394120550636387 0.882230797945654 0.11592597241038013 0.1326482450563212
0 0.7783063794647552 0.7113830663829859 0.16789126413349412 0.17364458565349689
0 0.7837773722286661 0.5187256728196032 0.14059842378986112 0.12814641535490914
0 0.43082063206674714 0.11107815571965367 0.1287468769783644 0.16935056956195363
0 0.1941815264579661 0.2891274740210995 0.10704229534115868 0.14136768119435103
0 0.23035364258219668 0.16244464172179723 0.10901423111680737 0.14928944183801277
0 0.2539626402073475 0.31588099815841464 0.12012214947960162 0.12360102698730664
0 0.13560438658930288 0.21108460149293878 0.10236143939369335 0.11146165990702758
0 0.05401130709980366 0.45134933255140386 0.05721271370395289 0.11141810124083733
0 0.14782550486124005 0.355162383423924 0.09833568068726609 0.09405563861970415
0 0.05582611261772763 0.4265678538387273 0.05812011646291486 0.09902736188449897
0 0.31997274253676816 0.2535555968013618 0.1299065852552504 0.13206909084927707
0 0.2657964976251508 0.1703717562041863 0.0951221494796016 0.12185285668871888