0 0.40850420278612776 0.1892846545311934 0.182840405007558 0.27946386181247734
0 0.7447826080054473 0.16456856338132347 0.10618835779368574 0.11265829117755652
0 0.6404136264212987 0.15239113355481895 0.11483531570031094 0.1007590684754525
0 0.5514799290380171 0.13100868444998298 0.09975634727034191 0.10913277297895929
0 0.27852202922154384 0.3072057348837217 0.14447658404557523 0.18204864126984166
0 0.16151726876878733 0.37734015730897064 0.12979245776545087 0.143747604872647
0 0.25681217114550947 0.11447801434108595 0.1259394156720761 0.1310473457733484
0 0.15911885281436255 0.20310162091177603 0.11069384727034208 0.1098336798265045
0 0.29999739789150914 0.5712775293004808 0.16321117349399666 0.20971256631598417
0 0.21720030844308766 0.592633292718716 0.15137903142885673 0.16692428901808826
0 0.4605514061369528 0.9330685255998528 0.14383954721387227 0.1338629488002944
0 0.5655119219219683 0.9349104302879298 0.14053253669052862 0.13017913942414056
0 0.8036390664061827 0.7023572624861595 0.11510833148532633 0.10544656847545256
0 0.7634404586830841 0.8809235510428224 0.12904900512049747 0.15770997532299766
0 0.7414575848220342 0.6928833305001866 0.15090859456891897 0.1855741594684389
0 0.8641754770283484 0.8073940183462556 0.09534186305535748 0.11351988433001133
0 0.9403563583583832 0.5495803207825791 0.060693847270341904 0.10662953423772628
0 0.851135692686307 0.6677610194259896 0.10820588410204487 0.1205709207272058
0 0.9372467689099617 0.5760426912329297 0.07144933674699842 0.10420544108527138
0 0.6747489559816608 0.8015283428386877 0.13936487884037305 0.12101101172019221
0 0.24898311653323954 0.8009056701088969 0.11574536831702939 0.11638406847545246