0 0.2203125 0.5136792035365908 0.1453125 0.2121710306460784
0 0.20625 0.1376897065023403 0.09375 0.09288251977166348
0 0.15078125 0.24307488486724121 0.1 0.08063718775644109
0 0.128125 0.3221230563120599 0.09375 0.08350751977166349
0 0.24296875 0.6244747820917722 0.1578125 0.16424286661563342
0 0.27890625 0.7534791911793011 0.1203125 0.111152358706968
0 0.05 0.6049939061217795 0.1 0.10251218775644108
0 0.1140625 0.7219148092778094 0.0890625 0.09894151878308026
0 0.3703125 0.6263171719019291 0.1671875 0.17087486859279988
0 0.50078125 0.7389697277196976 0.140625 0.12760502965749526
0 0.81015625 0.09589491247320801 0.1375 0.07435269566510645
0 0.9296875 0.46758688726433706 0.140625 0.1072925296574951
0 0.73828125 0.18554234429815003 0.090625 0.10525518577927469
0 0.90625 0.26072939220725294 0.1328125 0.1022866946765233
0 0.7359375 0.2481378447924416 0.1203125 0.11115235870696819
0 0.86328125 0.1538864846025987 0.0984375 0.09307352076024666
0 0.63046875 0.023529117035563034 0.1 0.033762187756441055
0 0.7203125 0.13314951475438552 0.0984375 0.08994852076024666
0 0.6515625 0.02891961258693875 0.0921875 0.05531885277546911
0 0.7984375 0.32762241494466593 0.1109375 0.10295785672980182
0 0.71484375 0.7505598492410659 0.0859375 0.09881418479069151