0 0.5637977759786829 0.19327814697305426 0.12049650270527082 0.2918847162236991
0 0.2249716333147736 0.15123753469915155 0.10116360534690845 0.10640829117755653
0 0.348854575986637 0.12086651912144794 0.08722837468172653 0.11644462523071267
0 0.4175682133195461 0.12839721930601805 0.09642156134627218 0.1014204025286086
0 0.689723381962138 0.32331370526947395 0.13166926535645337 0.1786232526208936
0 0.8053205626193659 0.40030460671834833 0.11871473201781732 0.13875971622369915
0 0.7049318533179553 0.15853980644149315 0.10912155601527207 0.11940893892580315
0 0.8104182373090467 0.23097361581764697 0.10265338001272672 0.10025842072720588
0 0.6697541379296851 0.5612747802233313 0.13608404535327168 0.15548614126984148
0 0.7489052885900944 0.6124751372554468 0.1345942706874535 0.16163601172019232
0 0.497103694541733 0.9345809608250283 0.1268544960216353 0.13083807834994338
0 0.395541194541733 0.9325737226236622 0.12211245202099903 0.1348525547526755
0 0.16602805923777714 0.7150706947858992 0.13904541335136283 0.1416239003691402
0 0.13127070389086865 0.8129179094684389 0.09602266669318058 0.20132027297895938
0 0.22120645524350416 0.6763877290236255 0.133213584022908 0.17716088217054296
0 0.097277511895323 0.7779025593761538 0.09342383068109025 0.11215764342931003
0 0.027723368634637834 0.5277337762181618 0.05544673726927567 0.1117175524363235
0 0.11217690058086757 0.6396911605481731 0.09476815467854491 0.09350777297895921
0 0.031356898631456166 0.5717341000922851 0.06271379726291233 0.1059682001845701
0 0.3042633085614594 0.7950759747046889 0.14088063335454448 0.16516152991878955
0 0.7128570585614594 0.8212598519379863 0.11538973734881744 0.1213719571244006