0 0.103125 0.5828125 0.09921875 0.096875
0 0.16171875 0.81171875 0.084375 0.0890625
0 0.275 0.86640625 0.07109375 0.10546875
0 0.34453125 0.88828125 0.08203125 0.1
0 0.6453125 0.75703125 0.096875 0.15703125
0 0.775 0.65703125 0.10859375 0.10390625
0 0.62109375 0.94765625 0.06796875 0.10390625
0 0.74140625 0.884375 0.078125 0.0609375
0 0.7140625 0.7 0.12890625 0.1484375
0 0.7625 0.5125 0.121875 0.10390625
0 0.4859375 0.075 0.1 0.15
0 0.26796875 0.12265625 0.07109375 0.12890625
0 0.26796875 0.265625 0.10234375 0.153125
0 0.1703125 0.153125 0.08515625 0.09296875
0 0.04140625 0.3875 0.04296875 0.10546875
0 0.15625 0.29609375 0.08671875 0.0765625
0 0.05234375 0.33984375 0.04140625 0.090625
0 0.34765625 0.21171875 0.10234375 0.109375
0 0.30703125 0.128125 0.0875 0.1140625