0 0.5421875 0.9140625 0.0625 0.171875
0 0.16171875 0.81171875 0.084375 0.0890625
0 0.27265625 0.865625 0.075 0.103125
0 0.35078125 0.90234375 0.06796875 0.1265625
0 0.65859375 0.7546875 0.121875 0.153125
0 0.77734375 0.70625 0.10234375 0.11640625
0 0.61875 0.94765625 0.06953125 0.10390625
0 0.74765625 0.86640625 0.09453125 0.1125
0 0.63359375 0.73515625 0.12578125 0.17109375
0 0.759375 0.48828125 0.115625 0.13046875
0 0.4859375 0.0703125 0.1 0.1390625
0 0.20546875 0.259375 0.078125 0.09296875
0 0.27578125 0.10390625 0.090625 0.1265625
0 0.27109375 0.27890625 0.08984375 0.1265625
0 0.1703125 0.153125 0.08515625 0.09296875
0 0.0421875 0.39609375 0.03828125 0.1
0 0.1515625 0.29765625 0.08046875 0.09140625
0 0.04921875 0.3625 0.03984375 0.090625
0 0.37578125 0.19375 0.11171875 0.16796875
0 0.76640625 0.2421875 0.08828125 0.1125