0 0.3938562471717607 0.7497804427791248 0.1650356969842587 0.29930234496658026
0 0.7764176540997688 0.13075811283007832 0.10093636635259244 0.10160913879807003
0 0.6634289300187503 0.09372749148187864 0.09605337672018485 0.1171250446422687
0 0.5901964815738892 0.09266559781254462 0.09597546427907382 0.09840231818121903
0 0.29367492167740794 0.26321347159308095 0.13792780989648118 0.16777960957707683
0 0.16925182865189878 0.3301300105533068 0.125271985014259 0.13011596834337488
0 0.3004696002355557 0.06964074959625818 0.12105337672018494 0.11756142126547413
0 0.19008988336458366 0.17219477962803031 0.12160018086722202 0.12381142126547413
0 0.28157829698347325 0.5263038068204287 0.1527517275213885 0.19456029788867965
0 0.19641248506074177 0.5457316911542718 0.14579909849212935 0.1507557508107789
0 0.3889459888304184 0.9128980515454227 0.13411930471268488 0.1599125624991764
0 0.49655343727527956 0.9133599273578493 0.12392409849212935 0.1503739212654743
0 0.7631229484913439 0.666109231742646 0.11316296427907382 0.09870232710967279
0 0.6997460792640294 0.8466285746806314 0.12025229434509228 0.14406937418757337
0 0.7015019433075477 0.6749853997617092 0.1242562891612959 0.13633869480442443
0 0.8105167753998164 0.7752699975709586 0.09027226842611107 0.10454322402541756
0 0.9201623433548158 0.5206176793897395 0.05107306738935158 0.10229888555165907
0 0.8165015181897697 0.63553534172676 0.10318237153638883 0.10944891233702041
0 0.915563026248288 0.546439839698165 0.06785046427907418 0.0979113944801128
0 0.6233291336938904 0.7660564590144745 0.13218636635259245 0.10215460957707681
0 0.1998328450982422 0.756287361608967 0.11214726842611089 0.1049250535707225