0 0.11875 0.58359375 0.075 0.08359375
0 0.16328125 0.80546875 0.08203125 0.0875
0 0.265625 0.85078125 0.07109375 0.1
0 0.34921875 0.88359375 0.08046875 0.09609375
0 0.64296875 0.75390625 0.09375 0.153125
0 0.775 0.70859375 0.096875 0.1140625
0 0.6296875 0.9234375 0.090625 0.09453125
0 0.74765625 0.87421875 0.08203125 0.078125
0 0.675 0.48828125 0.11328125 0.17109375
0 0.76640625 0.4859375 0.1 0.134375
0 0.58984375 0.0875 0.096875 0.146875
0 0.48828125 0.071875 0.08046875 0.14140625
0 0.2 0.26015625 0.07578125 0.0859375
0 0.271875 0.1125 0.09140625 0.134375
0 0.26953125 0.2625 0.09140625 0.1234375
0 0.16796875 0.15546875 0.08046875 0.09296875
0 0.0296875 0.39140625 0.03671875 0.0625
0 0.1515625 0.29765625 0.08046875 0.0734375
0 0.34609375 0.21875 0.09296875 0.09609375
0 0.7703125 0.2734375 0.09609375 0.09609375