0 0.3421875 0.8923356682657022 0.1328125 0.1366264294638569
0 0.125 0.775878183613042 0.1046875 0.10949524440092269
0 0.09453125 0.650913149794863 0.11875 0.10118583693238996
0 0.08671875 0.5721961539440479 0.115625 0.10094903859206372
0 0.27890625 0.3250405018740998 0.1734375 0.13970480788809567
0 0.3671875 0.21844880498831065 0.1921875 0.15831309793005194
0 0.0875 0.2949116035291294 0.115625 0.09782403859206372
0 0.18125 0.19420305373891078 0.103125 0.11093934523075957
0 0.321875 0.27751522905358295 0.215625 0.16477658548249732
0 0.5484375 0.29077685872722137 0.140625 0.1403434253146722
0 0.9125 0.671488865375206 0.1671875 0.14235621120744354
0 0.6125 0.9858596027039368 0.115625 0.02828079459212631
0 0.68125 0.8274032881910784 0.1703125 0.14571800954776962
0 0.77109375 0.9486273847598732 0.109375 0.10274523048025372
0 0.5109375 0.9875987788438014 0.109375 0.024802442312397234
0 0.6375 0.9240881114265138 0.10625 0.10648864357108571
0 0.565625 0.991410863076899 0.1 0.017178273846202075
0 0.746875 0.7636260533379254 0.1265625 0.12677783278320492
0 0.7890625 0.8308853309323272 0.121875 0.10298513527271576