0 0.7277878935236453 0.5653800917589535 0.2642105832062501 0.15734663479143657
0 0.7519599306614582 0.1655500724806221 0.10381729065319441 0.10338342072720588
0 0.8207079710303123 0.2708872169896662 0.11453658510611113 0.09470932757475108
0 0.8565350618360068 0.3451653261812499 0.11766158510611113 0.09490958667404978
0 0.7533671621410065 0.6765574236526414 0.15171058320625014 0.15013730721668547
0 0.6967333428024647 0.7902904541897398 0.14044577488562524 0.13537390036914018
0 0.9395787254956247 0.6094664605112612 0.09727634992375016 0.09048290252860855
0 0.884779509880555 0.7452246853728337 0.12918096656499997 0.12061049352159507
0 0.672280816301319 0.6643194370708766 0.1803810970739585 0.17537713911037328
0 0.5120492182774299 0.7917564173311199 0.14844011284152786 0.14368704811738695
0 0.07083460438906229 0.5580313479328167 0.14166920877812458 0.13168769586563336
0 0.21071472198024285 0.25839919262643096 0.11337412860909728 0.11179669802510181
0 0.06893799040697904 0.34538115360834276 0.13787598081395808 0.11838665946843889
0 0.25321004008451364 0.315109070016612 0.17809124525034736 0.14402700956072395
0 0.10014089789204843 0.23566499460132917 0.10854115824437507 0.10524630937615384
0 0.3195663111704166 0.0862016224529355 0.10407055737069451 0.047233550276855184
0 0.24409157285392347 0.20263934839424205 0.11003092306201394 0.1022214389258032
0 0.3014157232145138 0.0928626326319683 0.10000130642076392 0.07349566162790722
0 0.16132905176802048 0.43049543568660065 0.17373105357097232 0.15778912091177605
0 0.29149967572437435 0.8214382156053903 0.0992752610179167 0.10933303207825773
0 0.1826280492025693 0.1541029164082692 0.07852634992375007 0.08928134793281672