0 0.8722147288637899 0.4393987669585693 0.10409227767481397 0.12242827792830409
0 0.8159002745947713 0.2141663935982495 0.09233632213985139 0.09841756784239583
0 0.7011854993670278 0.15962830054108296 0.08038195916315996 0.11338747060135787
0 0.626113577497329 0.13534427351729 0.08027283175849824 0.11026247060135788
0 0.3318675257758977 0.2686326498182859 0.11187006134007813 0.1665058265488231
0 0.20374003657567083 0.32922823383034083 0.12486113466105583 0.18122342378986112
0 0.3533953293114275 0.07800432779201855 0.07558533175849824 0.11001680913596859
0 0.22965523974838095 0.1474393232694628 0.09540675843752047 0.09701884215265535
0 0.26867555581296454 0.3075856071906607 0.1379067716843644 0.19750352103089916
0 0.22596223304014101 0.5221493962002413 0.120153787293461 0.1357471494796016
0 0.5029363837736296 0.9352668718899817 0.1132143065307547 0.12946625622003652
0 0.9213863165279197 0.7346979788535 0.06631945916316014 0.11265048620519007
0 0.7185415695231446 0.7608532858417619 0.11639387023308564 0.16206398801421235
0 0.8187102059134809 0.8733300316578904 0.09250001324684395 0.10310506784239593
0 0.9444096434770944 0.6357215682926218 0.04896826805616712 0.10706222749876275
0 0.8286457450210406 0.7008784995457148 0.10076887023308538 0.16124511646291495
0 0.9358233279606651 0.6798843260945379 0.045515885842182156 0.09752345318850324
0 0.639560908453219 0.8036748716628391 0.09784227767481415 0.12210072930778501
0 0.69209314221115 0.8682596720923804 0.08205358656782166 0.11659435775648745