0 0.13154528570505658 0.5654464068087565 0.26309057141011316 0.17021332939624542
0 0.10993050277777719 0.23079115381353152 0.11099566162790726 0.10209326805616739
0 0.09374669340162332 0.3373685360275167 0.09733367982650451 0.10785219473518967
0 0.07017068862126134 0.4254960186043215 0.10747014342930994 0.09573414065150558
0 0.23654215608157808 0.6878347835804459 0.17862325262089362 0.13563494355406328
0 0.30267019895717767 0.7993327895708957 0.1404223457733484 0.12338791469812271
0 0.053697438312106924 0.7195188371159758 0.10739487662421385 0.11982640507947587
0 0.12878211598375572 0.8124206105296207 0.10660855027685519 0.10661707694917481
0 0.5008444879752659 0.6505430815888621 0.20628717766703614 0.15375002649368774
0 0.5198064366186765 0.7317285942027338 0.1634989003691402 0.1429018065307547
0 0.8875398588870418 0.46710801117829137 0.16924825262089344 0.13530756134007813
0 0.8920549830380203 0.3601586067317876 0.16063471622369932 0.12253474282842385
0 0.648911462061646 0.14025536761637886 0.10398419802510173 0.11432044954451306
0 0.8270271676448868 0.17067200999716498 0.15428458667404987 0.12075398801910042
0 0.6378249653008485 0.2037821542768677 0.18371127081949085 0.14204863466105583
0 0.7568228940476187 0.07412688141137694 0.11185725478036197 0.0912103317584982
0 0.5019036590070136 0.020617529087608617 0.10642927513842756 0.041235058175217235
0 0.6174902837763009 0.09536201906765766 0.11734579117755643 0.10387402286549077
0 0.5284160942321889 0.023628439841048204 0.10254281153562203 0.04725687968209641
0 0.743925968540051 0.2632166632625424 0.11778588217054278 0.13506945916315993
0 0.7299219162606109 0.6885341217927301 0.11482156847545255 0.113139895460829