0 0.3861150351274751 0.6441623640594972 0.12755039940087515 0.18568405601527208
0 0.8382199269423065 0.738570176121858 0.10698306576151388 0.10583292401336308
0 0.7356851161817625 0.8163582741088131 0.10357102333785928 0.12140338001272681
0 0.6662655654231582 0.8429202267663591 0.10216802000387944 0.10421588001272672
0 0.34872712118273236 0.7860498720559974 0.14840503333979882 0.1734385946849084
0 0.21660014739552946 0.7665266180378619 0.13128143515657004 0.13577496268299924
0 0.39335461072175076 0.9547436860279988 0.12496779121570664 0.09051262794400258
0 0.26652091481433493 0.9117760307129069 0.1292087521260319 0.1295067813494537
0 0.2839144195254407 0.5358402393777707 0.166198311219586 0.20018290802036276
0 0.19851905346436444 0.5473584473663167 0.1533795757634535 0.15788632001908987
0 0.31093788681386164 0.11857092337681618 0.14515248758216437 0.17183973201781733
0 0.41484400787590775 0.08146236939049736 0.13281198424818452 0.15452496268299926
0 0.7175549354464341 0.22417931743313177 0.11623052000387943 0.10437951201463572
0 0.6216679637852632 0.07683105541849608 0.12853907242947357 0.14042610001590836
0 0.6628515889301952 0.25247649275935935 0.14827748758216436 0.17187609468490822
0 0.7432560502995624 0.10092363076858621 0.09617311151914834 0.10726815467854492
0 0.8976413060494384 0.3076019867918124 0.05829047424624463 0.10214430267345423
0 0.776164660900627 0.23424520810785868 0.1107457945496865 0.1136817866804539
0 0.889334469535139 0.28482755812376703 0.07366038273097572 0.09920111600890866
0 0.5648762166602012 0.17861118407858728 0.1386157030344176 0.11088405068427196
0 0.16047627483567128 0.34281585069222614 0.12012079454968654 0.11379087468172652