0 0.50703125 0.9125 0.13671875 0.1140625
0 0.16171875 0.81171875 0.084375 0.0890625
0 0.2671875 0.8609375 0.07421875 0.09453125
0 0.346875 0.88046875 0.07578125 0.090625
0 0.63125 0.740625 0.16484375 0.13203125
0 0.77578125 0.70703125 0.09921875 0.11640625
0 0.63125 0.94765625 0.09453125 0.10390625
0 0.74609375 0.87421875 0.08984375 0.084375
0 0.6453125 0.5578125 0.13046875 0.23203125
0 0.759375 0.4859375 0.115625 0.134375
0 0.23046875 0.140625 0.06796875 0.18046875
0 0.4828125 0.06953125 0.09453125 0.1375
0 0.2046875 0.27578125 0.09453125 0.0859375
0 0.27734375 0.10546875 0.08984375 0.13046875
0 0.26640625 0.27578125 0.09921875 0.11640625
0 0.1703125 0.153125 0.08515625 0.09296875
0 0.04296875 0.396875 0.03125 0.096875
0 0.1515625 0.29765625 0.08046875 0.09609375
0 0.0484375 0.371875 0.046875 0.090625
0 0.33359375 0.20625 0.10546875 0.134375
0 0.76796875 0.2703125 0.09140625 0.0890625