0 0.5717319522290211 0.8982842972057992 0.133762877997928 0.09051851006798621
0 0.8115200442473037 0.8859161562476048 0.10265842721213972 0.09291615824437507
0 0.8523205186067407 0.790095816391841 0.09604455417661058 0.08495818787965295
0 0.9023697144301301 0.7085379982875701 0.11857452564056317 0.09952983415618064
0 0.7833820041338292 0.39907011967847283 0.1615625463187275 0.11769925911805572
0 0.7482899125298313 0.2655848192416326 0.12845894789030404 0.110685539703264
0 0.9518558103796089 0.4366461209127438 0.09628837924078226 0.10232752583555568
0 0.9153532880465601 0.3170778501111813 0.0902312018192454 0.09418771751493064
0 0.5174808682780183 0.336692180564549 0.18089474317557439 0.13063567021222244
0 0.524796754548114 0.24243368749840322 0.14877144789030403 0.1111583183886112
0 0.12000870884855892 0.3649002610179168 0.15502144789030417 0.11130378875333342
0 0.09501517100688671 0.46499052678548625 0.15160534946188073 0.10498105357097245
0 0.11360681327283836 0.5458047689017015 0.11334337014004517 0.12125936379145834
0 0.12707861600170675 0.6842496730620139 0.1454281240689866 0.10639808320625015
0 0.2800966081438239 0.719027329406528 0.18158394789030413 0.11192203780340293
0 0.16723919726662242 0.8092685100679862 0.10647263192686944 0.0742752610179167
0 0.2562631559102936 0.7770028303564585 0.11599318114108118 0.07761846656499997
0 0.3009249925518927 0.8311097553183335 0.10265842721213972 0.09291615824437507
0 0.35204019044219687 0.9399950992581599 0.10661818114108117 0.07740026101791671
0 0.215047342842343 0.6293277433504862 0.10992727171162178 0.11493662860909737
0 0.2931272235308673 0.21128821779927107 0.11276117328319835 0.10875936379145842