0 0.7704641044569781 0.864439893329827 0.0990422576807461 0.22700021751493074
0 0.1647736734939967 0.20356402393569456 0.0897443104386391 0.09415134992375007
0 0.2692189788121383 0.148260887727153 0.08431335779368573 0.10806837955902786
0 0.3409651761954198 0.1343269807170489 0.08340330517696729 0.09244337955902784
0 0.6454237049934406 0.29823170545017413 0.14503802616718495 0.15941398043270844
0 0.7852674549934406 0.301486604860834 0.10847889988706072 0.12111389342673622
0 0.6185371683734993 0.0643288309251394 0.10582433674699843 0.10232752583555563
0 0.7427096867187635 0.146798451650452 0.10655237884037305 0.11482752583555564
0 0.7042126889966636 0.5172732993900006 0.12930661035393456 0.1840139369297223
0 0.7887696995200073 0.5223621493137507 0.1284119682887946 0.14186280452090294
0 0.6546185675546881 0.9180830784565973 0.11956758930724706 0.16383384308680532
0 0.5502418806947501 0.9348880655388196 0.10662797355046649 0.1302238689223607
0 0.256053722985769 0.7393391761961461 0.10206229991529536 0.09131729065319441
0 0.3447430386154928 0.9091444895507642 0.103138952503779 0.1365934230620141
0 0.30666066773821465 0.7241330567051044 0.13226501038216937 0.1544355397032639
0 0.22537911761115775 0.8556538540078126 0.07742632096198276 0.09698540919430557
0 0.08204082836038037 0.6182603439398264 0.033949336746998335 0.10065461664125017
0 0.20018315458403504 0.7177538105048266 0.09019933674699834 0.10196384992375015
0 0.09061916780880182 0.644986498100139 0.05536931043863911 0.09335126291777787
0 0.4072059702843459 0.8161952297671184 0.1176872999152955 0.09168096656500006
0 0.8175981677382147 0.7360252590211465 0.09921031570031084 0.09593205547083343