0 0.36527876055785524 0.8574528244172861 0.1322334899708702 0.09202878729346117
0 0.1367876991959419 0.7975322205110873 0.09955738229073817 0.0955704495445131
0 0.11483379433966154 0.6937177397483809 0.09450616943775673 0.08290675843752045
0 0.08314117663039973 0.6027306411996598 0.11219377461060623 0.10069445916315996
0 0.2529070735026143 0.3205207980084162 0.16577341567683304 0.11817462504240908
0 0.3151379520324288 0.19347465917100912 0.12657452335696498 0.11212303248413757
0 0.08268550171585964 0.32334324156247946 0.1060347028238516 0.10360120435383653
0 0.16254414944600404 0.20738837014826758 0.11858016693047428 0.10560021397248336
0 0.5201627696625483 0.30884665490983987 0.18658602084968265 0.13607145317271013
0 0.5353224198999751 0.21700389529119307 0.14706887978345584 0.11908236061443878
0 0.9063239270261111 0.42179551117829134 0.15947795157021005 0.11639387023308564
0 0.9080335280423256 0.5239755700712988 0.15111988229073817 0.09737105172143128
0 0.6838529158098471 0.7987201428441223 0.09459709765100222 0.08603175843752062
0 0.8425208736482637 0.7369864907598712 0.1469324874635877 0.11439486061443879
0 0.692171532661179 0.7274081380347989 0.13581313103709683 0.10776291469812271
0 0.7826253849310347 0.8374155658949476 0.10419941818411563 0.09417164065150559
0 0.5375054500538716 0.9466541897562302 0.10145485141192587 0.053492076949174815
0 0.6395884387711007 0.8447518946582209 0.09951191818411545 0.09400794954451293
0 0.5727298962138058 0.9430827564537859 0.09713106426490725 0.06582838584218216
0 0.7487230610327089 0.661435908453219 0.11545516693047428 0.10549108656782166
0 0.748058100620503 0.2283059499230312 0.10621655925034226 0.10985120435383651