0 0.11328125 0.590625 0.0875 0.125
0 0.16171875 0.81171875 0.084375 0.0890625
0 0.275 0.86640625 0.07109375 0.10546875
0 0.35078125 0.90625 0.06875 0.13359375
0 0.646875 0.75703125 0.09921875 0.15703125
0 0.775 0.659375 0.10859375 0.1109375
0 0.62109375 0.94765625 0.06796875 0.10390625
0 0.74765625 0.86484375 0.09453125 0.1125
0 0.71953125 0.69140625 0.140625 0.14453125
0 0.76171875 0.49765625 0.12109375 0.1109375
0 0.4859375 0.075 0.1 0.1484375
0 0.21171875 0.23359375 0.08671875 0.128125
0 0.275 0.1109375 0.08515625 0.13046875
0 0.26875 0.26484375 0.1 0.103125
0 0.1703125 0.153125 0.08515625 0.09296875
0 0.0421875 0.38515625 0.03515625 0.10390625
0 0.1546875 0.29609375 0.084375 0.0765625
0 0.0484375 0.3625 0.04296875 0.09140625
0 0.346875 0.20703125 0.109375 0.109375
0 0.30859375 0.121875 0.07578125 0.10703125