0 0.4750792325811945 0.12603333702934702 0.1603626415249675 0.25206667405869404
0 0.7903215953082909 0.09447762705658323 0.10685552000387925 0.10885833148532649
0 0.6659116556097929 0.06090553483615154 0.09837334030732095 0.11924979991529538
0 0.5950092242462448 0.06739002424222067 0.10009533697334128 0.1022443104386391
0 0.33344932622249546 0.257671202927302 0.14189994182452992 0.17621243145709167
0 0.2209650438007805 0.33172960018352665 0.12633884364130096 0.1379843893637168
0 0.30899197591323474 0.09268323975900498 0.1154332945496865 0.11868835779368574
0 0.2070625562186162 0.16141710018352665 0.10778029121570665 0.10113683674699833
0 0.3721282863839147 0.5199513950489116 0.1581307197043169 0.20359397881213823
0 0.2894113812331637 0.5451781791791916 0.14362193849054988 0.15920694198043533
0 0.5594994512467413 0.8921008688817269 0.13488466727872267 0.1664734104104042
0 0.6627519970043758 0.8876570216113848 0.13749948424818453 0.16040542093374804
0 0.881343273966079 0.6614152270989356 0.14665134364130097 0.13916745776545092
0 0.8598185735167354 0.8016075875940445 0.1251589809142047 0.1425808841020449
0 0.8215857656311293 0.6217226665191221 0.14164485030926066 0.17308743145709152
0 0.9511068772106208 0.7263885087395539 0.09778624557875837 0.10996580517696727
0 0.9910865475092134 0.4849374851326177 0.017826904981573223 0.10631018415851479
0 0.930291214872525 0.5879175429404209 0.0992025166698994 0.09130681043863902
0 0.9867338228885156 0.5109462482867972 0.026532354222968735 0.10400423151356133
0 0.7594361941197395 0.7258179032943552 0.1408159318225902 0.12483194198043535
0 0.3363813313926432 0.7551678292074264 0.12168329454968659 0.11905237884037305