0 0.5595366567870399 0.8611384756022911 0.09158861067790855 0.08703342721213972
0 0.7850270054503128 0.8256225448754947 0.09478633601209037 0.09342897642635144
0 0.8417122627704952 0.726054884412578 0.11658861067790874 0.08819782092583353
0 0.8681378554264502 0.6458750787882256 0.0853204293443632 0.08517982878371626
0 0.7700430640515431 0.34402794251812985 0.16217383068109026 0.11374578453190339
0 0.734876628699862 0.21043634657090582 0.12311133068109026 0.11192641935425689
0 0.9375578280553611 0.3643660595578031 0.10270792401336308 0.10316784946188076
0 0.8978584340388164 0.24427403743189666 0.085393154678545 0.09142982878371628
0 0.5076879673774525 0.30153018920836094 0.18272268801718106 0.13500435442427944
0 0.512093109365044 0.20986922808349048 0.14347837468172653 0.11755998924663302
0 0.10122942938413404 0.36970672435943686 0.15596019334818118 0.11657968610347993
0 0.07816519406426978 0.47005348076957765 0.1464033800127267 0.10051803846084476
0 0.2442105541056315 0.7671724216305684 0.093169292011454 0.08866870181924558
0 0.10261285276095022 0.6901283862700957 0.1433692866804539 0.10818498924663303
0 0.2512139847628592 0.6972772985950392 0.1324317866804539 0.10767556699689199
0 0.13744293344204045 0.7948137322173198 0.10103633601209036 0.09372007485477489
0 0.35645765746335767 0.9417293118296055 0.06611589600572695 0.0452440334984459
0 0.27762303811263117 0.8172066548813455 0.08070565467854492 0.09121150496239885
0 0.2135588960852688 0.6185187518620269 0.1058692866804539 0.10643839867609248
0 0.3001107300286351 0.19707393734633416 0.1059056493475448 0.10956339867609248