0 0.7556200809522771 0.7786258582088573 0.12185904844057553 0.23296091567683314
0 0.08469735768120393 0.27689145744270516 0.10745435574121864 0.109250631037097
0 0.1824756244871179 0.1944533789920329 0.10008752471457938 0.11996081050398359
0 0.25294463338436646 0.15026545830063492 0.10008752471457942 0.11996081050398355
0 0.5826520380232711 0.19763558564331518 0.16194553756616054 0.1826259465556454
0 0.7083232000765497 0.215827993006878 0.1382241946765234 0.1366769490629279
0 0.505089406616071 0.04095029427315454 0.09607118676785795 0.08190058854630908
0 0.6481244822055029 0.06678654282165761 0.12572419467652338 0.13357308564331521
0 0.5660083660841609 0.22309022670954198 0.1798970415204934 0.20187605172849493
0 0.7364469055903069 0.425697086501245 0.15005303262324468 0.15887019780928674
0 0.5523757227396006 0.9023685497499379 0.1378077006080222 0.16475648495630538
0 0.2565777444884304 0.8079726582214926 0.13334569368794008 0.13185305674305994
0 0.3401158032719483 0.921810186197311 0.12422536167271758 0.13783027210332363
0 0.29539750536284537 0.7553417517158596 0.13461903361182798 0.16310305674305994
0 0.22672180673198938 0.9087228159807669 0.10920785672980182 0.11398359514371954
0 0.05146843323345468 0.709377348508932 0.06682935574121862 0.10806856426490725
0 0.17841825239709586 0.7727913276592494 0.1061465237259962 0.11545516693047411
0 0.06307709528673319 0.7308886356559505 0.07757585475263544 0.10369931301126592
0 0.4167194070360005 0.8228211052393565 0.17014003954332696 0.192228267088759
0 0.7959015241459257 0.651821665809847 0.12014535672980173 0.11430184389007839