0 0.563524532060367 0.23869390411198094 0.12955468100470674 0.2711411606107628
0 0.19263928774240985 0.17565305955259605 0.0938511858759707 0.10283769970043762
0 0.30904949188232517 0.1406877413751862 0.08008869480442442 0.11887728788172676
0 0.3852847094149211 0.12818748349927842 0.08321369480442442 0.11913237939699584
0 0.6865722942352316 0.3158299732074747 0.14036372158978577 0.17528652667183914
0 0.7957893814911741 0.40509938048425764 0.12271257142762995 0.14732102333785915
0 0.659725601866439 0.11860428684295665 0.08003414772652384 0.11575228788172676
0 0.781633603895034 0.2198315601808159 0.10678756249917623 0.12885806576151387
0 0.6612137840889619 0.33794421820650483 0.14979326866768633 0.17917680121764637
0 0.7671264135515411 0.5954534424527497 0.12896257142762976 0.14783120636839725
0 0.4645834350586012 0.9413976175831342 0.11509098620028232 0.11720476483373155
0 0.2079810588424329 0.741724469704317 0.1270182418823252 0.1258286606107628
0 0.2574470450427152 0.893988342433353 0.10393529788867957 0.14422797424624462
0 0.25806683359919924 0.7060259568274393 0.12320349512873605 0.17544602333785927
0 0.15567031087102784 0.8287303910659254 0.09393300649282174 0.10752519970043757
0 0.04508381817792375 0.5716197795467771 0.04398755357072244 0.1065687354561323
0 0.1468293246707455 0.6797827080353873 0.09086255357072241 0.11039510818516866
0 0.050166784492703675 0.5946586668196806 0.06572618587597072 0.10054187606301604
0 0.3576595048646734 0.8249350666795978 0.13570349512873606 0.1764663893989354
0 0.7606617739393969 0.8508106221493079 0.110294392044481 0.15098815727678305