0 0.35622542612483266 0.1746742329790532 0.14644787869919879 0.27088303029369404
0 0.926768041387503 0.6877919688578915 0.10279034200867017 0.10890324855010754
0 0.8301275307935722 0.7665224653334064 0.09405237884037314 0.11913035352912935
0 0.7604366570736966 0.8094688271609056 0.09588789462538863 0.12393625269929238
0 0.428042115050909 0.7475547033100591 0.15366957352223148 0.18120522365499808
0 0.30250378875666717 0.7343111873380195 0.13015647881213824 0.15142263527271602
0 0.507811456988992 0.9180671902378046 0.09148882096198285 0.10182445435896632
0 0.364964533353821 0.8771014159673953 0.11821792093374786 0.13340634108157445
0 0.44685302823332346 0.7202342640979399 0.16698862087727823 0.19621491701630234
0 0.2729927810759209 0.5105543786247313 0.14302049985882564 0.15861982863402008
0 0.4504620025602488 0.060377702484866534 0.1290490051204976 0.12075540496973307
0 0.7541091892790123 0.14844789417256363 0.13862142619541978 0.13650803029369402
0 0.6636522472985769 0.048574135573454864 0.11747446828879457 0.09714827114690973
0 0.7165328655450192 0.20387002259680226 0.13786256299888783 0.17689623195336796
0 0.7772366051628499 0.05197626648488222 0.10618835779368574 0.10395253296976444
0 0.9556933470585804 0.2548009474872671 0.05922235253201365 0.10871307178554286
0 0.8268333287133162 0.18452618151522754 0.101409852532014 0.11190984937994446
0 0.9443085260260105 0.23447679209332678 0.07292083148532669 0.10352866431701005
0 0.5879990708913956 0.12572355703968113 0.16046560509226265 0.1910538203356503
0 0.21801133653523683 0.3075603558042144 0.12023544724210718 0.14133724025173766