0 0.5782893454354573 0.8684098955103365 0.16927255931499055 0.2631802089793268
0 0.9296369867284892 0.7850183705980089 0.10589185574121843 0.1127584207272058
0 0.8367265865382087 0.8569854032945757 0.09852502471457933 0.12319527297895938
0 0.7670162644088181 0.905504444010707 0.10116986364988385 0.14985790252860873
0 0.43352333208958455 0.8101082942598754 0.16663303756616057 0.18833821406423076
0 0.3068825776409602 0.7809541155131052 0.13210152866891206 0.14404799352159509
0 0.5239612841804815 0.9664119517257296 0.09607118676785795 0.0671760965485408
0 0.37777469227942745 0.9324992242432636 0.12090936068413445 0.13500155151347287
0 0.4556874921656967 0.7803602375046154 0.1778888725471326 0.19685162091177588
0 0.26681469866803703 0.5625452745201187 0.14842686562705032 0.16223678901808825
0 0.4203708498097196 0.10485958975636873 0.1344916996194392 0.16446062307124434
0 0.7482623809500895 0.2731425269841289 0.11048119665368965 0.1488961798265045
0 0.6316439308363588 0.10748964373385175 0.12266286167271759 0.14188471622369908
0 0.6820471319386728 0.27357452112403274 0.12492569863085592 0.1591723457733484
0 0.7465341017868858 0.1351116008582522 0.10920785672980174 0.1176461798265045
0 0.9347211457788372 0.35522024906792415 0.06370435574121842 0.11005492288667415
0 0.8028862139538951 0.27508456122185515 0.10439302273741298 0.11422079117755661
0 0.9220155573378243 0.33025052744555417 0.07282468775644091 0.1044057001845701
0 0.5585340360832859 0.20643948102621038 0.15945720752810466 0.2034625663159842
0 0.19238906574078113 0.32323364820967193 0.12084569368794011 0.13553458667404977