0 0.7674534778794972 0.5842578620512138 0.28839550050420326 0.16795005228901835
0 0.1413344662274294 0.2430656836130419 0.11178944183801276 0.10949524440092259
0 0.12000540546755212 0.36034734937994445 0.12207137797604237 0.1009490385920638
0 0.11698394829430062 0.4393836539440478 0.12385239926336586 0.10419243776222675
0 0.33308882157876596 0.7293019493845888 0.18559828243518836 0.1648232070582587
0 0.4132294256695948 0.8418387607971696 0.1431158514929388 0.13518232863402
0 0.13632308222242767 0.7159461539440478 0.1219621173323806 0.09938653859206373
0 0.25022132727874913 0.8333722975151335 0.13788204827463008 0.1270146311235309
0 0.3466924996710239 0.7015796910862191 0.19842606436617355 0.17045790041956294
0 0.6181793696012946 0.7944229995990147 0.16295845792955604 0.15222811867597627
0 0.9308041987108903 0.46637531288569506 0.13839160257821953 0.13852081618646536
0 0.7024797798372983 0.22186368321205657 0.1389746547112475 0.142639631123531
0 0.8545011017450402 0.26213625354770687 0.15027278763096846 0.12639932448483515
0 0.6696397826872899 0.2745500527132255 0.18138067599857094 0.14896140871793265
0 0.778468843447167 0.16389874047545233 0.11647694183801285 0.10985044191141165
0 0.5091072022295731 0.06810803071790128 0.11029264381548423 0.06586364357108562
0 0.6331945482746301 0.16454716806520958 0.11625842055068922 0.10672544191141169
0 0.5319819735168965 0.07294981868526512 0.10458894703379293 0.07320254689043353
0 0.8055551393760088 0.3734396838367565 0.21114458565349709 0.1745300937808671
0 0.8563624306132734 0.7666219213892018 0.13711722376899793 0.11607713112353117