0 0.44389427003906323 0.8764427626894236 0.1252195119678472 0.07728063836728971
0 0.20686574230364654 0.8309404069104458 0.0941149823325695 0.0833488311856975
0 0.17010866508132008 0.7287966448101975 0.08771951196784729 0.07706246974937905
0 0.12902776377079914 0.642305153787188 0.10040134992375008 0.08494769262201593
0 0.256602024220035 0.34933588290634077 0.15701502583555565 0.10089994554888211
0 0.3004585141520488 0.21937567213395223 0.11791615824437507 0.09911018657189175
0 0.0857810311538892 0.3620500272255589 0.09433318787965286 0.09272383118569741
0 0.15096766042857662 0.24212334660559556 0.11308318787965285 0.09283291549465282
0 0.5153405913743753 0.32048313329912426 0.14807643692972228 0.11959540339440444
0 0.5241324034947225 0.22823200078556694 0.13822865824437508 0.09922836123992676
0 0.923663544071667 0.40718213993842367 0.1506922906531944 0.09773858411256367
0 0.9340162231660593 0.5110065767067071 0.13196755366788154 0.08832722267624522
0 0.9332719939676217 0.5891406670657867 0.13345601206475663 0.10397040339440444
0 0.8951450326725006 0.7261412181972549 0.1319059230620141 0.09606699980360815
0 0.736642201650452 0.730970139643836 0.12870818787965277 0.09292381908544911
0 0.8600998450771883 0.8318281368151655 0.09727634992375016 0.08492951190385663
0 0.7827937690891327 0.9010371999486864 0.10432513050895835 0.052162463699254855
0 0.7143515871934035 0.8475218353891097 0.0972399823325695 0.08336701190385654
0 0.6620279806201397 0.9494024979568966 0.09465918977951393 0.03960792154477701
0 0.8028289396826047 0.6540122090238727 0.09745818787965285 0.09274201190385671
0 0.738231271085903 0.2285491215916593 0.08510365824437507 0.09891928903121974