0 0.5004693786518003 0.10865820426901847 0.11343875730360065 0.21731640853803694
0 0.8630842012972462 0.1824899637180293 0.09228868587597105 0.09847719473518964
0 0.7557705332781829 0.1252627954765275 0.08625687418757337 0.1107589399258662
0 0.6808017609570486 0.08488582133724314 0.0835682508107789 0.1356498125212045
0 0.36347966761202616 0.22260659846390318 0.135621674511885 0.16557541469812273
0 0.24230014285525986 0.2667063172457099 0.11306483603812652 0.12574902286549072
0 0.41335911647693574 0.042671105720297295 0.07671823295387145 0.08534221144059459
0 0.2801705154212755 0.10747516098510765 0.10363528896022585 0.12229664065150563
0 0.3872580868489054 0.24131939292894033 0.14378873051823948 0.186160733209777
0 0.24924343830830745 0.4853471898410482 0.12742734496658023 0.14342759618646853
0 0.5005754821365019 0.9112102522774347 0.11188416558343128 0.14756945916316014
0 0.7883094870077659 0.7354364036438955 0.09237050649282175 0.10316469473518967
0 0.7119942232080482 0.8866293706116037 0.1023182508107789 0.1363045769491748
0 0.7253731103845604 0.7126189517371297 0.1023182508107789 0.1363045769491748
0 0.819851587656389 0.8406496932996091 0.09237050649282175 0.10316469473518959
0 0.9603190803527883 0.602790050834005 0.045550053570722324 0.10465278366526398
0 0.846262308842433 0.6966715148064884 0.08921823295387128 0.10149306733052796
0 0.9515304614402208 0.6367111830479902 0.05163641233702023 0.0954960384745874
0 0.6173754241015527 0.7953446609002898 0.12964440990138842 0.1809821598887993
0 0.23091004423193634 0.7337946135248457 0.09436938311602719 0.12821925843752063