0 0.15176446631148466 0.5080662157559753 0.28803756249917617 0.1286324315119506
0 0.20199588595210569 0.8359244427947218 0.08735572402541772 0.08375052586424729
0 0.15088162499505708 0.7258985734361072 0.08732845048646735 0.08218802586424748
0 0.13082249512544075 0.6503530041566352 0.08886367694751698 0.08067098997087001
0 0.2537655227248762 0.3572060608996949 0.15643300649282174 0.10450094655564542
0 0.3015154557614731 0.22975466231162076 0.11890573295387145 0.1018473079967011
0 0.06094677718910303 0.36018499373179386 0.1064602800317721 0.10460859514371953
0 0.13246149269310406 0.25216555674305985 0.08436709172016936 0.09147209765100213
0 0.5166103961016708 0.3398667628656167 0.181705741882325 0.12085337226160835
0 0.5229092146899268 0.25337533339873014 0.13792846834337488 0.11801787727617326
0 0.9235103224419273 0.44463344853420245 0.1529793551161454 0.10753501834240002
0 0.9337921676120262 0.5489261434404953 0.13241566477594766 0.10721676959604132
0 0.7646498445562478 0.8163767532321984 0.1158898271096728 0.10800637978345558
0 0.9049242426898086 0.7556475048815509 0.13132391233702023 0.09752352084968266
0 0.7168339074624612 0.7611065800335179 0.15659664772652385 0.11387594655564541
0 0.849061800724758 0.8656840829365118 0.09659435633066593 0.0762108105039836
0 0.6081658396849839 0.9773644143566849 0.10057274431795715 0.035722202823851745
0 0.7093953287279353 0.8717712953937816 0.09050799756436803 0.08540395407749272
0 0.6361817455291826 0.971932768275893 0.09303297970746058 0.05111988229073816
0 0.8083298863591428 0.6794366943775674 0.09267051542127547 0.11982441818411545
0 0.7431398940730759 0.2550982724325282 0.11421823295387128 0.10171091567683303