0 0.12559344874932749 0.47071014610496603 0.25118689749865497 0.11371149269310407
0 0.8383748131056658 0.19604614773311435 0.10386768119435104 0.10169095941492108
0 0.8651726238655432 0.3149637431067317 0.1296653566887187 0.09121710957707681
0 0.869193852326118 0.3913626018730297 0.10299359604505724 0.08919095941492108
0 0.6802142077543293 0.6724467808491416 0.17581909084927716 0.12635576866768633
0 0.6062853988360374 0.7923422694850559 0.13766352698730663 0.11632620373287832
0 0.8476366545360206 0.67732737541198 0.11669546312533612 0.10659664772652384
0 0.7751992898015299 0.7870529772784192 0.09739915990702777 0.09845686525911965
0 0.41401005354728476 0.6630480560096498 0.2019116972858944 0.14241714529089186
0 0.3914305771803968 0.7516156781686283 0.15706909084927698 0.12602848620028234
0 0.06346229441623234 0.5228277995135326 0.12692458883246469 0.12309440097293471
0 0.0646230977605918 0.425198823052483 0.1292461955211836 0.10582508035608366
0 0.2885440579098857 0.16974984375205954 0.12113159084927708 0.12540119480442447
0 0.15510884503665098 0.2032908210238881 0.15866444183801276 0.104208033278183
0 0.31407965345073974 0.22860664651200308 0.17916261213660062 0.1295353157455871
0 0.20503207140353902 0.1142459119332786 0.11091535668871888 0.09088982710967278
0 0.4619319174485962 0.02334619947381754 0.10484031930985208 0.04669239894763508
0 0.3452200288288921 0.11804129342774798 0.09082137797604233 0.09366027110331836
0 0.4163462658394419 0.02877206209543437 0.094776904459146 0.05754412419086874
0 0.17861776483103564 0.32460671347540615 0.19508254307885 0.15634327759614006
0 0.18553013844447713 0.7278993088490235 0.11233574505632146 0.11120232710967279