0 0.13686196658280636 0.5939756246419556 0.26475142946385705 0.1357760573679075
0 0.1287249607832363 0.20691197664704636 0.10722234937994446 0.09647610534690845
0 0.08113772053149856 0.3198665099856825 0.12128484937994446 0.09663973734881744
0 0.06087507126108922 0.4044051419875915 0.12175014252217845 0.08728291868236293
0 0.21780246803269887 0.6898233792966381 0.1797611228251612 0.147276084022908
0 0.3044601732168578 0.7926296586171386 0.1422844336130419 0.12654541335136288
0 0.04015169532403933 0.6811767273233642 0.08030339064807866 0.0825408746817267
0 0.11155062280193928 0.7940938033100011 0.1332879419114117 0.11082950668363552
0 0.3208449576597367 0.6691103426161842 0.17048121120744356 0.16902381468808975
0 0.489629001226178 0.7491052832590943 0.15381392946385689 0.13448518268618095
0 0.8895520265454945 0.4158355132081876 0.16524833693238997 0.12056813335454453
0 0.6947410470909261 0.17456726523714078 0.13193892946385688 0.1342306440165447
0 0.843284368251769 0.21264742588323263 0.14723204274124874 0.10943063868554459
0 0.6523750257203018 0.2289189579090042 0.18338303029369402 0.13326812802354437
0 0.7881843163869581 0.11571842922505042 0.11202824855010754 0.0980931493475448
0 0.540541567011658 0.02571323659295794 0.10608497925407576 0.04026246801399937
0 0.6387879676317135 0.11979849657864042 0.11491645020978147 0.09500451201463571
0 0.564641917841495 0.029403773631456166 0.10161096680652086 0.05880754726291233
0 0.765879573435928 0.31736274522600494 0.17976112282516113 0.147276084022908
0 0.7243950875338678 0.720615014560823 0.10914004689043359 0.10118178668045381
0 0.6674942307039682 0.04999452657545874 0.0794758576783142 0.0805420226766359