0 0.8946808757261255 0.537404360264205 0.08914389081820957 0.13931185079830274
0 0.7809502853604728 0.17271316608197332 0.09953342721213972 0.09450868676785787
0 0.8375020382559569 0.2861655124316518 0.11130568114108134 0.07939302273741297
0 0.8561749555432993 0.35580685037837323 0.10222177956950454 0.0852610207602467
0 0.7260121507475162 0.6800335761580855 0.15669526385373905 0.14986203163466155
0 0.6903036290358945 0.7912920697322947 0.12689644789030421 0.11277852570316256
0 0.9226367477281976 0.62620953368619 0.10349318114108144 0.07907468775644091
0 0.8532060434277525 0.7556622703403172 0.10458480024766885 0.10251218775644108
0 0.7145138786216098 0.641211156690433 0.18489303846084476 0.1525705375661605
0 0.4693190409465533 0.7799394397707884 0.14800946856846853 0.13079369665368965
0 0.05957824545188604 0.5169275148287477 0.11915649090377207 0.11198002965749528
0 0.2355778192732036 0.23580880190061668 0.10876287799792798 0.09176568874502422
0 0.07639756431080488 0.30916143577927474 0.13903257485477488 0.10547536167271758
0 0.24776529611383982 0.29344488836446336 0.12689644789030413 0.11277852570316256
0 0.12215317411176782 0.20066052768032888 0.10422092721213971 0.09469968775644108
0 0.3569734379655067 0.06620590912471006 0.10160104135632882 0.038449687756441045
0 0.25861936703967325 0.17804272285114373 0.08525260339082212 0.08924818380210837
0 0.33789595223353036 0.07247315517037736 0.09622433664159917 0.05694501977166348
0 0.1814810165443352 0.37214820851668773 0.12362589867609244 0.1095261917107738
0 0.2525660345364125 0.7953721442959625 0.10145980024766903 0.10238485376405215