0 0.9126916876536658 0.5958742561087179 0.17461662469266842 0.1153351156156063
0 0.900107123654702 0.2021697587395538 0.1126883986760923 0.11096686305535756
0 0.9291846557054058 0.3218984298144761 0.12333480024766885 0.10535389988706054
0 0.9380854858344202 0.40614462719775757 0.12382902833115957 0.10662797355046649
0 0.7381638192686945 0.677706626985996 0.18703773531769166 0.16827810509226265
0 0.665586806034128 0.7845551374387526 0.14510279238978613 0.13778696828879475
0 0.9355846288219883 0.6779587140153431 0.12162675103345748 0.10213789462538862
0 0.8287053901945278 0.7883718402248803 0.13848891935425697 0.12961044724210707
0 0.724317489037236 0.6495284190793709 0.2061516083532208 0.17718266823232476
0 0.45669764950015274 0.7230848293486007 0.16301803846084476 0.15441302616718494
0 0.10574715570540578 0.3698582027155405 0.1671233416039979 0.14218604195220053
0 0.350881911496374 0.13310384243219323 0.1155950748547749 0.10646137357870131
0 0.18422310442427947 0.17101190806191696 0.15091614474715104 0.12877598933548198
0 0.3556464942090317 0.20176283717052135 0.15091614474715104 0.12877598933548198
0 0.25425731451569267 0.07684540813250415 0.11744867328319833 0.11280237884037314
0 0.5194242421421171 0.017712967326312452 0.10916098428423418 0.035425934652624905
0 0.39969824710451585 0.08795867142785811 0.11254284946188076 0.10784186305535756
0 0.4849764675350112 0.017037768627612977 0.10120293507002245 0.034075537255225954
0 0.25072786186787754 0.28699395285671486 0.1992466368892682 0.16275614718563744
0 0.21419762634078898 0.6800228870152296 0.13656254631872758 0.12170694198043534