0 0.48121019072219057 0.12238092937985368 0.13331651878308026 0.09132620373287823
0 0.24193944368794013 0.1322569411509765 0.10219385277546911 0.09390573295387142
0 0.19823054745199237 0.22830009821299116 0.09549818380210837 0.08285913879807003
0 0.15001056475219793 0.30943132142762997 0.11026102076024666 0.10029210064862308
0 0.25542621250820147 0.6165228469951751 0.16871019072219057 0.11692622158978558
0 0.2898396576790163 0.7521836574657564 0.12945668973360736 0.1115568831160271
0 0.08758745509382765 0.5784619650969639 0.10882585475263544 0.10338982710967279
0 0.14115014828747618 0.7050886948044244 0.1215168557412186 0.10829551542127547
0 0.5189103923559772 0.6835775279998819 0.18666169467652338 0.13597623051823932
0 0.5125423286295435 0.7763689999967047 0.15002385771838506 0.11816143912238175
0 0.9216236030412055 0.6547447848964454 0.15675279391758892 0.11681712743398442
0 0.9358088019006168 0.5560033218280764 0.12838239619876646 0.09790348620028233
0 0.7851721319386729 0.24401006208884377 0.09562551779449713 0.08598413879807013
0 0.9201466512160448 0.3377072893606724 0.13551568874502423 0.1069784772718286
0 0.7700683967674203 0.3140089163909149 0.160643022737413 0.11053985389503396
0 0.8907217949805345 0.22867716273746694 0.1068813527754692 0.09398755357072248
0 0.666481845855387 0.07096625405389449 0.10522601087441501 0.053362553570722435
0 0.7510398710642578 0.19188845454036182 0.09900518577927464 0.09228868587597075
0 0.6816120973382616 0.07825660267392272 0.09623301285158128 0.06257391233702041
0 0.8108472470714314 0.39513223132572306 0.11676568874502422 0.1066511948044245
0 0.7261883345610425 0.8082032012939508 0.1058918557412186 0.10802278003177221