0 0.6012421623436109 0.9118533239245543 0.13124209172016937 0.0981311334239237
0 0.8321706083658515 0.8568208885428295 0.10163641233702032 0.10074268119435104
0 0.8559002090144746 0.7521005375540938 0.09363299756436802 0.08925887797604233
0 0.888718437504119 0.6644420004273285 0.1079136858759707 0.10274222376899793
0 0.728688467128854 0.37713375252101544 0.1660534683433747 0.12553486758448215
0 0.6699192134754062 0.24865383741820782 0.12690914772652384 0.1181158514929388
0 0.8999049480541306 0.38206654300197546 0.10646028003177221 0.10888296312533621
0 0.8346402325501296 0.26721208532452084 0.10018300649282175 0.1068834205506893
0 0.46067880682042855 0.3607393021330279 0.1835682508107789 0.1454867346647612
0 0.4490066956184987 0.26762308666190315 0.14727619480442442 0.12266123986054138
0 0.07499052009066856 0.46333016250491765 0.14998104018133712 0.11873856436617344
0 0.07132202638161941 0.567072521539425 0.14264405276323883 0.11205152179152655
0 0.2968080324739947 0.965656759054178 0.1275716209411626 0.06666261213660078
0 0.13500528206695755 0.7799110111478649 0.1424523271096728 0.11452095792955622
0 0.2851416497617093 0.7825875329393913 0.15985801542127548 0.12822282500983526
0 0.18246488880466064 0.8841339714232095 0.10476141233702041 0.10096120248167466
0 0.42035858076971133 0.9962897639978564 0.06000229139585791 0.007420472004287149
0 0.32620125203518546 0.8949672006400892 0.07655459172016936 0.09430701089576346
0 0.21920873255342493 0.7060143252619367 0.10958528003177206 0.10910148441265974
0 0.23611122930371872 0.2754198891239072 0.10344437418757346 0.11491444183801276