0 0.1372355956376378 0.40815714396922065 0.2744711912752756 0.18956993151195073
0 0.08930405521457695 0.7700433785298145 0.10941784946188074 0.10460859514371953
0 0.08498689040843403 0.6611768438900784 0.09706339867609244 0.10736988229073816
0 0.07105713110280912 0.5739352566639175 0.10592897642635143 0.09670516693047429
0 0.2671681135250166 0.3105272891920826 0.17635279238978613 0.13464308762187222
0 0.3459181598437442 0.1986016022033486 0.13834337014004508 0.12261444906292791
0 0.07692625723871031 0.27995793613080416 0.12569782092583343 0.11912573620994645
0 0.17280814557572052 0.18652383636823103 0.10480312406898662 0.10603470282385156
0 0.5283581705971112 0.346290259104693 0.2037158130679506 0.15260347743445787
0 0.5563975874701687 0.2649637027573446 0.1610916654253156 0.1420009465556454
0 0.8962797630296786 0.5259743767474478 0.1669777923897861 0.13437030298213629
0 0.8888781778358215 0.6344999305875139 0.1585830955329392 0.12164298244902269
0 0.6196229478948133 0.8558818709414601 0.10196922249741007 0.11219377461060631
0 0.802583151161801 0.8244369573096911 0.15226032092583353 0.11989862602253218
0 0.6171379567861536 0.7916602465682807 0.18133139081820956 0.14102947994174037
0 0.721399463610579 0.9214279660851797 0.11032537799792799 0.09059155925034226
0 0.4595672435943684 0.9780766704602888 0.10552656203449332 0.04384665907942242
0 0.5838823469851906 0.9009981426490725 0.1155950748547749 0.10322795157021006
0 0.48538488089792137 0.9749702224198928 0.10142125889134021 0.05005955516021423
0 0.7302051910703878 0.7323654660851797 0.11534251778268026 0.1313074874635877
0 0.762536271506734 0.30694792893816114 0.11595894789030403 0.1110404515702104