0 0.07028112694696885 0.49175685598499985 0.12936455423577736 0.16093608294074055
0 0.2369651394168742 0.14683320966092545 0.09656877461060623 0.10507706220555538
0 0.16050427632646586 0.2443145109332404 0.11183006175762475 0.09394407257314794
0 0.1342169094751339 0.31328939486347196 0.09776756175762477 0.09271376324231469
0 0.2126013560972863 0.6342259029219903 0.1674723079967011 0.13154110885972195
0 0.23840167498104706 0.7704169726204162 0.12979045157021038 0.12201028397749987
0 0.0528975390607339 0.582440644580648 0.1057950781214678 0.11099487153638865
0 0.07811504433966154 0.7070496653158331 0.09031877461060622 0.1045302580585183
0 0.47098450593900176 0.7179241255424065 0.19448944906292792 0.14949002648462936
0 0.45979930186150886 0.8062347698402306 0.1504212003165691 0.13472489745537003
0 0.880601198338012 0.718515196654952 0.16273934389007855 0.12956850574944417
0 0.911522240895307 0.6248820653166186 0.14840405925034225 0.1189631964186109
0 0.7772144032069277 0.31471767045314664 0.11425637978345567 0.12376827360990719
0 0.7313887408288 0.1399623867584708 0.11128449247815268 0.07519407257314796
0 0.727526640274804 0.3534486883136097 0.17247805674305994 0.1428887119699997
0 0.8743310956059382 0.2879685342138409 0.10406302586424729 0.09482306738935167
0 0.737763109791703 0.24390759297902634 0.0854039540774929 0.09630765494824056
0 0.7079285087754886 0.13869312120708197 0.09069920783841638 0.06404195909527761
0 0.8076423861181687 0.48029344378022987 0.166364449062928 0.14702940782296264
0 0.6659212697290553 0.8555976572108321 0.10469952335696497 0.11669806738935158