0 0.48134324315152277 0.07996825936977389 0.10606351369695446 0.15993651873954778
0 0.833282406219133 0.19506393501976757 0.09448555103961845 0.09269656010845861
0 0.7260628246853278 0.13633889569396024 0.08004454274124875 0.10823065651766242
0 0.6568159172167951 0.12268546185254303 0.0865546518694554 0.09108860831306051
0 0.34270402779489434 0.2385251270526083 0.11808991701630242 0.15686814441741398
0 0.2105418006154111 0.28224383167667677 0.1105608369323898 0.11934087334017515
0 0.3790237265547832 0.04903187675802072 0.1075775468904336 0.09806375351604144
0 0.2588403585035068 0.10860179859738536 0.09772895020978148 0.09427724082661784
0 0.2869938663776693 0.4996717053114395 0.13248430373891082 0.18194086729005096
0 0.20160081803734328 0.5032921298812786 0.12760662697434613 0.13818177693097128
0 0.3285703342098755 0.9094052536142373 0.1164090178461393 0.15529655405833437
0 0.43261829416791925 0.9275416543763629 0.10741252614450905 0.13962610226293606
0 0.7285497912681342 0.7321553897420319 0.09701855518880328 0.08490224082661779
0 0.6402182292308536 0.8982212721573933 0.10549482863402009 0.13492951190385655
0 0.6740165792354981 0.7098263926688981 0.12277741701630233 0.15689541549465283
0 0.7596320026760705 0.8475485855855016 0.0790973493799445 0.09573065651766237
0 0.907079378200524 0.6124190857818934 0.03882754689043324 0.10018180718159239
0 0.7873570288205796 0.7083860916356259 0.0919525468904336 0.10049087939029935
0 0.8981537414779156 0.6374599923977516 0.05698555103961844 0.09247839149054773
0 0.5786905786107981 0.8033087479568966 0.12237375269929238 0.08973518657189175
0 0.1699327304802535 0.7151017834720749 0.10265324855010753 0.09742951190385654