0 0.7446015138565606 0.526102693153164 0.2967793747688908 0.1816635566776581
0 0.24973792405661027 0.09574383726320528 0.09978470282385157 0.10790783697334119
0 0.17644752507282466 0.20382714635675936 0.12602895407749282 0.09913861485312828
0 0.14237039027480397 0.27675433438826735 0.09942098997087015 0.09540783697334118
0 0.20894515868371108 0.5869746151429924 0.1707791644231918 0.13708489606689528
0 0.23005797756747182 0.7185276330208398 0.13300637978345575 0.12464879788366652
0 0.051964350620502975 0.556489373936984 0.10392870124100595 0.11361570303441741
0 0.07227422129926567 0.6768498002995624 0.09344377461060623 0.10427265394280312
0 0.4647345059390018 0.635460815133294 0.1962338054894186 0.15475062818904775
0 0.45042430186150895 0.7254799083155531 0.15202916442319178 0.13555434697528082
0 0.8747460034317193 0.5801688266330458 0.16600073620994635 0.13357725879399177
0 0.9071158857224575 0.4855579572379896 0.15612563103709717 0.11562448424818453
0 0.781720046780437 0.18793314239455966 0.11600073620994653 0.12949579454968657
0 0.9004951273426801 0.25773584617788314 0.15818823620994635 0.13293953000581898
0 0.7350208915284451 0.23928821936596117 0.17399509263643723 0.14046498758216436
0 0.8840781686463339 0.15229891814831484 0.10727895407749273 0.09760806576151389
0 0.6770194895751588 0.018503927715458397 0.10292642319868044 0.037007855430916795
0 0.7500130572052782 0.12583162618370217 0.08705738229073816 0.09907497091226491
0 0.7186614202956866 0.029840104911531735 0.09244356426490725 0.05968020982306347
0 0.8228582091585647 0.3544830425443409 0.16998955423577736 0.16351985030926067
0 0.6548019133025645 0.7462076411866116 0.1078699874635877 0.11792056576151388