0 0.1609375 0.42952711189159737 0.26875 0.1656302256830557
0 0.1203125 0.7606128045209029 0.1046875 0.1008741286090972
0 0.11328125 0.6565429003605904 0.090625 0.10992182028847228
0 0.09609375 0.5662991068576042 0.1015625 0.09611389342673622
0 0.28515625 0.3058558353904516 0.171875 0.13525043502986128
0 0.36015625 0.19353897976711837 0.134375 0.12344011284152785
0 0.09375 0.27171330547083344 0.121875 0.12002417211208342
0 0.18671875 0.18012717714607654 0.1015625 0.10705139342673622
0 0.546875 0.3439786569131949 0.1984375 0.1546186840799307
0 0.571875 0.2633105383720838 0.15625 0.1442617591180557
0 0.91953125 0.5276523274097578 0.1609375 0.13499586189159735
0 0.91640625 0.6322670922273966 0.1578125 0.1317981267092362
0 0.66796875 0.8569533952296879 0.10625 0.10403549620027804
0 0.834375 0.8248890436904173 0.1484375 0.12064242116215303
0 0.64765625 0.7916368665443407 0.1765625 0.14317203780340293
0 0.75625 0.9207269141313894 0.1078125 0.0931343637914587
0 0.49609375 0.9762670398454343 0.103125 0.04746592030913135
0 0.6171875 0.8987401985163199 0.1125 0.10418096656499998
0 0.52265625 0.9734784400638544 0.0984375 0.0530431198722912
0 0.759375 0.7325183993137506 0.1109375 0.1353945989738195
0 0.778125 0.3071735604079173 0.109375 0.111920731382639