0 0.15703125 0.469516347915749 0.2671875 0.15464289309857637
0 0.2515625 0.10371524392473222 0.103125 0.10203870435383648
0 0.1796875 0.20622517423195158 0.1140625 0.09304565027015244
0 0.12890625 0.2837797445577044 0.140625 0.09241073320977708
0 0.22109375 0.6063417361201839 0.1734375 0.15918157095872515
0 0.2484375 0.7288243713293939 0.13125 0.12645835099579195
0 0.04765625 0.5373983070789089 0.0953125 0.09082838584218215
0 0.096875 0.6770858004554869 0.1265625 0.1169196598887993
0 0.2515625 0.5771527439247321 0.18125 0.17195438947037936
0 0.46640625 0.7415252348542396 0.15 0.14117561542376222
0 0.92421875 0.5286630700712988 0.1515625 0.127167679126093
0 0.75625 0.2204661680718658 0.15 0.10680061542376221
0 0.9296875 0.3159720971131408 0.140625 0.115848233209777
0 0.759375 0.2867632906672041 0.1484375 0.11768355172143127
0 0.89921875 0.2045360893085925 0.10625 0.10371033175849823
0 0.68203125 0.04337044393258142 0.1046875 0.05834326805616734
0 0.76015625 0.16564225881603864 0.103125 0.09891370435383648
0 0.70625 0.05346220654645317 0.0984375 0.06906251324684391
0 0.82890625 0.403085205913481 0.190625 0.15665677168436437
0 0.70234375 0.7848486158022803 0.1171875 0.11502977767481433