0 0.8150139501113586 0.8531328365382087 0.10441587468172661 0.11513952174882994
0 0.769529274785131 0.9035984101504742 0.09963746801399935 0.10713602076024671
0 0.6549946074554034 0.9254813859301866 0.09362382535008998 0.12719385277546919
0 0.5753525607892671 0.9261406191242724 0.09333292401336309 0.10219385277546919
0 0.309099210097041 0.7270996467674203 0.13324994668999893 0.17722302768032883
0 0.19261968742040508 0.6489507890490354 0.12187609468490823 0.13927735870696817
0 0.2891696127864035 0.8933958088206989 0.11068405601527206 0.11695668973360754
0 0.18362759010976767 0.8156926200756747 0.10110906134627214 0.09938718775644091
0 0.33725838339431535 0.4627479866913082 0.1506738040260897 0.19823586463846715
0 0.24871350405790643 0.4364945514063251 0.12990677068745357 0.15834569368794008
0 0.5056238386775904 0.10103318977078846 0.12999767735518084 0.1661581936879401
0 0.6111562233449994 0.11079946201390989 0.11900563335454457 0.16102502471457933
0 0.8522464893777706 0.3619149289335546 0.10292610001590816 0.12132585475263546
0 0.8153811940244988 0.21360742151918077 0.1142635893539083 0.1561465237259962
0 0.7819612613780889 0.36139366410480694 0.1284169960216353 0.1645320266917457
0 0.9035720846992257 0.2765477733060667 0.09814769334818116 0.11332235376405234
0 0.9737027713637714 0.5394735376405227 0.05259445727245726 0.10528967787060921
0 0.8895834047183158 0.4165361033441227 0.09634883601209054 0.0929461867678579
0 0.9700644223623396 0.5128473706443283 0.05987115527532083 0.09479784684397004
0 0.718606738701453 0.2854094842570313 0.12011360001590835 0.12202619171077381
0 0.28781981536440765 0.24052547680547645 0.11860564401654461 0.12665002471457934