0 0.4201861358974158 0.19367592039895914 0.20199316556640987 0.262705797150181
0 0.12335960270393675 0.2719801413390012 0.10961364357108563 0.1115726650834338
0 0.21227854751513348 0.18261002487608638 0.10262993776222676 0.12210072930778511
0 0.2781753120372805 0.1517041836279422 0.09964664772027057 0.10326884215265535
0 0.6073784825780679 0.19014040536095378 0.15173121120744354 0.1744754568065479
0 0.7389720246946166 0.19814657790761953 0.1304948286340201 0.14068031094499087
0 0.5360451663916025 0.04807955563149528 0.11969903859206373 0.09615911126299057
0 0.6606666580932327 0.04825827905995789 0.11058414772027056 0.09651655811991577
0 0.7089572510489072 0.4334566361390769 0.16503669461070397 0.20629866689245624
0 0.79304790851744 0.4149312861845054 0.1493399170163025 0.16345606965141815
0 0.74664223072719 0.847972837518558 0.1424746103776066 0.17554663387576933
0 0.652668010396184 0.8913310911366026 0.14308991701630233 0.16312852103089917
0 0.34641616516542456 0.803846537766385 0.15416912697434607 0.14503361827193723
0 0.44093760500224377 0.9126239942342489 0.12592572780418312 0.1419971494796016
0 0.3803758454544742 0.7448090524657063 0.1386392153566285 0.1660078595655099
0 0.31957116786471695 0.8946696116016749 0.09879454274124866 0.1125619549975255
0 0.1326594732540129 0.7052396986659476 0.06539004689043355 0.1030298247398008
0 0.2650351879859414 0.7649721455228727 0.10206125269929238 0.09405761646291495
0 0.15262935375284395 0.7410576899595203 0.08906434523075957 0.10738313206674714
0 0.48499341309083216 0.8005057745374021 0.14192923610255298 0.1272729081860291
0 0.8649265989789591 0.6182333485998344 0.12438653859206354 0.1216846494796016