0 0.5240964067472691 0.5817123273192356 0.12174882535009016 0.12623780452090294
0 0.20883120202099903 0.1498687941685762 0.09000792934436311 0.08332295269729176
0 0.1545715107017711 0.255066093655486 0.11649770401018138 0.07769120174736113
0 0.13121637404517975 0.3298485413187846 0.08840906667727225 0.08016158510611113
0 0.24884241542008692 0.633443707162604 0.15750451201463572 0.11144925911805573
0 0.29095828477081337 0.7606231497919096 0.1199317866804539 0.10432643692972228
0 0.08137310475013253 0.6131162894189236 0.09796588001272669 0.09600479065319441
0 0.1257236360995863 0.7308661806614583 0.08226815467854491 0.08939111474138883
0 0.5133230860916321 0.6632350842530899 0.1779442813494539 0.12285953780340293
0 0.513596353437268 0.7538782680486802 0.13875451201463562 0.111012848023889
0 0.9171833354153144 0.5827221281373257 0.15118178668045418 0.10505378875333342
0 0.9299891340308623 0.47919708463433947 0.14002173193827544 0.09556968597979179
0 0.7657630020289532 0.19551568170829797 0.11344542934436301 0.0838684665650001
0 0.8963141153723619 0.26671592164031177 0.14184314934754455 0.10796058320625015
0 0.7500930960375436 0.25917879141569383 0.13239542401336307 0.10149237765916679
0 0.8575686940244989 0.16055749382864512 0.09782042934436319 0.08350479065319454
0 0.6216391900063634 0.03241888250572865 0.09883748933799978 0.03666615824437508
0 0.7166891553548627 0.14195557703489525 0.07598179201145391 0.08612064437666672
0 0.6459579373408634 0.04044893484243002 0.08651930267345413 0.05200021751493063
0 0.8025373907144978 0.3337599109067354 0.10112724267981754 0.09920252583555564
0 0.7160764634388588 0.760887414990798 0.10741360534690862 0.10247299620027786