0 0.6426656428652898 0.8163088016703565 0.13494769262201595 0.10704864126984157
0 0.8650769740509873 0.7099029056201528 0.10526928298109581 0.10670867982650449
0 0.8797621636479412 0.6019704896733089 0.09895565046753844 0.09537066162790708
0 0.9029638351927183 0.5067686112033938 0.1131181444174139 0.11345932757475126
0 0.7161915847999347 0.25945922193613696 0.1710488190854491 0.13747662091177598
0 0.6457841569104459 0.14604636644518104 0.13194086729005097 0.127160882170543
0 0.8858455546475096 0.22750141579918562 0.11156473477649342 0.11492169802510181
0 0.800494382808145 0.13222729102989828 0.12724427693097126 0.12529799352159499
0 0.44963534387512105 0.3023125601513462 0.18990790339440444 0.15742817550756785
0 0.42906883470173884 0.21303930907161206 0.15228063836728975 0.13315006631598417
0 0.07842394008793314 0.4917683929678846 0.1568478801758663 0.13521321406423076
0 0.08087066657480738 0.5969367543189368 0.15372496369925476 0.11293769586563336
0 0.2387184862494316 0.8492235402547059 0.14442268657189175 0.1248369185677376
0 0.1679928957921561 0.7904981847637499 0.14442268657189175 0.1248369185677376
0 0.32360709153742995 0.7555352945736425 0.18201359016268787 0.14286502775932136
0 0.22603667906783925 0.8812745766519005 0.10994769262201594 0.10544656847545256
0 0.48185488701155743 0.9390720805094119 0.1097204336450254 0.06638406847545256
0 0.370645197120016 0.8587313433093382 0.08492042154477701 0.09915699568106362
0 0.44984181772971665 0.937999736277223 0.09256929508134401 0.07153264342930968
0 0.24272070590061467 0.6982420311554073 0.1147170058537325 0.11980945712440043
0 0.21788589500658917 0.2687442982742704 0.11003859621281206 0.12107156847545256