0 0.4929342359448604 0.8346615225970941 0.20490831838861118 0.14609539202736244
0 0.19887064504225682 0.1468642673058649 0.09760365824437507 0.09954656134627213
0 0.318548018617361 0.10563873595641109 0.0869570989738195 0.11191929201145401
0 0.3922037241644444 0.09540921327977518 0.08837412860909737 0.10568747334499946
0 0.6867498919081247 0.2591240785725953 0.15236519984750013 0.17047722668681725
0 0.7931258720564928 0.31958831655795955 0.11700827488562507 0.12788973734881742
0 0.671019708396875 0.062485435908686014 0.08383209897381949 0.11188292934436313
0 0.7867336677436805 0.15798774522600492 0.10908667211208342 0.12311133068109026
0 0.6396566863610414 0.2690445185789586 0.1560357137152085 0.19395108935390812
0 0.7435940782691662 0.5349502345640047 0.1345958183886113 0.14527723201781734
0 0.41126470222552003 0.9207450206079117 0.11907992116215294 0.149782918682363
0 0.16880967097472166 0.6666046026416375 0.0987674211621529 0.149546561346272
0 0.2087767882815618 0.8621801846355923 0.109450348023889 0.1387363306810901
0 0.22567661360402722 0.706556893300456 0.10225479065319457 0.09803860534690845
0 0.1117576243376035 0.8023881086489553 0.09771276101791675 0.10423406134627208
0 0.023141986797881736 0.5464931919955456 0.04628397359576347 0.10370680267345414
0 0.1134682075438536 0.6617812899825009 0.09280705547083343 0.09480451734563573
0 0.027892803477256728 0.5714568293284548 0.055785606954513456 0.0976204346753633
0 0.31688153543177017 0.7812563539545021 0.12892769984750013 0.17020450668363551
0 0.7196980641171175 0.75626216056655 0.10399912860909737 0.10586928668045399