0 0.5813248840465379 0.8815470886974758 0.1399900730349426 0.2369058226050484
0 0.7911838748997537 0.15048782610594968 0.10601504689043359 0.10114542401336299
0 0.6715099923263301 0.1163117260900413 0.1016594336130419 0.12607269867918128
0 0.5935742464755152 0.10759925007954178 0.09640324855010754 0.09791133601209037
0 0.33183495353377374 0.2793993353755435 0.1409121103776066 0.17024086935072652
0 0.21889816826570224 0.3444328946928624 0.12557053029369403 0.13259541868236296
0 0.30732909315616713 0.11051297537395266 0.11465634108157471 0.11217383068109026
0 0.20538900747317718 0.1764550540260897 0.10386055103961842 0.09331474267981754
0 0.3707720120465693 0.5460237613780888 0.1550696987598889 0.19226132001909005
0 0.28307110250344414 0.5629561753659985 0.13636632033565022 0.15145450668363553
0 0.5533900608111026 0.9235573206954077 0.13227081618646536 0.1528853586091845
0 0.6548341616409397 0.9233851453691801 0.12602081618646538 0.15322970926163962
0 0.8888027294777903 0.7073832634468129 0.10454763527271567 0.122984061346272
0 0.8542053543775439 0.8482622547739951 0.13347811867597636 0.1545431440165448
0 0.8241482336269751 0.6988253287714498 0.12625761452679143 0.16226473734881744
0 0.945918335081512 0.7915679067870399 0.10180114357108536 0.10734088001272664
0 0.9266094601817583 0.6500616594525399 0.0985810551888033 0.08544769867918127
0 0.9847877211678095 0.5401150421307668 0.030424557664380812 0.0882090720082724
0 0.7643481037528439 0.7543298940960865 0.10682053029369402 0.13237724267981754
0 0.3295353958693926 0.7641010520369075 0.12137993776222675 0.11849655601527206