0 0.70862518515657 0.10323171614986995 0.0796867263722767 0.2064634322997399
0 0.23987286427340013 0.8123731847637501 0.09502519970043757 0.09779475478036197
0 0.35723557851770527 0.8551137924141742 0.08367311151914843 0.11105621838316751
0 0.4363649691245888 0.8720323797065328 0.08367311151914833 0.11105621838316751
0 0.7275644407857598 0.7065134970745646 0.13944462152108805 0.16592299352159506
0 0.8380876104803783 0.6366039104005148 0.12181084030732103 0.12127182757475126
0 0.7113488647324421 0.9023161528423757 0.08042056576151388 0.1092934592838688
0 0.83017887094136 0.8090994740956052 0.10631338606495566 0.12183303207825782
0 0.7040313459365107 0.687602810769655 0.15478257909743345 0.1824491594684389
0 0.7977502975938023 0.4310746036452546 0.13140898091420466 0.14364747532299765
0 0.47696085485118866 0.05845764034699097 0.11642170970237728 0.11691528069398194
0 0.23400743561561202 0.24023856647286768 0.11492311151914836 0.11305880937615384
0 0.27083827167086927 0.09494705043373872 0.10589879788366643 0.13579540252860858
0 0.28491610243529264 0.27702836520856333 0.11329670970237729 0.15025842072720588
0 0.17204982743044347 0.15468060071059392 0.09540783697334118 0.10248225478036196
0 0.07195333001551733 0.41004682603359166 0.0489154742462448 0.10416586829088229
0 0.1699766286480898 0.3024567666574378 0.09228283697334119 0.10228199568106326
0 0.07616259789336477 0.3846463078349943 0.06377519970043757 0.09579216378737562
0 0.3749355824314133 0.16759520358065613 0.14464230455162622 0.17247338217054295
0 0.7805955221299112 0.18243684454595593 0.10931084030732112 0.12047079117755657