0 0.19250566337527739 0.44797329049472906 0.24084581838861122 0.15342738342154755
0 0.22025533577170128 0.12761436954420202 0.09902068787965286 0.09613485376405226
0 0.1482510895714234 0.23669755087485242 0.11126611474138896 0.08570668973360737
0 0.1293906803771178 0.3092728878329908 0.0925524823325695 0.08650518577927464
0 0.22589612557187447 0.6230077825860637 0.14982077488562515 0.1325471976422728
0 0.25116626966420075 0.7445180266545647 0.12591049620027786 0.11127969269935711
0 0.058091682942568945 0.589258818175058 0.10854115824437507 0.1027668557412186
0 0.08734081221725634 0.707484894753073 0.0912445554708334 0.09737901878308027
0 0.4772397668144091 0.6556943127006695 0.1904821424768056 0.13576503954332697
0 0.4736588655038883 0.742476729696864 0.14655030452090295 0.12616986364988386
0 0.8901404635277773 0.5881368092034472 0.160358231382639 0.11580536661563343
0 0.9159236731589232 0.4864005542605314 0.14633209897381966 0.11679486364988385
0 0.7795374571626039 0.20941358441231825 0.12649237765916688 0.13627969269935694
0 0.9044815993550692 0.27378780772057254 0.13205139342673605 0.10684686068413445
0 0.728428245631597 0.2591071782905388 0.15091049620027785 0.11229836463846717
0 0.8649489335112499 0.16144431661782113 0.10185474715020817 0.08376218775644109
0 0.6632078616072569 0.01465080728205255 0.044622822188333446 0.0293016145641051
0 0.7280671825613194 0.1404845122829276 0.08172408510611114 0.09074701680591399
0 0.6727640463527778 0.03528164226302451 0.09687630642076392 0.07056328452604901
0 0.799774609138715 0.3459585794694024 0.10912303970326391 0.1277668557412186
0 0.6847593664538187 0.7604123517125239 0.10712412860909737 0.10895318874502422