0 0.53203125 0.83359375 0.18359375 0.1265625
0 0.16171875 0.81171875 0.084375 0.0890625
0 0.2765625 0.865625 0.06875 0.103125
0 0.346875 0.8828125 0.07578125 0.09453125
0 0.66484375 0.7515625 0.13359375 0.153125
0 0.7765625 0.70703125 0.10078125 0.11640625
0 0.61875 0.94765625 0.06953125 0.10390625
0 0.74609375 0.86953125 0.09140625 0.09296875
0 0.62578125 0.734375 0.13125 0.16953125
0 0.759375 0.4875 0.115625 0.13359375
0 0.48515625 0.06953125 0.09765625 0.1375
0 0.20625 0.253125 0.07578125 0.1265625
0 0.2765625 0.10546875 0.090625 0.12890625
0 0.27265625 0.259375 0.08671875 0.14609375
0 0.1703125 0.153125 0.08515625 0.09296875
0 0.04296875 0.390625 0.02734375 0.0984375
0 0.1515625 0.28984375 0.08046875 0.075
0 0.0484375 0.371875 0.04765625 0.090625
0 0.34765625 0.1953125 0.1125 0.09140625
0 0.76796875 0.26875 0.09140625 0.09140625