0 0.58671875 0.6046875 0.13671875 0.196875
0 0.1625 0.80390625 0.08359375 0.084375
0 0.26953125 0.865625 0.07734375 0.0984375
0 0.34609375 0.87578125 0.07734375 0.08046875
0 0.646875 0.75390625 0.10078125 0.153125
0 0.775 0.7078125 0.096875 0.11640625
0 0.62890625 0.91953125 0.090625 0.096875
0 0.74453125 0.875 0.0875 0.07890625
0 0.67734375 0.51953125 0.11640625 0.121875
0 0.76328125 0.4859375 0.10703125 0.134375
0 0.58984375 0.0859375 0.09765625 0.1484375
0 0.49296875 0.06953125 0.084375 0.1375
0 0.21953125 0.2375 0.11640625 0.109375
0 0.06171875 0.2828125 0.05078125 0.109375
0 0.2640625 0.290625 0.10546875 0.153125
0 0.16640625 0.1578125 0.07421875 0.09296875
0 0.0421875 0.38515625 0.04296875 0.103125
0 0.1515625 0.29765625 0.08046875 0.0734375
0 0.05234375 0.34609375 0.05859375 0.0859375
0 0.37734375 0.190625 0.115625 0.153125
0 0.7703125 0.2734375 0.09609375 0.09609375