0 0.32804973319490394 0.7811624714654865 0.1516974120893325 0.27892364126984165
0 0.8628552436784785 0.29455405690291847 0.10172079117755643 0.10610790252860855
0 0.7656984438630486 0.21929563617571263 0.09314682757475126 0.11800712523071263
0 0.6969076735049831 0.1788022416666685 0.09647208667404979 0.12133238433001133
0 0.3636562800756731 0.25001260101513567 0.1530014913621267 0.17786178901808825
0 0.2366536890826867 0.27325223704319 0.12696062307124434 0.1357348457733484
0 0.44147729873569574 0.07614310687523186 0.08892040252860856 0.10061936613141402
0 0.2989102644979694 0.12191907695644229 0.11582286397194572 0.13190893892580316
0 0.383929207281284 0.2764144147102262 0.16161502775932118 0.19086243676633483
0 0.2109168021317817 0.4912512654208201 0.14212454811738687 0.15382351172019232
0 0.3938483066076019 0.9376163232558146 0.12836243676633483 0.12476735348837095
0 0.6945468183277942 0.8399492951827261 0.13447273442229637 0.13154799352159507
0 0.6080109361572512 0.9469941741186793 0.1166239003691402 0.10601165176264153
0 0.6581074730158711 0.7842709916666685 0.13727636181247735 0.17529799352159509
0 0.7211512862495363 0.938927015725362 0.10358367982650449 0.11089553207825772
0 0.8970884322997399 0.7274154241140667 0.058271179826504496 0.10799177513842757
0 0.7692254457179752 0.8008052544665949 0.1004586798265045 0.11069527297895938
0 0.885580433379474 0.7478583320413461 0.07183303207825772 0.10108044108527156
0 0.5305250886858598 0.8655233867940215 0.15828976866002265 0.1875371776670362
0 0.1550721105850849 0.7261478971299378 0.10887195712440043 0.1205709207272058