0 0.11953125 0.5703125 0.075 0.12109375
0 0.16328125 0.80625 0.08203125 0.0890625
0 0.26484375 0.8421875 0.07265625 0.08359375
0 0.35234375 0.88359375 0.08671875 0.09609375
0 0.64453125 0.75390625 0.09765625 0.153125
0 0.775 0.70859375 0.096875 0.1140625
0 0.63046875 0.92421875 0.090625 0.09296875
0 0.746875 0.86171875 0.096875 0.109375
0 0.675 0.4875 0.11328125 0.16953125
0 0.76796875 0.4859375 0.09765625 0.134375
0 0.58984375 0.0875 0.09609375 0.14609375
0 0.48671875 0.071875 0.07578125 0.14140625
0 0.19140625 0.17421875 0.08984375 0.1375
0 0.2734375 0.1171875 0.08984375 0.128125
0 0.265625 0.27421875 0.09921875 0.1640625
0 0.16875 0.1546875 0.08125 0.09296875
0 0.04140625 0.390625 0.0375 0.103125
0 0.15078125 0.29921875 0.08046875 0.06953125
0 0.05078125 0.36015625 0.05390625 0.0859375
0 0.34296875 0.20859375 0.09375 0.096875
0 0.7703125 0.27109375 0.09609375 0.090625