0 0.1412714572563471 0.36752110772842617 0.12923402380771334 0.201834485014259
0 0.881087415298261 0.1636623163045387 0.10684087334017534 0.11085817049962943
0 0.9106618066906129 0.2759770971244925 0.11773292154477702 0.10400257775694417
0 0.9087907553627531 0.35743214867963136 0.10523292154477701 0.1029089694628702
0 0.7182077037403056 0.6500276262010198 0.1852567648307229 0.1676932223375923
0 0.6445889174395605 0.7596459254470845 0.13665563836728972 0.13533049019805538
0 0.9112582669720222 0.6472075481612517 0.12095791549465282 0.12146347983046261
0 0.8118218692349586 0.7528314145138442 0.10687723477649351 0.11710817049962934
0 0.6672537369177929 0.6247829098956957 0.2166340298578376 0.1923022430727773
0 0.4332696223582165 0.7124755654095841 0.15707722267624522 0.15585760367592555
0 0.0866294090517452 0.3801181440150002 0.15697722872636943 0.13867010367592564
0 0.35015505698520066 0.13038481828430623 0.10691359621281205 0.12335817049962942
0 0.1667522045258726 0.17925969010351883 0.14599427693097136 0.12990069641861082
0 0.33646071652792514 0.1948963776151395 0.13979881908544903 0.13872889227157384
0 0.23652382816063536 0.08013939344935231 0.11153746369925477 0.11283077360990719
0 0.49783351200205256 0.008186126743426355 0.10185339149054773 0.01637225348685271
0 0.3811368913923519 0.0815570475491211 0.10995678298109564 0.10956907257314794
0 0.47596760236113217 0.013371558482361521 0.09881020472226432 0.026743116964723042
0 0.25791353571157005 0.263518529971482 0.12407382513557322 0.12017438190398125
0 0.22210031820168624 0.6910864553720838 0.10688632513557321 0.11867067049962934