0 0.13629471949959696 0.5742744412164822 0.08274306733052791 0.09074701680591399
0 0.18084336078407476 0.7999893656270504 0.08910219473518968 0.0941266847906915
0 0.28124515406798556 0.860250386387297 0.0838343413771451 0.12199701680591417
0 0.36317720034712125 0.8830923201894054 0.08096231252120453 0.08443334980971962
0 0.6608656774816305 0.7844425504549228 0.10389387023308565 0.1602610207602467
0 0.7922595212210283 0.7492292451314462 0.10565477767481432 0.12132585475263546
0 0.647227307333363 0.9510246015583306 0.0971329495445131 0.09795079688333885
0 0.7652034918169335 0.9127359882113641 0.08877481252120453 0.08475168479069169
0 0.6922694117877158 0.5220353923559771 0.12486113466105593 0.1798386917107738
0 0.7837029436388813 0.5265411616333491 0.10948910580511537 0.1417656887450242
0 0.6070709447351896 0.1152322940291323 0.10680061542376222 0.15413835475263546
0 0.5056349303072194 0.09237577277459406 0.09095736061443879 0.14725168479069153
0 0.21732394237293695 0.25849954399195124 0.08123513103285876 0.09224584980971962
0 0.28805804990733275 0.11705614330737926 0.10011410580511529 0.14138368676785787
0 0.28701888347992954 0.2660202253226017 0.1012946598887993 0.13050985376405233
0 0.18548861061443872 0.15110353806045224 0.08775794954451306 0.10031301779449713
0 0.047252033750081975 0.3701506739162766 0.039737111795565085 0.06559050790866543
0 0.1685789075265466 0.29239970011373073 0.08704862141421196 0.08000051779449713
0 0.36447919536816176 0.22782915863041847 0.10036707694917482 0.10394735376405224
0 0.7880010301218849 0.31451866410480694 0.10349207694917481 0.10407468775644109