0 0.908065399570053 0.638987624194164 0.11109648091420468 0.13768300649282175
0 0.8315818742753398 0.8617314233006595 0.10867311151914834 0.10799550649282175
0 0.7246621945787816 0.874550797488233 0.09709788273097572 0.09999209172016918
0 0.6334153123068478 0.8972673230557783 0.11399834030732112 0.1158898271096728
0 0.36069593411779993 0.7095663202131093 0.14202748758216438 0.17254893019392786
0 0.23751378350897676 0.6381743356343847 0.13115388939893552 0.13491256249917621
0 0.349534648821147 0.8795339468363146 0.1185582945496865 0.11440914772652348
0 0.24003236093942024 0.8032090004070371 0.11297797424624481 0.10338982710967279
0 0.3686368824411116 0.44264187297305274 0.16230803667377885 0.19162621266133203
0 0.27694371895541087 0.42155385146269725 0.13749948424818442 0.15530688311602714
0 0.5080673336393613 0.07584193100800206 0.1348846672787225 0.15168386201600412
0 0.6124199937910821 0.07685411891421533 0.1268170757634536 0.15370823782843065
0 0.968095844474796 0.32006825447081744 0.06380831105040805 0.13264095048646726
0 0.8200089663703369 0.16406549067109974 0.12605180121764628 0.1488659683433748
0 0.8037297463761561 0.31925755114168103 0.13010157242947368 0.14113528896022584
0 0.9193869551604493 0.2217904415646042 0.10892820303441723 0.11112050649282175
0 0.9169311191051921 0.36422340341515724 0.10258260818516832 0.0907261858759707
0 0.7377223669791603 0.23904394562179396 0.1185582945496865 0.11440914772652382
0 0.30398522470528677 0.21610269237208782 0.12286315727678296 0.10980346834337487