0 0.11953125 0.5703125 0.07421875 0.121875
0 0.1625 0.80703125 0.08203125 0.090625
0 0.2640625 0.84296875 0.07421875 0.084375
0 0.35 0.88359375 0.08203125 0.09609375
0 0.64453125 0.75390625 0.09609375 0.153125
0 0.775 0.709375 0.096875 0.1140625
0 0.63046875 0.925 0.090625 0.09140625
0 0.75078125 0.85859375 0.09140625 0.10859375
0 0.67890625 0.509375 0.11875 0.128125
0 0.76875 0.4859375 0.09609375 0.134375
0 0.59453125 0.0875 0.09296875 0.14609375
0 0.49140625 0.071875 0.084375 0.14140625
0 0.41015625 0.078125 0.09609375 0.15546875
0 0.275 0.11796875 0.09375 0.1265625
0 0.26953125 0.27578125 0.09140625 0.1234375
0 0.16953125 0.15390625 0.08203125 0.09296875
0 0.08671875 0.25234375 0.04609375 0.10546875
0 0.1515625 0.29921875 0.08046875 0.09453125
0 0.04765625 0.3671875 0.04453125 0.09296875
0 0.3453125 0.21015625 0.08984375 0.09296875
0 0.77109375 0.27265625 0.09765625 0.08203125