0 0.1150640911782532 0.5662309234006809 0.1474534262506725 0.2186621547112475
0 0.7591186378633994 0.18026410635974277 0.10510239926336595 0.10219592055068931
0 0.8186960976345411 0.2825639337153665 0.11683757475773363 0.09213250569998319
0 0.8390689457732851 0.3617104843357851 0.10757183540139544 0.09303944183801276
0 0.7296239818916442 0.6806465186125588 0.18461493664223277 0.14973719209011432
0 0.686672021364198 0.8008990344520008 0.13453852698730664 0.1229126121366007
0 0.911518474097974 0.6391959819899966 0.10397694183801284 0.1083366599070276
0 0.8503246119613734 0.7620982504273286 0.10710194183801258 0.10855518119435104
0 0.6609339660522024 0.64130015932595 0.21619271857321784 0.15660990496334898
0 0.4656493271803968 0.795649533695696 0.15605289406758568 0.14152050050420292
0 0.05588474119792367 0.5410181199302707 0.11176948239584734 0.12266123986054148
0 0.22585303377257065 0.2505291497675689 0.10430472376899795 0.11302415990702759
0 0.06541237851868276 0.3330253034704102 0.1308247570373655 0.11586493664223267
0 0.22689672770427033 0.314192812020385 0.13308528763096836 0.1243658514929388
0 0.10060166149651144 0.2229290376309684 0.10978989926336583 0.10252370248167449
0 0.33256684554085403 0.08292066870910389 0.10440327673520518 0.04772694183801278
0 0.24373965630073133 0.19682499556052455 0.10957137797604241 0.09939870248167453
0 0.3132705423225454 0.08942204098516307 0.09935514381548423 0.06447739926336585
0 0.15927790294653665 0.3942520165957465 0.1268352876309684 0.1239288089182919
0 0.25152684301983863 0.815219716479531 0.10721120248167448 0.11011768119435103