0 0.3022369737357551 0.5775714680487505 0.2609846575674326 0.19089556795499957
0 0.12712338792272546 0.23675912327981505 0.11105312406898663 0.11242067049962942
0 0.10776341997342942 0.36004008986796315 0.1216267510334573 0.10556507775694417
0 0.10369881223938107 0.44119234505175947 0.13263702564056318 0.108084485014259
0 0.32573659387580023 0.6947494061260191 0.18732883374611503 0.17978311922731435
0 0.40532139412346935 0.7866252563615748 0.14346751778268038 0.14015469123481453
0 0.12822589309001198 0.715167087276065 0.12148120181924557 0.10244007775694434
0 0.24407567906965735 0.8109300636661578 0.13678087014004517 0.13023288708777764
0 0.3322562675732833 0.6494663004238432 0.20985880521006778 0.19575943374194402
0 0.6091141741072585 0.6989811189909734 0.1613827638537389 0.15728340263916643
0 0.924555928969468 0.30206114349583507 0.15088814206106385 0.14519350574944417
0 0.638927721049668 0.10961653114926047 0.15821922249741008 0.12277170160240711
0 0.8391653155491501 0.1140621489624553 0.15084337014004498 0.13146319641861082
0 0.6736516315125847 0.16462665989569572 0.13663532092583353 0.12710788708777754
0 0.7615068883370102 0.04352936724754697 0.11581339867609249 0.08705873449509394
0 0.49126285483856424 0.011364780112893939 0.10908820967712848 0.022729560225787877
0 0.6169949090151746 0.05976279410875117 0.11247007485477489 0.10943237153638867
0 0.5171532667492229 0.012444045522870817 0.1030565334984459 0.024888091045741634
0 0.7900450729927482 0.23837793524902925 0.21225605913900908 0.18040783581546255
0 0.8288787105011888 0.6342570717711589 0.11312504631872748 0.12349487153638865