0 0.42270780961747934 0.44356812677385343 0.13552947560311143 0.2086198286340201
0 0.9055334242752515 0.34818141993930934 0.1037431444174139 0.11406434523075956
0 0.8113243611417309 0.26217121972952795 0.09599427693097126 0.12440984937994451
0 0.7431056262670415 0.21405210582743636 0.09912836729005096 0.12620914772027053
0 0.4090624243734474 0.24574593341254927 0.15572380093507637 0.18984651784613932
0 0.281823213502863 0.2540651510442628 0.1289249515990063 0.14720873195336798
0 0.49324600595192836 0.08501118818643406 0.09274201190385671 0.10229805103961842
0 0.34892837939029936 0.11077801494635435 0.11951359016268785 0.14024833693238983
0 0.4287300297596417 0.27066342303958707 0.1667885659621911 0.21255031203728053
0 0.2479214330558503 0.46702616971559474 0.14464994554888214 0.16558022365499814
0 0.4147246763183551 0.9325551587179326 0.13218630698520067 0.13488968256413472
0 0.7164684626191002 0.8703370720092576 0.13200449980360815 0.13963303029369384
0 0.6273019443705318 0.9541243506293444 0.11953177088084707 0.09175129874131116
0 0.6787002970262515 0.8214017419253448 0.12900676483072288 0.16127123195336815
0 0.7412689956001958 0.9563685684731615 0.10533291549465282 0.087262863053677
0 0.9236764537403058 0.7821779116409396 0.0615556444174139 0.11086756763635801
0 0.7935985891807293 0.839479080932327 0.10220791549465283 0.11863344606059663
0 0.9128480380492612 0.8000991174497984 0.07402837334017534 0.10712726099766208
0 0.5462650469280557 0.8761815624614877 0.16684310811666875 0.22192531203728053
0 0.1844685079950318 0.7011751041538293 0.11014768052176746 0.14110044191141177