0 0.19666023179417597 0.5912239219375606 0.2734042797373264 0.14998286104353512
0 0.32849888850986686 0.8999262353656687 0.11634205223856364 0.10377041549465282
0 0.2628119335123412 0.8096557593697739 0.08805327792830404 0.10048178903121965
0 0.20908606795393753 0.7388529008603217 0.10655761646291487 0.09590337334017515
0 0.2391332575747735 0.4174864400879331 0.18047979534115868 0.13538402985783762
0 0.24767501865604996 0.282239286497137 0.14232469810012066 0.12266586123992677
0 0.07271371946970408 0.4778477440480716 0.10169969810012065 0.12242951190385672
0 0.09272524705932392 0.35269320794371817 0.10861143939369336 0.10528746369925468
0 0.4828213025772479 0.3254160729942739 0.20794305404758587 0.1527260659621911
0 0.46355564620024126 0.24112743140553028 0.16526423111680746 0.14310562626704143
0 0.8976683746035153 0.30815428747909557 0.1789172953411587 0.13537493949875792
0 0.9293200870642728 0.40402077850210516 0.14135982587145435 0.13217721662612103
0 0.85514219640264 0.7194644922013599 0.13739153663473153 0.11795109016268786
0 0.9466481071906607 0.6133276008090081 0.10670378561867863 0.12266586123992677
0 0.8101295895506636 0.6658036818965096 0.14232469810012063 0.1226658612399266
0 0.9471670855939347 0.7376645254770431 0.10566582881213052 0.0928147347764936
0 0.7560440343714239 0.9161945673369332 0.10755355042954129 0.05529655405833438
0 0.8210405133405247 0.7845264108192709 0.12259205223856355 0.10380677693097126
0 0.7803479935528209 0.9027678715916594 0.10352114767057934 0.06776928298109582
0 0.8573963359326189 0.5686241548673424 0.12110479534115867 0.13503859621281222
0 0.6613070714604404 0.1821468202637994 0.11354460085908258 0.1100022347764936