0 0.84140625 0.5158010082948594 0.2640625 0.1746649752123144
0 0.865625 0.853076124364628 0.1015625 0.10419806738935158
0 0.878125 0.7494822326587021 0.0890625 0.11247945909527761
0 0.9 0.6638960471733316 0.1 0.09937386635259245
0 0.725 0.3735855310562949 0.16875 0.1397637119699997
0 0.65625 0.25038318543888766 0.13125 0.12710788708777754
0 0.91796875 0.371718109096063 0.11875 0.12445177879370348
0 0.8296875 0.2655570005191651 0.0984375 0.11017466531583313
0 0.46171875 0.3693014063623602 0.1953125 0.15927512959490714
0 0.440625 0.2846434423661103 0.1515625 0.1476350005656478
0 0.0796875 0.49134675287472207 0.159375 0.1389435057494442
0 0.07890625 0.5959659023563424 0.153125 0.13370920160240712
0 0.32890625 0.8592443182378233 0.09375 0.1175770622055552
0 0.15 0.8006232995288887 0.1453125 0.12521319641861064
0 0.3375 0.7974961739399993 0.171875 0.14628711404351816
0 0.22265625 0.9085423977381939 0.1046875 0.09353396946287021
0 0.4796875 0.9909936670360182 0.103125 0.01801266592796367
0 0.36171875 0.9097712900097678 0.109375 0.10644407257314796
0 0.453125 0.9856715342603237 0.096875 0.028656931479352464
0 0.2296875 0.7208763024036108 0.10625 0.13898317049962933
0 0.2328125 0.2953684544771292 0.1046875 0.1138464694628702