0 0.3288467078972156 0.13981921471195247 0.13372521397248338 0.11713405068427192
0 0.11684272650153707 0.23504825668363555 0.10823414065150563 0.1027806493475448
0 0.08209072586856488 0.3573499706794994 0.12196925843752049 0.09356928134945389
0 0.07076879075202208 0.43537497334499947 0.12196925843752052 0.09356928134945389
0 0.25459812061160375 0.699339118037862 0.1778571598887993 0.12858062802354447
0 0.3365524703414513 0.8144015913828614 0.19246529691210784 0.14436926002545328
0 0.06264623358829517 0.7127369046785449 0.11873513103285878 0.09040791868236298
0 0.15263133812746613 0.8216402846912715 0.1083432680561673 0.10590564934754462
0 0.3443302540067152 0.7707243167170432 0.15503970798203354 0.1907897266868172
0 0.5260440454765275 0.7595521014083146 0.15485616950744613 0.14080790802036275
0 0.8986135377567972 0.40827414879053975 0.17171628729346083 0.13163290268936265
0 0.6701835252277435 0.05625547342454126 0.12147818511654282 0.07950678134945381
0 0.6734201087155223 0.23214581142581392 0.17651291469812272 0.13481244668999892
0 0.7674107000926673 0.11444123810467702 0.11292164065150559 0.10283519334818117
0 0.5091468215068792 0.03484245540258772 0.10983135698624161 0.05906701201463569
0 0.6306547445577044 0.1362969620862233 0.09050100362819702 0.08695565467854491
0 0.5552951352092099 0.033816304742178345 0.10190972958158007 0.05585110534690846
0 0.7272420239617992 0.3023315894334499 0.12865576805616746 0.10614200668363552
0 0.7857564176085297 0.23814236744108594 0.1252579495445131 0.0982931440165447