0 0.7628010838085391 0.5533957699970843 0.28816916394474285 0.14379649355709248
0 0.17002481288657592 0.20792210518980253 0.10309279121570665 0.09586701190385671
0 0.13271574470916608 0.324836894417414 0.11469997091226491 0.0850022347764936
0 0.12931941986379644 0.4075903070833965 0.12209788273097573 0.09910109621281205
0 0.32423240457102287 0.6812510417616943 0.17544602333785927 0.12127607806243948
0 0.3982434736665167 0.8034987464839587 0.1373082945496865 0.11324540944452863
0 0.15833633760156102 0.6865329185197149 0.11623052000387935 0.10375223477649378
0 0.2274207906359785 0.7962578973442802 0.09697033697334119 0.09739315046753809
0 0.5907821757828502 0.6749929931643088 0.2032839809142047 0.13705561416679296
0 0.6127047153315669 0.7617981015755653 0.15851361485312837 0.12430108411256366
0 0.9403531594028148 0.5366087666774346 0.1192936811943703 0.11966812626704133
0 0.9408555481131874 0.4374127425751337 0.11828890377362526 0.10711358411256366
0 0.7241703078856061 0.18537702302214645 0.12193838606495574 0.11627950585373244
0 0.6418047337891425 0.03731170686356365 0.10940669303247788 0.05842155405833439
0 0.6934781594028149 0.23985998994285507 0.17751870636839726 0.12753516842151907
0 0.8021360690954937 0.12648381205336617 0.11026756242753386 0.08809996369925477
0 0.547145938031508 0.03519924013924678 0.10889651000193971 0.05217155405833438
0 0.6618937063683974 0.1303531797362006 0.09177265394280312 0.09111587939029935
0 0.5974648024255943 0.039396381629794544 0.09534419303247788 0.058339740826617824
0 0.8182386565278769 0.34288097169428655 0.2019765724294736 0.14017152380771333
0 0.8187315747246835 0.7411321193331544 0.11192565727678305 0.10841246369925486