0 0.4464472239294965 0.8847346755827139 0.13529475478036196 0.09202878729346117
0 0.21162283851975108 0.8087177794889128 0.10268251387966065 0.09400794954451293
0 0.17991415869324653 0.7031572602516191 0.09739423658176474 0.08446925843752044
0 0.14202533003876125 0.6106324543538365 0.11245803207825791 0.10058533175849824
0 0.28362733497600673 0.3388542019915838 0.1697093275747511 0.11817462504240908
0 0.33421072100406113 0.21590034082899087 0.1303464389258032 0.11212303248413757
0 0.11228326110188344 0.3289732265863551 0.10953329117755657 0.10360120435383653
0 0.1810053778516063 0.22146331614940157 0.1256589389258032 0.11195934137714507
0 0.5514458906515328 0.34586812694132557 0.18799825262089379 0.1359623257680484
0 0.5572569972222228 0.25408985470880696 0.1508591980251019 0.1159573606144387
0 0.9334696425802885 0.48601698882170863 0.1330607148394229 0.11639387023308564
0 0.9413962137550763 0.5900869299287013 0.11720757248984733 0.09737105172143128
0 0.8533492635658936 0.8482763974445635 0.13493380937615385 0.11072422359113014
0 0.9060947293281674 0.7955531907284744 0.14254605027685513 0.1078720421027846
0 0.7484627020302714 0.7806945386442234 0.17938471622369914 0.12318950725639422
0 0.863284270505724 0.8938344341050524 0.10737001387966068 0.09417164065150559
0 0.6229176912329297 0.9795833675543468 0.10799177513842757 0.04083326489130634
0 0.7188531500553732 0.8903497916394482 0.08216975478036197 0.09017362141421188
0 0.6608985525839819 0.9768316343869788 0.09735466378737563 0.04633673122604236
0 0.8182757518457013 0.714536314504939 0.11305880937615384 0.10996033175849824
0 0.772621181367664 0.28187758192813417 0.10680880937615385 0.10974207694917482