0 0.9177506597679086 0.5606012330414307 0.10614153663473154 0.12242827792830405
0 0.8653161357963335 0.7858336064017506 0.09397572930778537 0.09841756784239593
0 0.7514483876053557 0.840371699458917 0.08229460085908258 0.11338747060135787
0 0.6767726141996073 0.86543697648271 0.08229460085908258 0.11338747060135787
0 0.37988989088471603 0.7313673501817141 0.11312187697836444 0.1664239393936935
0 0.2505874932141367 0.6707717661696592 0.1279213613745322 0.18122342378986112
0 0.40476481738811065 0.9219956722079814 0.07900582654882307 0.11009869629109836
0 0.27969954036431766 0.8525606767305373 0.09701884215265535 0.09701884215265508
0 0.2920789523955338 0.6552795629811559 0.18155097241038015 0.13417136137453217
0 0.26699598597804747 0.4756296845324533 0.12579229534115868 0.14059842378986112
0 0.5391687206013579 0.0639518781100182 0.11583744120271575 0.1279037562200364
0 0.9366180099496226 0.21805188489588154 0.06839587516934209 0.11577548620519007
0 0.7583259136130959 0.2391467141582381 0.11920810266810485 0.16362648801421237
0 0.8566228934867078 0.1266699683421096 0.09578389077317447 0.10318695499752559
0 0.980674547150181 0.36670406886250795 0.03865090569963812 0.10533595318850324
0 0.8605811324054315 0.2619899926523691 0.07769563206674732 0.08509869629109837
0 0.9768142237671469 0.32011567390546214 0.046371552465706144 0.09752345318850324
0 0.678648379691898 0.19866887833716085 0.09660276232447203 0.11881195499752559
0 0.7306369255988835 0.12935563433005465 0.08870837516934209 0.11684001922187685