0 0.5249247239496613 0.906395404069768 0.15862594499482013 0.18720919186046386
0 0.16349922643086065 0.8637980914544118 0.09989730024766903 0.10454540252860874
0 0.27465289619940225 0.8999136690291628 0.09684507485477489 0.10590764342931003
0 0.3528677874318966 0.9198139612864535 0.0888142510334573 0.10071949568106327
0 0.6431032973566941 0.7785624097729807 0.12482883374611511 0.17157221622369914
0 0.7671444189444813 0.7230411998708031 0.11683224317557439 0.1336716980251019
0 0.6427093833791208 0.9557730440291629 0.11468754631872749 0.08845391194167433
0 0.7504726875557312 0.8959279873477317 0.10124147642635144 0.09995803207825774
0 0.650714705957584 0.5141995211240327 0.1416910020669146 0.1991360117201923
0 0.7350725893321954 0.5031502020302714 0.1349658130679506 0.15508562307124443
0 0.5330436323411541 0.11330075030454181 0.12453773531769166 0.16532221622369908
0 0.42541306885891883 0.10248556137873865 0.11472608767505647 0.15534643892580316
0 0.17023745554329922 0.33217785163344454 0.1083647717116217 0.11910855027685523
0 0.2249549964853433 0.14997542334809952 0.11279971463952716 0.14743380937615386
0 0.22630551902553458 0.3396887654208201 0.13442215756743262 0.17686049352159508
0 0.11553930107623853 0.21113536397194568 0.08441784946188075 0.10666910703211538
0 0.017565200683344395 0.45600897054263567 0.03513040136668879 0.10426599784053181
0 0.11374986104381724 0.3504982526208936 0.0971361732831983 0.11215764342930994
0 0.023543372933085397 0.4312092296419344 0.047086745866170794 0.0990172933370248
0 0.30309280500517993 0.2388259747046889 0.1280950748547749 0.10791023442229637
0 0.7269284112914862 0.29106121220930425 0.10643839867609248 0.11119592072720588