0 0.59609375 0.36875 0.10078125 0.23203125
0 0.16484375 0.8046875 0.078125 0.0859375
0 0.27109375 0.85703125 0.07265625 0.1125
0 0.34609375 0.878125 0.07421875 0.084375
0 0.64765625 0.75390625 0.10234375 0.153125
0 0.775 0.70859375 0.096875 0.115625
0 0.6296875 0.921875 0.090625 0.09453125
0 0.746875 0.87421875 0.084375 0.078125
0 0.675 0.48828125 0.11328125 0.1734375
0 0.765625 0.4859375 0.10234375 0.134375
0 0.58984375 0.08671875 0.096875 0.146875
0 0.4875 0.071875 0.08828125 0.14296875
0 0.203125 0.246875 0.07734375 0.10859375
0 0.27421875 0.11484375 0.10078125 0.1375
0 0.2640625 0.2609375 0.10078125 0.12890625
0 0.16796875 0.15625 0.078125 0.09296875
0 0.04296875 0.39453125 0.03203125 0.096875
0 0.1515625 0.296875 0.08046875 0.071875
0 0.05078125 0.3671875 0.04375 0.08359375
0 0.34296875 0.2109375 0.08984375 0.0984375
0 0.7703125 0.28359375 0.09609375 0.103125