0 0.49148215869720147 0.8374592585932762 0.15738537869919877 0.2625920013526354
0 0.15435388501967817 0.8484085859723194 0.09948333148532651 0.09952838001272682
0 0.25804032714128783 0.8643779366247746 0.10647678413027988 0.08555678668045416
0 0.3424307376928664 0.889940463279775 0.08992632096198276 0.09629429201145427
0 0.634525774383395 0.7272746419080497 0.12674305247554418 0.16542610001590835
0 0.759305237481105 0.6625843385582777 0.11830892619541977 0.12785337468172653
0 0.6326616245669217 0.9201343039067771 0.11601838410204515 0.11533519334818117
0 0.7406099034355297 0.8361218358927778 0.10233531570031093 0.09487724267981754
0 0.6452181636059375 0.4632666859086861 0.1439151419239657 0.1921704133513628
0 0.729767468853492 0.44588773456400477 0.1366794945971538 0.14836586935072643
0 0.5321229842855717 0.07612450596754695 0.1263790314288567 0.1522490119350939
0 0.42770850007058714 0.07203698997454663 0.12270799985882572 0.14407397994909327
0 0.16075070029646613 0.3096369873090466 0.1098747999152954 0.0902806493475448
0 0.22337804486538504 0.13246541263527417 0.11444047355046646 0.14186133068109025
0 0.22174140820309135 0.3214188246340015 0.13482856826055972 0.17020450668363551
0 0.11395056598265962 0.2016614026495917 0.08560284200867016 0.10248974801081767
0 0.01597194492891351 0.454296601328773 0.03194388985782702 0.10207157733927233
0 0.10975734769386505 0.3406784493157281 0.09837585779368574 0.10732269867918127
0 0.021319233076034415 0.4284880793284548 0.04263846615206883 0.09598520934118149
0 0.3012762607351052 0.21587680195736558 0.13091534200867017 0.1030170066836356
0 0.7240389265483557 0.23594056989977735 0.10747784200867017 0.1027442866804539