0 0.37417638743831716 0.8595292752225958 0.11844377461060622 0.10496028763096846
0 0.15248925554329035 0.8149972972662238 0.09473348997087014 0.09394637797604233
0 0.10507234943336874 0.7029232681852303 0.11155727711788872 0.08264824505632155
0 0.08540235860456878 0.6286716671964946 0.1115572771178887 0.08264824505632155
0 0.23838993243638748 0.3279400576577841 0.16233016693047428 0.11270708565349699
0 0.30615775712613597 0.196116621267653 0.1752393438900784 0.12764367080279082
0 0.04992513483127416 0.3592932365063467 0.09985026966254831 0.07919546312533629
0 0.12346727758010712 0.23150173625424514 0.09326191818411553 0.09696211733238061
0 0.3197739762473236 0.2372661451528665 0.12692151583511765 0.18195983020561535
0 0.5007882955267957 0.2058965408099361 0.13631323620994634 0.12959965471124751
0 0.9080478999082224 0.46433320959591456 0.15617109514371955 0.11539504307885018
0 0.7249887296790429 0.8607268803987054 0.11266513605166181 0.06713250569998337
0 0.7042539955141605 0.6890921810191241 0.15938702335696497 0.11873856436617344
0 0.8106738285836862 0.7830064359628026 0.09946645407749281 0.09583665990702758
0 0.5634230923737398 0.9203635963740332 0.10421613855894449 0.044711202481674664
0 0.6723925785836862 0.7926760029268662 0.07713681301126592 0.0786820108957631
0 0.6096986988002305 0.910890407386012 0.09649456677218975 0.04728989926336595
0 0.7494959508452945 0.6079625133184263 0.11504598997087001 0.09536676634364483
0 0.8158961891668121 0.6571159253191409 0.11481866943775679 0.08755426634364483