0 0.7171875 0.15234375 0.071875 0.23046875
0 0.1640625 0.81171875 0.07890625 0.0890625
0 0.27421875 0.865625 0.07421875 0.10390625
0 0.346875 0.87890625 0.07578125 0.0875
0 0.646875 0.72421875 0.11484375 0.13203125
0 0.77578125 0.70703125 0.09765625 0.11640625
0 0.63203125 0.94765625 0.096875 0.10390625
0 0.746875 0.86171875 0.09609375 0.10859375
0 0.675 0.4921875 0.11328125 0.17890625
0 0.759375 0.4859375 0.11484375 0.134375
0 0.58671875 0.084375 0.10390625 0.16796875
0 0.48203125 0.06953125 0.09296875 0.1375
0 0.20390625 0.2765625 0.09609375 0.0859375
0 0.278125 0.10546875 0.09140625 0.13203125
0 0.25703125 0.290625 0.11875 0.146875
0 0.1640625 0.16015625 0.06875 0.09296875
0 0.0421875 0.39765625 0.02734375 0.0984375
0 0.1515625 0.29765625 0.08046875 0.09609375
0 0.0484375 0.371875 0.046875 0.090625
0 0.35078125 0.2015625 0.11796875 0.0859375
0 0.76796875 0.27265625 0.09140625 0.090625