0 0.41142828776687124 0.3145060964083684 0.1563254680559208 0.251637848023889
0 0.9466029434731615 0.754359644564098 0.106794113053677 0.10236389342673621
0 0.853340671389202 0.8254696187285424 0.10165943361304172 0.12714568787965277
0 0.7872546527178699 0.859025694716598 0.09808414772027056 0.1005468202884721
0 0.46280983715610446 0.7867447723201739 0.1409121103776066 0.17173214247680574
0 0.3268364483589036 0.762523409478646 0.12713303029369402 0.13397756933854196
0 0.5250049516828958 0.9456706766711113 0.11633724025173767 0.10865864665777743
0 0.398951014545369 0.9217360617390975 0.10542305103961844 0.09447865824437507
0 0.36532657283445 0.5294576427611462 0.15854989627037802 0.1986583183886113
0 0.27817011495099875 0.5422466238594447 0.13804721950581333 0.15450827488562507
0 0.34127804066665623 0.11946504692145861 0.13743191286711748 0.16697190729444458
0 0.43019790809323266 0.0887800510055212 0.11965241701630239 0.1587593637914584
0 0.7528326925361115 0.21950925303722285 0.13039974025173784 0.11533667211208343
0 0.6595185551888033 0.09957665311347277 0.13695831618646537 0.16072190729444452
0 0.7084324197155947 0.26136879150621584 0.1421194128671175 0.1670810100679862
0 0.7685150468904335 0.1177110169049312 0.10336364357108555 0.10846842306201396
0 0.9521124873519528 0.32787053295684104 0.05781434523075966 0.10428876291777786
0 0.8208848755244535 0.2530679418668062 0.10026195435896632 0.08811955547083343
0 0.9286032097575511 0.2852102542714938 0.07261055103961844 0.09371493882958344
0 0.5876095116223621 0.17978952355444494 0.16387601369695445 0.166027656344514
0 0.2173473236596426 0.3365044637152085 0.12066954274124866 0.11043096656500007