0 0.24537777669477143 0.20420405263368333 0.13125218936981647 0.2702408693507265
0 0.9061287514321773 0.7176798238781419 0.0996556493475449 0.10583292401336308
0 0.8124974774426768 0.7961235445576413 0.09823860001590852 0.11831474267981754
0 0.7440838321132676 0.8258297732336409 0.09494996801399935 0.10421588001272682
0 0.4358526140992682 0.7262774052753208 0.17534654002227162 0.16608062802354445
0 0.28701567210372253 0.7608262226289109 0.12343859468490823 0.1357931440165448
0 0.48217527279594863 0.9468620779360485 0.118296561346272 0.09667610001590816
0 0.35040710478990345 0.9038580599538658 0.1202408693507265 0.12950678134945406
0 0.34417254941117825 0.569510331954184 0.1391908640197263 0.14691245735199915
0 0.2500861947405875 0.5416949619669106 0.14400563335454447 0.1579045013526354
0 0.3224482593491357 0.11266998595641109 0.13815562269254428 0.19220677601845368
0 0.42120338534372675 0.07447164664227385 0.12365677068745354 0.1489432932845477
0 0.7392277740292714 0.20705250123332278 0.11215564934754489 0.10597837468172662
0 0.6273715693427724 0.06623133796150177 0.12036813868554468 0.13246267592300354
0 0.6895186753659985 0.232634303906777 0.14723972135581712 0.16731586401972634
0 0.7557874706794994 0.08574966589755016 0.0824681493475449 0.10563292934436312
0 0.92691013470718 0.28769233187464216 0.04805678668045381 0.10210794000636332
0 0.7963590213637713 0.21498263255891406 0.1028715560152719 0.1136817866804539
0 0.9141192333704528 0.2628377825430057 0.06677042401336308 0.09920111600890866
0 0.5808971060232262 0.1643575659214127 0.12781701201463563 0.10928518801718105
0 0.1914453493793615 0.33688073997454665 0.11064769334818111 0.11064769334818117