0 0.67265625 0.15 0.08125 0.2359375
0 0.16171875 0.803125 0.08359375 0.08359375
0 0.27109375 0.865625 0.07421875 0.0984375
0 0.35 0.88515625 0.08203125 0.0984375
0 0.646875 0.75390625 0.10078125 0.153125
0 0.775 0.7078125 0.096875 0.115625
0 0.62890625 0.91953125 0.090625 0.096875
0 0.7453125 0.875 0.0875 0.078125
0 0.675 0.48828125 0.11328125 0.17890625
0 0.76328125 0.4859375 0.10625 0.134375
0 0.58984375 0.0859375 0.09765625 0.1484375
0 0.49296875 0.06953125 0.08515625 0.1375
0 0.2140625 0.2484375 0.103125 0.0984375
0 0.05078125 0.3296875 0.03828125 0.1
0 0.26328125 0.290625 0.10625 0.15390625
0 0.16640625 0.1578125 0.075 0.09296875
0 0.04296875 0.390625 0.03515625 0.1
0 0.1515625 0.29765625 0.08046875 0.0734375
0 0.05078125 0.375 0.06484375 0.08359375
0 0.37890625 0.190625 0.115625 0.171875
0 0.7703125 0.27578125 0.09609375 0.090625