0 0.2803041957022875 0.547873870806691 0.13130303262324478 0.16196792093374804
0 0.19675161908709146 0.18058838929312965 0.09074701680591395 0.08478379465362354
0 0.15033155832640727 0.2846619682887946 0.1170548488211364 0.08008088410204497
0 0.1338881576418353 0.3593056525178964 0.08905718281352519 0.08156778939195171
0 0.2750821379073528 0.6683760866058239 0.15914418973360744 0.11838452090551303
0 0.3278317476029041 0.7961517470868154 0.1211985207602467 0.10526289462538863
0 0.10641305094921454 0.6414055209761003 0.0990688527754691 0.09773882096198286
0 0.1611562421656967 0.7607239393495994 0.08318918479069155 0.09057876834526421
0 0.5423478923559772 0.7049862337208742 0.17814885771838504 0.12572658404557516
0 0.5499786616333491 0.7966199968750539 0.14020318874502422 0.11260495776545092
0 0.9311677228511439 0.6360960807088676 0.13766455429771227 0.10864549985882573
0 0.9361616289729232 0.5321366228022424 0.12767674205415352 0.0990884893354819
0 0.7557737920147849 0.2427647677099798 0.11405718281352506 0.08302387357870131
0 0.892918306349241 0.3185599702137588 0.14170202174883 0.11113346302712265
0 0.7457568048663662 0.302974225616605 0.13070085475263546 0.10893392619541978
0 0.8448707841061196 0.210543072886947 0.09855951680591409 0.08523882096198276
0 0.5993434253991514 0.07621576258948226 0.09821200692008229 0.038454826223654634
0 0.7029233646384672 0.1890258467056447 0.07681185079830274 0.08708974729857691
0 0.623848676882026 0.08465759414539593 0.0862213428896375 0.05022678413027983
0 0.8035639876798915 0.38272190977511966 0.10257585475263546 0.10729583148532651
0 0.7523224116333489 0.8084051782615583 0.1086985207602467 0.104534852532014