0 0.11171875 0.609375 0.10703125 0.1359375
0 0.16328125 0.80546875 0.08203125 0.0875
0 0.26875 0.85546875 0.06796875 0.109375
0 0.34609375 0.878125 0.07421875 0.084375
0 0.64609375 0.75390625 0.1 0.153125
0 0.775 0.70859375 0.096875 0.115625
0 0.6296875 0.92265625 0.090625 0.09453125
0 0.74765625 0.87421875 0.08359375 0.078125
0 0.675 0.48828125 0.11328125 0.171875
0 0.76640625 0.4859375 0.10078125 0.134375
0 0.58984375 0.0875 0.096875 0.146875
0 0.49296875 0.071875 0.08828125 0.14140625
0 0.20078125 0.26015625 0.07578125 0.0875
0 0.26484375 0.11796875 0.078125 0.134375
0 0.26953125 0.26328125 0.09140625 0.1234375
0 0.16796875 0.15625 0.07890625 0.09296875
0 0.1515625 0.296875 0.08046875 0.0734375
0 0.04921875 0.3640625 0.05 0.09140625
0 0.34765625 0.2203125 0.090625 0.09609375
0 0.7703125 0.284375 0.09609375 0.10546875