0 0.47630613919851655 0.8816845855268989 0.09011035145940198 0.23663082894620224
0 0.1681574849824663 0.19080278288289967 0.09056254464226869 0.08645565046753818
0 0.2805523449665802 0.14068058391617194 0.07545574188232518 0.11605224687674202
0 0.354430175729701 0.12158112597245378 0.07808981818121907 0.08794542759490129
0 0.6543364926931041 0.25221908937712095 0.10582508035608366 0.15528746369925478
0 0.7840882224005646 0.30140654400118944 0.10048301542127547 0.11776019262201594
0 0.6373557240254177 0.08494977614540442 0.09390573295387128 0.09897383118569744
0 0.7546210905023534 0.13484575789683592 0.09045345048646744 0.08020565046753822
0 0.683986631084137 0.5187707851223948 0.11873418344033873 0.17879768657189174
0 0.7738985649315129 0.5231997307694729 0.10706029788867948 0.13654655405833438
0 0.5987811570554241 0.9182344539366973 0.1026182597392328 0.1505817829810958
0 0.5021243453670268 0.9286345809893056 0.08691143912238157 0.1427308380213887
0 0.2200407280793122 0.7465169725780493 0.11268300649282174 0.10064541549465282
0 0.19348395656895673 0.8361970961146163 0.062429636362438055 0.1753454336450254
0 0.27728048376135506 0.7140408158639951 0.09935689204448091 0.1427511022629364
0 0.17476123010790706 0.8376505118056607 0.07822618587597074 0.0957579275949012
0 0.05111167572640572 0.60101759933607 0.034530732953871414 0.09862839754067192
0 0.16060149837185161 0.6977385841125636 0.08409435633066598 0.07391928903121965
0 0.06203158481701524 0.6448266866700876 0.0499375446422687 0.08621930113146821
0 0.3955822447184037 0.8233117976154267 0.13153419236879244 0.19605790944452864
0 0.7791157191508583 0.7325838211285525 0.10004663879807012 0.09276019262201593