0 0.44660221236903164 0.07850918452835022 0.12922831411407198 0.0928886148531283
0 0.20646353142678212 0.12452241256761684 0.1032121173323806 0.09853283697334118
0 0.1574472411979237 0.22562239802374934 0.09630655347041021 0.08864765394280302
0 0.09914878611835912 0.31505143090450627 0.11894637797604238 0.10137079454968649
0 0.19134273189164425 0.6073668634760023 0.17025750569998319 0.12420225879399176
0 0.2187743271803968 0.7371820381715908 0.12607046312533626 0.11438097758022465
0 0.038110056232788334 0.5953605553005323 0.07622011246557667 0.10478283697334127
0 0.05604473423743276 0.7092956384808515 0.0890403566887189 0.09582242515463033
0 0.4559244019381305 0.6339302660416797 0.1802880695619536 0.13434253333979881
0 0.44239214364025725 0.7274729719510351 0.14761768119435104 0.11147911818710803
0 0.8605297744662913 0.5465272792084213 0.1567741599070275 0.10911939273291545
0 0.8900694450169805 0.4462403657227205 0.1536491599070274 0.10886430121764637
0 0.8761651181655598 0.36736593769315223 0.10652278763096845 0.12366038273097572
0 0.8762793686697631 0.22131998511777673 0.14144409084927717 0.1342788893989355
0 0.7324747383479321 0.23383544482015398 0.14514824505632137 0.12059902667183912
0 0.8506944966458054 0.1317471731492847 0.09790190445914604 0.06702774545807212
0 0.7573051295655262 0.15645987284972226 0.12322968639013113 0.07375597758022465
0 0.7203403611281944 0.1074323125482202 0.08413433540139544 0.09231478788172676
0 0.6493555077936701 0.017244316655351945 0.10727690445914603 0.03448863331070389
0 0.8435814831521519 0.18903351466455373 0.10408620248167458 0.11103283697334118
0 0.6940421249508238 0.7279043092142403 0.15742972376899794 0.11849439273291544