0 0.40694563317490146 0.7965249011416825 0.11797336307689896 0.26182352076024673
0 0.7390118493567226 0.8133689139560829 0.10109074855010754 0.10069501977166348
0 0.6295650717623209 0.8598857696973013 0.08773864357108571 0.10949701680591417
0 0.5448940738369134 0.8672300374917985 0.09136055103961845 0.09562551779449713
0 0.27145934168305275 0.724161764297275 0.12793851369695447 0.16721135771838486
0 0.1533614597343291 0.6690033734985347 0.11728443361304194 0.129393022737413
0 0.2597494792308537 0.8889736807991777 0.10816954274124865 0.11188718775644091
0 0.15205630101639647 0.8404008710270767 0.10217965186945537 0.09450868676785795
0 0.2898471018555222 0.4609441812934694 0.14557629958972598 0.19441052768032888
0 0.20665609355715248 0.4487571990879665 0.1344486228251612 0.15034219269935695
0 0.44870834190676734 0.07082054148331228 0.12758331618646537 0.14164108296662456
0 0.5530289890023379 0.06323486385984876 0.12675452199532417 0.12646972771969753
0 0.7873886431468784 0.2366154129674996 0.1391594336130419 0.13028436068413454
0 0.7526136692913875 0.09939925585713696 0.1133073286340199 0.13857702174882985
0 0.7312444643077212 0.27862384083810887 0.12194862282516113 0.14983285672980173
0 0.8538909041445404 0.1606949001159183 0.09050844606059627 0.10493685079830276
0 0.9321772344289456 0.4020600463518661 0.05757754689043324 0.10203734387822046
0 0.8449042226060911 0.28956931661782115 0.09521925684847724 0.08487901878308027
0 0.9294316653426954 0.36634538083854645 0.07717965186945505 0.09349001482874764
0 0.6638336665920951 0.19180427315734253 0.13269594606059662 0.10665585969555132
0 0.23615802986948675 0.2341535296203142 0.11441954274124866 0.1121418557412186