0 0.3911868441272577 0.8654402102814093 0.14956881458888915 0.25083631303532494
0 0.7798499538346535 0.8841054145126943 0.10403549620027804 0.10684087334017534
0 0.6586295704759035 0.9115213665044841 0.09338893692972228 0.11927724082661798
0 0.5799233422273966 0.9196560533709632 0.09655030452090294 0.12085792154477701
0 0.30330237157833395 0.71416808089111 0.16035953780340292 0.1774715359079618
0 0.20426349990309078 0.6206357286281736 0.13950152393569457 0.1539158612399268
0 0.30239775427149385 0.9102300146343311 0.09331620174736122 0.11615224082661797
0 0.19521907427562568 0.8025897105759968 0.12024237765916679 0.13193177693097127
0 0.3309364090973964 0.693237957354543 0.16671864057694458 0.18219539734428025
0 0.2600374551658337 0.43270445745273883 0.14571515634451407 0.15238972267624523
0 0.6121564675149307 0.08948728522059071 0.13346972948277802 0.16325449980360826
0 0.8410127386008336 0.3235997065689761 0.13895601006798622 0.1304783612399268
0 0.810886214665139 0.17032017046462256 0.12056968597979179 0.1459942769309713
0 0.7855264580156254 0.3560849536421098 0.14629703780340292 0.17738972267624523
0 0.9047102562682641 0.24116900165032 0.10570709897381966 0.11153746369925477
0 0.976248856049844 0.5009576129884425 0.04750228790031201 0.10501475292686635
0 0.8933032436348267 0.38873889323906363 0.10418096656499998 0.11309087334017516
0 0.9748133160137848 0.4736093178089028 0.050373367972430215 0.0956579336450254
0 0.7021846683123613 0.23217930014950952 0.15410953780340292 0.17743517447164328
0 0.30100272159899316 0.17907091822512738 0.12863675911805572 0.1569772287263694