0 0.10859375 0.58046875 0.10234375 0.1125
0 0.16171875 0.81171875 0.084375 0.0890625
0 0.275 0.86640625 0.07109375 0.10546875
0 0.34921875 0.89140625 0.07265625 0.10546875
0 0.64609375 0.75703125 0.09765625 0.15703125
0 0.775 0.69296875 0.10859375 0.1765625
0 0.62109375 0.94765625 0.06796875 0.10390625
0 0.7453125 0.88203125 0.08671875 0.078125
0 0.703125 0.725 0.10703125 0.19609375
0 0.75546875 0.50546875 0.10703125 0.12109375
0 0.4859375 0.075 0.1 0.15
0 0.06640625 0.2890625 0.05625 0.109375
0 0.26796875 0.265625 0.10234375 0.1515625
0 0.1703125 0.153125 0.08515625 0.09296875
0 0.04140625 0.390625 0.04140625 0.10546875
0 0.15703125 0.2921875 0.0875 0.08359375
0 0.05 0.346875 0.04375 0.09140625
0 0.34765625 0.21171875 0.10234375 0.109375
0 0.29296875 0.1640625 0.06953125 0.1109375