0 0.4562376202330857 0.17724547415003986 0.13885420199158385 0.2685402923897861
0 0.7837351376562808 0.1745593916422699 0.10203870435383636 0.10770980024766903
0 0.6694990228654907 0.14193948262709527 0.10009425843752062 0.09669952564056317
0 0.5886756088003402 0.1280353403611436 0.0924454495445131 0.10102315260503385
0 0.32129467975906517 0.28873728411761856 0.12771331614940157 0.17286391935425688
0 0.20497276451278829 0.3527376639775734 0.12020835099579186 0.13663532092583336
0 0.29348959437236993 0.09556732692168948 0.1197718413771451 0.12413532092583343
0 0.19894347540522872 0.18008141397757338 0.10500001324684391 0.1031678494618807
0 0.3477034454529798 0.5536003047957829 0.14900796279135697 0.20193498924663303
0 0.2640650554344464 0.5707642260120667 0.139667679126093 0.1578211162111037
0 0.5165130206728741 0.9301370719592906 0.1305654976377472 0.1397258560814187
0 0.6212278025240395 0.93417390860089 0.1272768065307547 0.13165218279822
0 0.8572570386442233 0.738788865587422 0.12009922359113015 0.13351032092583354
0 0.8172372177703163 0.8882409019813522 0.11902779691210777 0.14750004631872785
0 0.7919668553417791 0.7006488566960819 0.1340178798517325 0.17471751778268044
0 0.9162079419096006 0.8187525014432329 0.09115576805616712 0.10876287799792798
0 0.9804092575728802 0.5638702564056316 0.03918148485423956 0.10694351282028158
0 0.8985789538905002 0.671295304586386 0.10269346878180699 0.12645980024766904
0 0.9766716605217715 0.5919224817985257 0.046656678956457046 0.09978598428423435
0 0.727626591546781 0.801389411286977 0.13345239546082902 0.11385279238978611
0 0.3026811552491119 0.7831572181541839 0.11012402286549072 0.11588617328319835