0 0.18456567858988684 0.5031244842481846 0.25737001387966063 0.11115986697916007
0 0.20103847316352938 0.17806058243141332 0.09895673658176474 0.08890274545807215
0 0.16707208821520925 0.2786506427329154 0.07435725478036197 0.09311201333591956
0 0.14410376002214928 0.35682356909549373 0.09074371838316742 0.08201501666989941
0 0.2867160687799943 0.6661184339486221 0.15953329117755652 0.11249948424818434
0 0.3426330066260633 0.7989148295564753 0.12183303207825791 0.10631338606495574
0 0.09294628238279971 0.6378665328807569 0.10943316162790721 0.10685552000387943
0 0.17041804518272619 0.7553248419743109 0.08998225478036197 0.09438747091226496
0 0.5510684654485067 0.7164523712312241 0.18533432757475107 0.12704021637033697
0 0.5628255906792194 0.802900054261762 0.14158432757475126 0.12346893515656995
0 0.936803597314508 0.6637405410950205 0.12639280537098402 0.1123719384905499
0 0.9444117897886681 0.5611097486713659 0.11117642042266382 0.11135157242947358
0 0.7671233505537104 0.2677908280586633 0.1185077729789592 0.10293329454968658
0 0.9139168098375791 0.351272492003406 0.13413277297895904 0.1042087521260319
0 0.7413909677648586 0.3270862086636071 0.12495803207825791 0.10656847758022465
0 0.8511886674880034 0.23346336760738 0.0983559592838688 0.0795277454580721
0 0.6027034978405317 0.09116507093166157 0.10200259099298634 0.03941292848861026
0 0.7128375663159842 0.2089580909355409 0.10520673658176456 0.08941292848861027
0 0.630447766039129 0.09964712169026593 0.09362888648947969 0.05427265394280305
0 0.8215977043466232 0.4144584050300648 0.09647208667404987 0.1228951081851685
0 0.7718699236526414 0.8269586629059728 0.09340764342931003 0.09933006242753413