0 0.18426421004335095 0.509612452020999 0.25682539462538867 0.1200965133672712
0 0.24358308604112663 0.8444510760264079 0.09553928413027987 0.08542951734563572
0 0.2049007466632924 0.7432880180219535 0.08046031570031094 0.09462270401018139
0 0.1618417204255203 0.6608113253500901 0.09361276308359248 0.07916133601209037
0 0.2637634522920175 0.3598584473663166 0.16069384727034206 0.10492495202099902
0 0.3016135208349259 0.23226070603913457 0.12292083148532651 0.09980110001590833
0 0.07257701017040785 0.37480964334022693 0.10729583148532651 0.0996192866804539
0 0.1331666286991988 0.2623101906826811 0.0911247999152954 0.09006247334499946
0 0.5236165944277447 0.3308725707351787 0.1864218893637169 0.1177158533577261
0 0.5233443076666289 0.245770864735815 0.14258088410204514 0.11564427601845369
0 0.928620218253501 0.4145332394573124 0.1427595634929979 0.10490677068745353
0 0.9431107760965978 0.5201928934595397 0.11377844780680454 0.09851132001909005
0 0.7773896676676275 0.8006963640992681 0.08532982622365459 0.09780224801081765
0 0.9355135023131936 0.7260792667886308 0.1289729953736128 0.09373291335136287
0 0.7527922150932612 0.7402946660964046 0.16418286831702958 0.11121131468808994
0 0.894372041316916 0.8387514421148584 0.09940773677523325 0.071421561346272
0 0.6650702201431716 0.9633407200827235 0.10034861049510883 0.03395792401336308
0 0.7570008439336344 0.8527673940960865 0.10326077886860788 0.08395792401336308
0 0.6904419464656483 0.9566094620862232 0.09500866311182729 0.04951019867918127
0 0.8407101730704737 0.6546577054423587 0.09588789462538863 0.11822383601209019
0 0.73281801820409 0.23649750409767734 0.09755681043863902 0.09326019867918126