0 0.8740774285779388 0.30874548394594187 0.09082838584218252 0.09989818068726616
0 0.7838169832097771 0.09980425316781869 0.09880457694917481 0.10499511646291486
0 0.6702257091631599 0.07445012833716083 0.09008434137714509 0.12325379353213636
0 0.5894568588003402 0.07007356682634305 0.0924454495445131 0.10154256784239588
0 0.32210321161023064 0.25862256897404967 0.12927581614940156 0.17365658525525038
0 0.20491820081045745 0.33207443634147565 0.12020835099579186 0.13730964947960161
0 0.30292908175849814 0.09056860979265252 0.11001489546082902 0.11338082654882313
0 0.19749010280989043 0.1641875734966054 0.09691469473518963 0.0955382293077851
0 0.3486211047088069 0.5249093102676223 0.14722720798203354 0.1964323439616777
0 0.2594048372856118 0.5475865716875831 0.12711311542376214 0.15638719810012064
0 0.514169270672874 0.8950503126424716 0.12587799763774718 0.16568031094499105
0 0.613388020672874 0.8898504782917322 0.11790180653075488 0.1605833751693421
0 0.859836401620915 0.6405653720055827 0.09250001324684405 0.10310506784239593
0 0.8230507081516695 0.7974638251940861 0.1145039880191006 0.15260710085908274
0 0.7921950338349 0.653502463253727 0.11573910580511537 0.14331398801421233
0 0.9140006011654279 0.7347790394638658 0.09746033175849825 0.11116322930778502
0 0.9004688361044856 0.5938231688170795 0.0951885036281972 0.09076884215265543
0 0.9765265721822605 0.5094681009746835 0.04694685563547907 0.09866987336031982
0 0.7253820452676454 0.7125742480794359 0.11012402286549072 0.11650582654882306
0 0.2976117093327959 0.745167578584988 0.11831846878180681 0.12785276232447185