0 0.08626181083344925 0.5357812963187276 0.11189356965141817 0.1423758986760925
0 0.08004054556830129 0.2958455010334573 0.10721271370395288 0.11254284946188076
0 0.17229664461836158 0.2390561536384912 0.09586577792830413 0.10422092721213971
0 0.24900963082355165 0.1799765601724665 0.11543464947960162 0.12071922249741003
0 0.5628364354369644 0.24393216811140261 0.1419019742194024 0.17962334160399787
0 0.6998041689286211 0.26049258353671806 0.13056168249628844 0.14168669396136274
0 0.512677062415329 0.08026562034493294 0.1183958751693421 0.11773977171162175
0 0.641508069312734 0.11759230003827204 0.12554663387576942 0.13521837014004517
0 0.6482129341937691 0.49773571835907154 0.16163462008095947 0.19924663688926816
0 0.7392031043655856 0.4800452582676584 0.1362318283578455 0.16065501778268027
0 0.6478931931273391 0.9073119255550008 0.14001192559888337 0.1733005669968918
0 0.5495884899388356 0.9321394506810897 0.12068871551297526 0.13572109863782061
0 0.2207032513587964 0.83964265860089 0.10498847241038015 0.12958480024766894
0 0.3318687234304923 0.9348031472283503 0.12792800542706698 0.13039370554329927
0 0.29203269674538357 0.7936259913135476 0.14864329715018093 0.1892894400324213
0 0.2213816027837059 0.9313036197257605 0.10893898801421242 0.11574062406898662
0 0.046543134330054636 0.7258048287837162 0.06815021370395288 0.11072348428423417
0 0.17451764812486456 0.7944178957806083 0.10146068068726607 0.09201202564056317
0 0.05987197196015422 0.7554024375512219 0.07078389077317437 0.10149403349844607
0 0.3813917678671398 0.8369458058292402 0.12505531094499087 0.12584337014004499
0 0.7862064998884584 0.6889879187305752 0.12308337516934209 0.1179580955329392