0 0.55078125 0.796875 0.10078125 0.26640625
0 0.16171875 0.81171875 0.084375 0.0890625
0 0.26953125 0.865625 0.078125 0.10390625
0 0.34921875 0.89140625 0.07265625 0.10546875
0 0.659375 0.74453125 0.12421875 0.13203125
0 0.775 0.67421875 0.10859375 0.11953125
0 0.62109375 0.94765625 0.06796875 0.10390625
0 0.74765625 0.86640625 0.09453125 0.1125
0 0.65234375 0.65078125 0.14765625 0.1390625
0 0.759375 0.4890625 0.115625 0.12890625
0 0.4859375 0.071875 0.1 0.14296875
0 0.20703125 0.253125 0.10546875 0.10703125
0 0.27578125 0.1046875 0.08984375 0.128125
0 0.26328125 0.29453125 0.10859375 0.159375
0 0.1703125 0.153125 0.08515625 0.09296875
0 0.04296875 0.3921875 0.02578125 0.1
0 0.1515625 0.30078125 0.08046875 0.096875
0 0.04765625 0.371875 0.053125 0.09140625
0 0.36875 0.1875 0.125 0.15390625
0 0.76640625 0.2578125 0.0875 0.0859375
0 0.08671875 0.259375 0.07734375 0.065625