0 0.5828125 0.8555085109694092 0.153125 0.26784724282842376
0 0.2546875 0.8924876334799295 0.1015625 0.11135914065150558
0 0.37265625 0.916919693005909 0.09375 0.10483632213985139
0 0.45 0.9204018462712865 0.0953125 0.10645338584218215
0 0.70703125 0.7325025753047123 0.1328125 0.1780754146981227
0 0.81953125 0.6575249118725338 0.1234375 0.14181053248413775
0 0.74453125 0.9236558541606528 0.1234375 0.12931053248413776
0 0.834375 0.829918267044677 0.10625 0.10839783175849824
0 0.6671875 0.47017370089527544 0.1546875 0.2069643065307547
0 0.74921875 0.4449132952676454 0.14375 0.1643948606144388
0 0.47890625 0.0971925247644073 0.1359375 0.16568454210278444
0 0.37421875 0.10134925670823998 0.1328125 0.16557541469812276
0 0.15234375 0.3342262109772584 0.125 0.13874009618646843
0 0.18203125 0.1813566713215447 0.1234375 0.15274803248413762
0 0.2171875 0.36774060462398894 0.140625 0.17991073320977707
0 0.08828125 0.2608953491816933 0.09375 0.11264882213985139
0 0.03125 0.5229662740466171 0.05625 0.10665179328391083
0 0.11171875 0.3999950547166562 0.103125 0.11453870435383653
0 0.0328125 0.49489583774894796 0.065625 0.10229167549789597
0 0.2765625 0.2596577753125615 0.1359375 0.12037204210278445
0 0.70078125 0.23775307049538882 0.1125 0.11799108656782165