0 0.2409053134639511 0.8941259664795309 0.10949524440092259 0.11178944183801284
0 0.11518418566441242 0.832713583055607 0.09881785352912935 0.09394637797604233
0 0.07810042799074257 0.7209512743894166 0.11974566016782515 0.08297602698730663
0 0.06605163649889377 0.6415697769873067 0.09353835767831423 0.08580609604505725
0 0.22809523090446077 0.35837985459503197 0.16598204274124867 0.11884782500983526
0 0.2899701141025842 0.23625883615770005 0.12812684523075957 0.11153806956195363
0 0.058753235053645644 0.3543922050795646 0.10565984937994446 0.10219592055068931
0 0.12142102364570943 0.2425366972858944 0.08956125269929237 0.09485331411407197
0 0.4964075230210095 0.36221967466118865 0.18736013527271583 0.13433071337743777
0 0.5103651244755463 0.2713050975576664 0.14711364357108572 0.11597419728589439
0 0.8836688794499239 0.49611261750760766 0.1594952444009227 0.11528578243518836
0 0.8858331854639196 0.6022915616914088 0.15253484937994416 0.10547373986054147
0 0.6640952823450645 0.8648140689808759 0.1060383576783142 0.08668018119435103
0 0.8124628499814225 0.8139285481977556 0.14737375269929237 0.09889595792955604
0 0.6679791441725637 0.7928298083372141 0.13546574855010754 0.10583437278026224
0 0.7614313010163964 0.9069630001752269 0.10483105518880328 0.09125842055068922
0 0.5091565607646588 0.9900859995834104 0.10284158008391256 0.01982800083317926
0 0.6193146559954184 0.9064499119238401 0.08451855518880329 0.08983803218308672
0 0.5391992582751478 0.9854284916636896 0.09453217261537983 0.029143016672620804
0 0.7198152539254703 0.7202717473252355 0.10878484937994451 0.10241444183801285
0 0.7113948282098128 0.29243097059003026 0.11550844606059663 0.10910148441265974