0 0.3208088995215614 0.6459994394295094 0.2581946215210881 0.16495036473976085
0 0.6998408901478415 0.11825149030007454 0.11116038273097573 0.10143813103709695
0 0.770695781962673 0.20958719563120862 0.13459788273097573 0.1021200926364372
0 0.8051188372632053 0.27715278035008695 0.10921524545807201 0.09670516693047429
0 0.7365293654328564 0.5993627494712745 0.1863515724294736 0.14415447994174038
0 0.7145591573974691 0.7342007507249159 0.14757611485312835 0.1274383413827959
0 0.8992523771017862 0.5437983742401654 0.12324579454968684 0.11581887978345584
0 0.8726424664910233 0.6683210011206272 0.10516547424624463 0.10438127461060631
0 0.47874907421714974 0.6874009924116455 0.2093744842481844 0.1588534774344577
0 0.4934177389107986 0.7763187399043631 0.16721893515657005 0.13892141066226812
0 0.07826955271545841 0.6973643964765032 0.15653910543091681 0.1361146594086268
0 0.060093379686859925 0.6008698297043134 0.12018675937371985 0.12655780298213629
0 0.15613933226223545 0.28411189020829697 0.13498052000387933 0.10680759263643722
0 0.061400401357729194 0.38262829506457735 0.12280080271545839 0.1371315901291547
0 0.19008402650266124 0.33835076082055265 0.17815643515657004 0.13923965940862698
0 0.0601571525656772 0.2703556155976908 0.11910042848861027 0.1032279515702104
0 0.2726724833301006 0.09407557508545991 0.1060266015172088 0.05764266693047428
0 0.1956799354464341 0.22183085055399596 0.09853283697334118 0.09951191818411553
0 0.24808707151138973 0.10745611348611969 0.09741687606301594 0.06674488229073818
0 0.1451225996810409 0.42866587226160835 0.12455320303441746 0.11273934389007838
0 0.294231068757138 0.8276897086298394 0.13482102333785928 0.1239496285298145