0 0.70390625 0.15 0.07578125 0.2234375
0 0.16171875 0.81171875 0.084375 0.0890625
0 0.27265625 0.865625 0.07109375 0.10390625
0 0.34921875 0.890625 0.071875 0.103125
0 0.65859375 0.7546875 0.121875 0.153125
0 0.775 0.69453125 0.10859375 0.10859375
0 0.61875 0.94765625 0.06953125 0.10390625
0 0.74765625 0.86640625 0.09453125 0.1125
0 0.63671875 0.7328125 0.13359375 0.165625
0 0.759375 0.4890625 0.115625 0.12890625
0 0.4859375 0.07109375 0.1 0.14140625
0 0.21796875 0.24609375 0.109375 0.10390625
0 0.27578125 0.10390625 0.090625 0.1265625
0 0.26875 0.28515625 0.09609375 0.14140625
0 0.1703125 0.153125 0.08515625 0.09296875
0 0.04140625 0.39609375 0.03828125 0.1
0 0.1515625 0.29921875 0.08046875 0.09453125
0 0.0484375 0.371875 0.053125 0.090625
0 0.37109375 0.1875 0.12421875 0.159375
0 0.77109375 0.24140625 0.09765625 0.10859375