0 0.57265625 0.63046875 0.10234375 0.1859375
0 0.16171875 0.81171875 0.084375 0.0890625
0 0.27265625 0.865625 0.07265625 0.10390625
0 0.34921875 0.89140625 0.07265625 0.10546875
0 0.66484375 0.740625 0.115625 0.1265625
0 0.775 0.671875 0.10859375 0.1234375
0 0.62109375 0.94765625 0.06796875 0.10390625
0 0.74765625 0.86640625 0.09453125 0.1140625
0 0.67109375 0.65390625 0.178125 0.1234375
0 0.759375 0.4890625 0.115625 0.12890625
0 0.4859375 0.071875 0.1 0.14375
0 0.20703125 0.2578125 0.09453125 0.1
0 0.27578125 0.1046875 0.08984375 0.128125
0 0.26328125 0.29453125 0.10703125 0.1609375
0 0.1703125 0.153125 0.08515625 0.09296875
0 0.04296875 0.39140625 0.025 0.1
0 0.1515625 0.30078125 0.08046875 0.096875
0 0.04765625 0.371875 0.05390625 0.09140625
0 0.36875 0.1875 0.125 0.15390625
0 0.76953125 0.278125 0.09453125 0.109375
0 0.125 0.2125 0.08125 0.07109375