0 0.16907809677623184 0.6156958418139711 0.09826944198043534 0.1359994549975255
0 0.2588818623494859 0.8390271212126134 0.09957433674699842 0.10491322930778528
0 0.3656246860128918 0.8553747382413551 0.08827281570031094 0.0980900192218769
0 0.459495783353821 0.8794496460886997 0.10627936305535765 0.11305327792830404
0 0.7207154624624253 0.6957109746736877 0.1268340577372161 0.17176653663473135
0 0.8404672493647155 0.6259606394184373 0.11987142619541977 0.13245837516934209
0 0.7407912859846568 0.8654912081653443 0.109222352532014 0.11009205223856355
0 0.8425365255319004 0.7825791316165212 0.1180359104104042 0.12768898801421252
0 0.6988580600857033 0.4280697732942067 0.1450226156156063 0.18985479534115868
0 0.7893997600998206 0.4084356247191162 0.1226169945971538 0.15285276232447184
0 0.5358457657144283 0.06650034599784259 0.1248165314288567 0.13300069199568518
0 0.4318940130835925 0.06661321065173514 0.10404900512049746 0.1332264213034703
0 0.16205049189573073 0.21249227668510867 0.11802049985882568 0.15416960085908266
0 0.2315292630130053 0.14067483039401035 0.11591196828879458 0.14471271370395292
0 0.2547377918110261 0.2969690959978426 0.13215859456891899 0.18294969810012063
0 0.1360949366481763 0.19739622116718475 0.0998473525320139 0.10960072930778511
0 0.056996783777344004 0.45387195047496987 0.05784186305535759 0.11051477611928177
0 0.14694767861449418 0.3433671404344901 0.09535727360693615 0.08599945499752559
0 0.06064542854390702 0.4223353454320157 0.0709943104386391 0.09562676051544958
0 0.31751153661994147 0.21766669832726326 0.1126203683170294 0.11494332654882315
0 0.7496792945124493 0.19736864993388686 0.11381884727034208 0.10877521370395286