0 0.59609375 0.165625 0.075 0.265625
0 0.1625 0.803125 0.08359375 0.08359375
0 0.27109375 0.865625 0.07421875 0.0984375
0 0.34765625 0.88203125 0.078125 0.09296875
0 0.646875 0.75390625 0.10078125 0.153125
0 0.775 0.7078125 0.096875 0.11640625
0 0.62890625 0.91953125 0.090625 0.096875
0 0.74453125 0.875 0.0875 0.07890625
0 0.675 0.490625 0.11328125 0.175
0 0.76328125 0.4859375 0.10703125 0.134375
0 0.58984375 0.0859375 0.09765625 0.1484375
0 0.49453125 0.06953125 0.08203125 0.1375
0 0.21796875 0.2234375 0.11015625 0.1375
0 0.053125 0.321875 0.040625 0.103125
0 0.26328125 0.290625 0.10625 0.153125
0 0.16640625 0.1578125 0.075 0.09296875
0 0.040625 0.3921875 0.034375 0.1
0 0.1515625 0.29765625 0.08046875 0.0734375
0 0.05234375 0.346875 0.05703125 0.0859375
0 0.37578125 0.19140625 0.115625 0.159375
0 0.7703125 0.27578125 0.09609375 0.090625