0 0.578125 0.396875 0.13203125 0.13046875
0 0.16171875 0.81171875 0.084375 0.0890625
0 0.2703125 0.865625 0.078125 0.103125
0 0.346875 0.88203125 0.07578125 0.09296875
0 0.66015625 0.7546875 0.121875 0.159375
0 0.7765625 0.70703125 0.1 0.11640625
0 0.62734375 0.94765625 0.08828125 0.10390625
0 0.74609375 0.87109375 0.09140625 0.090625
0 0.628125 0.7390625 0.134375 0.1765625
0 0.759375 0.48671875 0.115625 0.13359375
0 0.48359375 0.06953125 0.096875 0.1375
0 0.20703125 0.2734375 0.08828125 0.0875
0 0.27734375 0.10546875 0.090625 0.128125
0 0.25703125 0.2875 0.11640625 0.1390625
0 0.1703125 0.153125 0.08515625 0.09296875
0 0.04296875 0.39140625 0.02734375 0.0984375
0 0.1515625 0.29375 0.08046875 0.09296875
0 0.0484375 0.371875 0.04765625 0.090625
0 0.34453125 0.20703125 0.09765625 0.10703125
0 0.76796875 0.27109375 0.09140625 0.09140625