0 0.6109375 0.5 0.14140625 0.14140625
0 0.16171875 0.81171875 0.084375 0.0890625
0 0.27578125 0.865625 0.06953125 0.103125
0 0.346875 0.88359375 0.07578125 0.09609375
0 0.659375 0.753125 0.12265625 0.15546875
0 0.77734375 0.70625 0.10078125 0.11640625
0 0.61875 0.94765625 0.06953125 0.10390625
0 0.74609375 0.86875 0.09296875 0.09453125
0 0.62578125 0.73515625 0.13046875 0.17109375
0 0.759375 0.4875 0.115625 0.13203125
0 0.48515625 0.06953125 0.09921875 0.1375
0 0.2078125 0.296875 0.07734375 0.140625
0 0.2765625 0.1046875 0.090625 0.12890625
0 0.2734375 0.2546875 0.08515625 0.13046875
0 0.1703125 0.153125 0.08515625 0.09296875
0 0.04296875 0.390625 0.02734375 0.0984375
0 0.1515625 0.28984375 0.08046875 0.075
0 0.0484375 0.371875 0.04921875 0.090625
0 0.36796875 0.19140625 0.109375 0.15
0 0.76796875 0.26875 0.09140625 0.09140625