0 0.14937803878243797 0.40190283553263867 0.0942966338757694 0.1373427580585183
0 0.20518654624566982 0.17581808063166632 0.09578389077317437 0.10636616013203684
0 0.3078235453411587 0.16068994957615684 0.08764384215265544 0.09943265494824058
0 0.39812764077317436 0.13281781074495297 0.10129026232447184 0.1224012632423146
0 0.6857548727944929 0.3236251958064802 0.12225121551297527 0.1662291756834257
0 0.8120993668015991 0.3898933277104614 0.11428158525525056 0.13286987153638866
0 0.6789272614199607 0.14883024736161907 0.10524077792830404 0.10874886635259244
0 0.7906327233148913 0.21770596941638737 0.09669129353213642 0.09400286116879615
0 0.6998394634768103 0.5923751958064802 0.13573386137453233 0.18607278397749968
0 0.7948210928300238 0.6092393585304152 0.11534611827193722 0.15318237153638864
0 0.6004115100611644 0.9428975653631013 0.11567366689245624 0.11420486927379728
0 0.4953521958368131 0.9427174814092357 0.10934177973732648 0.11456503718152859
0 0.4179332027342181 0.9262164962303233 0.12440021370395282 0.11820177879370349
0 0.28245604816623376 0.878591057587407 0.1104948439616777 0.1496472684261107
0 0.2759526633859532 0.7248215086241662 0.11706574852966192 0.18599487153638866
0 0.1652818362713032 0.8092368819039812 0.07727955223856364 0.10941324769092589
0 0.21336745420455613 0.7325663666354163 0.07933337516934211 0.11892494872768503
0 0.16687423450770938 0.6763949876061572 0.09578389077317437 0.10636616013203692
0 0.06799964325956522 0.6000874743638425 0.07884205223856362 0.10954994872768502
0 0.353443577564876 0.8085902073518512 0.11798643939369331 0.11452997464666632
0 0.7842841417892272 0.8385071934974061 0.111900213703953 0.1171081704996296