0 0.5688684294440707 0.16843675274504183 0.1655652035271876 0.2689510893539081
0 0.24311815694283348 0.11930617270049844 0.10556832654882316 0.10741360534690844
0 0.35129914914091737 0.11352943471513414 0.10614818068726609 0.08868178668045391
0 0.4379326899595203 0.10124815806013361 0.09907266508343379 0.10265338001272672
0 0.6895793198785608 0.29648103142899557 0.1434644742194024 0.17500109468490824
0 0.7980259056996382 0.3751338374442676 0.12899918249628825 0.1373556440165447
0 0.7331633028043905 0.10624693010022265 0.12842597241038015 0.1264181440165447
0 0.8195744363414758 0.2026230381126312 0.11009205223856355 0.10434314934754481
0 0.6391444713943273 0.5577725200906777 0.16204405585660825 0.20176358935390812
0 0.7197836397571216 0.5852895401018134 0.15045810266810503 0.15946700135263542
0 0.43778785278370586 0.9211862986950896 0.14289126413349423 0.15762740260982078
0 0.33334601424909516 0.9184987453850886 0.1396024898232347 0.16090223201781734
0 0.11700944256151206 0.6759914300206809 0.12250352103089916 0.13259541868236296
0 0.14553947704853687 0.8326686913589988 0.1295723925821967 0.14829314401654478
0 0.1846473219147257 0.668179477363135 0.12710913387576941 0.13108746268299926
0 0.05292260911528398 0.7502914486791813 0.09783771370395289 0.10888519867918127
0 0.017914560436964492 0.48708237667090887 0.035829120873928984 0.10532384667409059
0 0.08126337234426702 0.6122556466820448 0.10918464947960164 0.11682496801399936
0 0.019871007463231845 0.5144352173376816 0.03974201492646369 0.1007454346753633
0 0.24169850407232985 0.7579601400381801 0.13870837516934217 0.11404541335136287
0 0.6653064224351241 0.7894679627625409 0.11510710085908257 0.11064769334818117