0 0.10337746421061703 0.34943202640886983 0.16456451659574647 0.191230179126093
0 0.05954679265152152 0.7421924452833438 0.11513296312533625 0.10845239546082901
0 0.05369685140532532 0.623506932669472 0.10739370281065064 0.10576390507947586
0 0.055901166692291525 0.5467261778601487 0.11180233338458305 0.10058533175849824
0 0.2681555122331456 0.3000346832176263 0.20261081981405518 0.20035220798203354
0 0.3585287759789005 0.16672862069642175 0.1463501121366005 0.13136410580511532
0 0.08364375443947546 0.25270335934849436 0.1334130695619536 0.12467759618646843
0 0.20315286112819436 0.15968499092950733 0.13977233020561536 0.12645835099579186
0 0.4931719377275135 0.3030877282308176 0.2125978250098352 0.1648512176006804
0 0.5627685257267989 0.2328545845840871 0.1696455005042031 0.15244049763774728
0 0.7938178858465872 0.6845981007413379 0.24689641535490914 0.14266868275429018
0 0.8677959712479826 0.5962870796899457 0.16666261213660044 0.13207343393541643
0 0.5720689359628027 0.8131397961094997 0.14278806956195353 0.1250049784004535
0 0.7671846940085743 0.7868426470204735 0.15863159084927717 0.1286756154237622
0 0.6013465265599782 0.7622394950210405 0.14635011213660043 0.1313641058051152
0 0.6864649357107011 0.8824031728811892 0.12003898441265974 0.11174108656782167
0 0.40675030253887867 0.9482836663425853 0.09702781930985208 0.050148822139851036
0 0.5432994437564728 0.8679190653467934 0.12127370248167449 0.10710815027015244
0 0.438617661573386 0.9495088604448026 0.10458894703379293 0.06911707694917482
0 0.6869669523064476 0.696902182499836 0.13599176634364482 0.11697422359113005
0 0.769592326095116 0.273172016620587 0.11713250569998337 0.11475695916315995