0 0.5803046026557197 0.2065444913006449 0.15467945140261463 0.2787906186759764
0 0.2540239037871879 0.1333615647365729 0.10377041549465282 0.11875184523075957
0 0.3634489007621258 0.13305575664798458 0.10206246974937896 0.09363344606059655
0 0.44944548809614326 0.12941146100695092 0.09591246369925485 0.11034734937994446
0 0.7061126028521115 0.3458223240838499 0.13694652985783762 0.1837382278041831
0 0.8173722897185908 0.4331941147505061 0.12423745159900648 0.14685353444287888
0 0.743935831480285 0.1587609545826809 0.12416472872636941 0.13435353444287887
0 0.8332159792173487 0.2624439068670548 0.10685905405833437 0.11273864357108562
0 0.6639695128858154 0.6036814456596111 0.1558601563212708 0.21328401784613932
0 0.7450558864223822 0.6379632025080885 0.14467721662612085 0.17026772365499826
0 0.47356111886118474 0.9343194908764376 0.13688289734428025 0.13136101824712476
0 0.36891452547704306 0.9272873182610578 0.13374880698520064 0.14542536347788443
0 0.14611387149346342 0.6793350703356503 0.11796018052176756 0.14169243776222676
0 0.17801279040596185 0.8388527029090739 0.12430108411256366 0.15779103444287879
0 0.21335591364794113 0.6750512346526604 0.12423745159900638 0.14685353444287888
0 0.08396332943718157 0.7488770531142108 0.09438632513557324 0.11647895020978147
0 0.029249600121636975 0.48055218298834196 0.05685905405833438 0.10894987012586874
0 0.10741498585664813 0.6138750910815747 0.10536927693097135 0.12512024440092268
0 0.031485307574375815 0.5087363825734235 0.06297061514875163 0.10497276514684692
0 0.2721945824622437 0.7717379031188553 0.13504768657189176 0.12580732863402008
0 0.6969991397420319 0.8375362274031979 0.1115738251355733 0.11778134108157454