0 0.843221755094129 0.6936964781062666 0.12716088217054278 0.13816639988706053
0 0.7675942921096324 0.8704340123777208 0.09184514342931002 0.09719278939195171
0 0.6569280999446268 0.9086858993223632 0.08220932757475108 0.11686825256024846
0 0.5768202953488349 0.9228401336079347 0.08529475478036197 0.0921412683452644
0 0.2928131400424491 0.7659328970444632 0.11792558451458142 0.16409186305535747
0 0.1703862299557014 0.7062632234798792 0.11083497532299771 0.1263188472703421
0 0.28976158390549783 0.9359191733528224 0.10162066162790725 0.10398882096198285
0 0.17764111814322409 0.8744972839891055 0.094369366131414 0.08799979991529554
0 0.2950915430324831 0.4978808470585806 0.13328976866002265 0.1852234104104042
0 0.20413587600590502 0.48552578925077733 0.11516152991878963 0.14525085779368574
0 0.4266743190937613 0.10875670485226627 0.11440006631598418 0.15765985253201392
0 0.5250314759413065 0.10350703370675685 0.10618704811738695 0.15095482622365464
0 0.79321456971207 0.32379423080768965 0.08549501387966067 0.0952662683452643
0 0.7463266826042817 0.1744242913875031 0.09484902991878955 0.1440677893919517
0 0.7245146344868948 0.3190087492941283 0.10508562307124443 0.13376732622365467
0 0.8380543052141007 0.22368010971864996 0.09068316162790709 0.10335178413027987
0 0.9349340954688067 0.4739824885590231 0.042345791177556436 0.1020931210184525
0 0.8383675809708372 0.3656323912886811 0.08938147748246612 0.08303928413027988
0 0.9321490569121437 0.4440219727740075 0.06069527297895938 0.09693518415851474
0 0.6517372709763745 0.26771999410304365 0.10182092072720579 0.10711382096198285
0 0.2240838379106674 0.2843728129283007 0.10867169802510175 0.11685284200867016