0 0.5498193623697561 0.8937429207809032 0.1236206443766669 0.07783667211208325
0 0.7867751549228117 0.8554844270491675 0.0909899823325695 0.08488545269729145
0 0.8250765483495479 0.7547583816463203 0.08604790919430556 0.07383884992375016
0 0.8685193834556593 0.6682221228126048 0.09891158510611149 0.08975479065319458
0 0.7457053581887845 0.36989111274461867 0.1555252610179167 0.10668902393569457
0 0.7033568168699998 0.24149270260038253 0.1163172906531944 0.09952983415618064
0 0.914818380890208 0.39180574638770904 0.0958593202884721 0.09280705547083343
0 0.8543192516155207 0.2708016089448965 0.10843205547083343 0.09622299620027785
0 0.47993554103444414 0.33634668844833376 0.17136846656500002 0.11642769984750015
0 0.48053691270968724 0.2433415708571532 0.13670252583555573 0.10312761284152794
0 0.07795350731510382 0.41219283510611116 0.14912979065319454 0.1002935535709724
0 0.06558405993614563 0.5141729091943056 0.13116811987229127 0.08139808320625015
0 0.24073660951996462 0.8068182701359724 0.08612064437666671 0.07696384992375016
0 0.10107600389663134 0.728527003134132 0.12089568787965285 0.09495143692972227
0 0.2431907687142702 0.7349614539315628 0.1302343202884723 0.09360714247680554
0 0.13612119149194374 0.8348685753224654 0.09564111474138896 0.08343205547083343
0 0.27947114798895767 0.8554018937110766 0.09251611474138902 0.08335932028847211
0 0.3535970193798603 0.9618714056789239 0.09029899810013893 0.055197952697291795
0 0.20665516309093696 0.659070447947639 0.10374455547083342 0.09611389342673622
0 0.26652896409645815 0.2360154608654169 0.09287979065319449 0.09898432028847229