0 0.1443656827612627 0.6536246753146722 0.0976385901626879 0.13859074855010753
0 0.23238889928918782 0.88441457925872 0.10062723477649363 0.1153900468904336
0 0.3379440077004442 0.9072502732447241 0.09119769262201594 0.10530465186945541
0 0.429495703445718 0.939176624699261 0.09596700585373238 0.1197223493799445
0 0.6948383814334028 0.7765511832120566 0.12912493949875792 0.1815837319533678
0 0.8139560200952802 0.7145149697295279 0.11794199980360816 0.13856743776222674
0 0.7145701402140016 0.944785700734235 0.10686814441741407 0.11042859853153005
0 0.8165048240554189 0.884164618899691 0.09739315046753835 0.09640324855010754
0 0.6698146137740095 0.5021189456596112 0.14011698165323558 0.19178752614450917
0 0.7626788246445939 0.49119494628431115 0.11491699375348415 0.15551813942190088
0 0.5121732679539809 0.11690072822839034 0.1149715359079618 0.16489313942190073
0 0.4114101986721401 0.1123889817528753 0.11339994554888211 0.1632122402517377
0 0.33899484318775003 0.14828967034029467 0.1256272347764936 0.1172844336130419
0 0.19787948467829777 0.18757454544054103 0.13988972267624522 0.15272502614450914
0 0.23627943022717987 0.3451036255244536 0.12422836123992675 0.14529103444287889
0 0.12869366832332324 0.24168078236828644 0.07876132513557325 0.11529495850815116
0 0.16582602966144583 0.3155569128671175 0.07262949980360829 0.13513386182749904
0 0.1240294151018694 0.37954763527271584 0.09113406010845862 0.0943671518694554
0 0.03320040290342513 0.4718400338181789 0.05841246369925477 0.10750576929603177
0 0.06054817720211782 0.34037746888111337 0.10205337939029938 0.09207094606059663
0 0.7208357165279251 0.27874156786007254 0.10686814441741391 0.11430114357108563