0 0.471875 0.85625 0.09296875 0.2484375
0 0.1625 0.80546875 0.08359375 0.0875
0 0.27578125 0.86640625 0.07265625 0.103125
0 0.3453125 0.87734375 0.078125 0.08359375
0 0.646875 0.75390625 0.10234375 0.153125
0 0.775 0.7078125 0.096875 0.11640625
0 0.62890625 0.91875 0.090625 0.0984375
0 0.7453125 0.87578125 0.0875 0.08046875
0 0.67578125 0.49140625 0.11328125 0.178125
0 0.7625 0.4859375 0.10859375 0.134375
0 0.5890625 0.0859375 0.09765625 0.15
0 0.48671875 0.06953125 0.10234375 0.1375
0 0.21796875 0.2375 0.11953125 0.1125
0 0.27421875 0.10703125 0.09609375 0.121875
0 0.265625 0.28984375 0.103125 0.15
0 0.165625 0.15859375 0.07421875 0.09296875
0 0.04453125 0.378125 0.03515625 0.096875
0 0.1515625 0.29765625 0.08046875 0.0734375
0 0.05078125 0.353125 0.05859375 0.090625
0 0.35234375 0.20234375 0.11484375 0.0984375
0 0.7703125 0.27265625 0.09609375 0.096875