0 0.11566292407885985 0.4120116503605904 0.08822722872636941 0.12703658510611113
0 0.16281413826909394 0.19204529568718764 0.08489315046753823 0.09102634992375007
0 0.2757772257013073 0.139994446047778 0.07249314441741399 0.10792290919430565
0 0.3513266715447771 0.10191452422003502 0.06953177088084708 0.1359751740119445
0 0.6482885508368806 0.25802493274875055 0.10090903590796181 0.15857752583555565
0 0.7769816982793566 0.3586633252255562 0.11002041549465283 0.11348323138263901
0 0.6213982770291672 0.06679986749427136 0.06934996369925486 0.1047251740119445
0 0.748442566060387 0.15255814237989646 0.09440450585373253 0.11468205547083343
0 0.7213265959182245 0.3253410257386465 0.14146131303532491 0.14702308320625015
0 0.7646413004440971 0.5200729507005215 0.12252041549465283 0.11377417211208343
0 0.4913189925751337 0.9304639039696877 0.10086358411256366 0.13907219206062466
0 0.21617757112855251 0.7713340586049655 0.08824540944452863 0.13016158510611114
0 0.28017241431630246 0.895463196047778 0.08513859016268785 0.13321384992375015
0 0.2730270139469601 0.7414114756830557 0.10059996369925486 0.10545252583555573
0 0.1752394746211528 0.8508390674386807 0.08492042154477705 0.09571384992375016
0 0.04576455629782957 0.6158256749618751 0.03497496369925477 0.10392508700597211
0 0.15878270676536776 0.707506641526875 0.0848204275949013 0.07852634992375015
0 0.05214636650448403 0.6386273953265973 0.04427724082661784 0.09164329255305556
0 0.351488357232906 0.8010423552420836 0.1100113251355733 0.111920731382639
0 0.3137025318027452 0.8853075992581602 0.07561814441741407 0.1079956443766669