0 0.48708901827467715 0.12529813516085858 0.14148736291418337 0.25059627032171716
0 0.8237090577372161 0.10393903234506449 0.09296031570031085 0.10038035352912936
0 0.7207814788121383 0.08819747840566107 0.10307876834526439 0.0871466477202705
0 0.6330693762095372 0.06424068276462738 0.08661931043863902 0.09834425684847725
0 0.3500811129141832 0.23085337800003133 0.12022003669052861 0.16778134108157472
0 0.2291385523343698 0.2965161120279918 0.1117859104104042 0.1298077444009226
0 0.3395777104668739 0.04781942551516482 0.1094953683170294 0.09563885103032964
0 0.2370512209196305 0.12249827157111699 0.09902830517696729 0.09772895020978142
0 0.3560860021367257 0.4956262730210095 0.13582962613895014 0.19540943361304192
0 0.2723935415992646 0.5137385782098127 0.13015647881213824 0.15142263527271585
0 0.49344584912471917 0.8869831335991087 0.1201290314288567 0.16621884108157445
0 0.5977616228022423 0.8861408387832675 0.11783848933548206 0.15360044191141142
0 0.8512906282756758 0.6448600302704721 0.10335178413027997 0.09183414772027057
0 0.8011449570595792 0.8212933983217485 0.10800846302712266 0.14507754689043334
0 0.7901333203972853 0.6322308983217485 0.12665204721387227 0.17137993776222676
0 0.905362749223541 0.7514051055804998 0.08073333148532669 0.1041206601678251
0 0.9877858747529448 0.4964789620094142 0.024428250494110414 0.10284158008391256
0 0.9011240283039106 0.6112653576550923 0.09341534200867016 0.10819285352912936
0 0.9823776734234094 0.5226154095199033 0.03524465315318111 0.09777557178554286
0 0.7170969097751196 0.7389913064149812 0.12742632096198286 0.10454763527271602
0 0.29166499929412837 0.7233620319440792 0.10251732622365459 0.10421574855010754