0 0.6706857603266911 0.8585726204956041 0.12525842072720578 0.10640119171077381
0 0.8866426249169457 0.781626824032195 0.10112001387966033 0.09450868676785795
0 0.9260579734680711 0.6633105641463632 0.11604410703211557 0.08420785672980173
0 0.9406828755352545 0.5859522266939333 0.11604410703211557 0.08420785672980173
0 0.7676716679494288 0.3063177593171781 0.1694089389258032 0.11443386760421674
0 0.690911303977483 0.1841191071497313 0.18427247532299768 0.12750687056996624
0 0.952125357802695 0.3094242187852679 0.0957492843946099 0.07939302273741297
0 0.8747751642488009 0.19307631859498747 0.09975777297895938 0.09757001977166349
0 0.6900089404669626 0.23115327464021726 0.1561264913621267 0.17467103064607842
0 0.5007764597452941 0.22398139768164144 0.14208497532299766 0.12578786167271766
0 0.11213876850313909 0.5398172336883776 0.16179669802510183 0.11724053262324467
0 0.38182232186231324 0.9345726822820526 0.11348031153562221 0.06851918973360753
0 0.3299432395072001 0.7361643571869123 0.16512195712440042 0.12049286661563344
0 0.23201448410852935 0.8458987959319366 0.10590764342930994 0.09626218775644091
0 0.48682999690845585 0.9475263270351256 0.10935401603912887 0.05276685574121842
0 0.3765457341085293 0.8400095987839553 0.12133238433001133 0.09377385771838505
0 0.4404358582595078 0.9447170034228602 0.09967862739018099 0.04769735376405251
0 0.27738064157438347 0.6615437005708413 0.12153264342931003 0.09689885771838505
0 0.217704055361759 0.7203722139167141 0.11946949568106335 0.08902269072219049