0 0.1546399646812134 0.5563478250098353 0.2724749636992548 0.1221363519971419
0 0.14484837080609236 0.22427837018237223 0.09900110226293632 0.10375842055068932
0 0.10195182279788217 0.3432033328035054 0.10983860831306051 0.08733574505632147
0 0.1023285518188392 0.4127892131253363 0.09272383118569745 0.09863387797604237
0 0.2678888775435876 0.7041676019971419 0.1679238190854491 0.1382533888718056
0 0.33282301025353667 0.8275065490309347 0.13035109621281205 0.12313113342392405
0 0.10221842574818954 0.7003984737689979 0.10998405405833438 0.11233574505632156
0 0.1633099409716959 0.8125267691936365 0.09119769262201594 0.10477461733238051
0 0.5077871696980653 0.7115641107992182 0.14451359016268803 0.14130197921687965
0 0.5502786758463853 0.796600028499916 0.15075449980360833 0.14017652179152656
0 0.9172717748878678 0.587010769116762 0.16007495764913066 0.13145708565349706
0 0.9209967385871227 0.4841042904040854 0.15228063836729006 0.13403578243518838
0 0.7145705183467643 0.23129137479707468 0.1304692708808471 0.14344363342392402
0 0.8349557412194013 0.22720444435902826 0.19747496369925485 0.11689184110137862
0 0.6697256509585175 0.2820836964527152 0.1663522287263694 0.13658162822814388
0 0.7844790182485685 0.17130972344002185 0.10520565046753809 0.09638296312533626
0 0.5459210331774873 0.0678740949597764 0.10655907220870695 0.060554723768997974
0 0.6445898164531704 0.16934339583229657 0.08647383118569749 0.09819683540139543
0 0.5841704669207086 0.0760197307294889 0.10040906615858276 0.07730518119435104
0 0.7785961360295988 0.37645069150903665 0.14921927088084708 0.14475476114786484
0 0.7629332119507388 0.7848969760379119 0.11158291549465282 0.11869500569998319