0 0.433660178245597 0.2007788270339928 0.11760283870851378 0.24746033175849816
0 0.8260467313887501 0.20200159817020302 0.09797092721213971 0.09389882213985139
0 0.7083112677826803 0.15265138419771968 0.08521837014004525 0.12153274881887369
0 0.6325471344080688 0.13362607648583863 0.08547092721213971 0.09346231252120449
0 0.3479089228689135 0.268762446001134 0.12148550992479752 0.16335815027015244
0 0.22545603411761855 0.31908484981466556 0.11036391935425689 0.1255307680561673
0 0.3462992653014809 0.10023070081045742 0.10167812406898662 0.10650794954451306
0 0.2348202638537389 0.15171630054030497 0.09299232878371626 0.08748513103285882
0 0.35097838068401516 0.5356225637871489 0.13351462903138528 0.1871775961864685
0 0.26153489102309735 0.5410789009031246 0.11904971463952715 0.14455358656782166
0 0.48185396897824423 0.9274417422378608 0.11345468610347993 0.14511651552427834
0 0.5853064547102205 0.934320469414779 0.11316358767505648 0.131359061170442
0 0.8401265796077766 0.7554986204027216 0.12035534946188094 0.1056002139724832
0 0.7948954704259862 0.8896355182258034 0.11614303846084476 0.14913195916316013
0 0.7770978866798712 0.7252183541606527 0.10698636228216216 0.15349207694917483
0 0.8943838941234692 0.848650908877309 0.08895980024766885 0.10138393992586607
0 0.9860178716902311 0.6063493361893035 0.027964256619537765 0.09963790145127885
0 0.8933029294839422 0.708216881835467 0.0895762303552928 0.08112600362819719
0 0.976761668939972 0.6225100495288146 0.046476662120056036 0.08957342068857237
0 0.7170016027671404 0.8081374923650877 0.11119867328319835 0.10996033175849824
0 0.2796257272504118 0.7452852512659444 0.10800089867609249 0.10828870435383653