0 0.5431388301690273 0.6033566454089512 0.16595492116215294 0.15032835868872638
0 0.848088088621493 0.2263332581158129 0.09898432028847219 0.09175224267981756
0 0.8806076882609025 0.34002358812058536 0.1239479526972918 0.0904806440165447
0 0.888182492497465 0.4174764261218581 0.09734908510611114 0.08860906134627204
0 0.7113783774717355 0.6944009107654046 0.17013327488562524 0.12850790268936266
0 0.6445701243376034 0.8116242260900414 0.13234233415618063 0.11557155068427187
0 0.8799465395158327 0.7041769947883126 0.10868662860909736 0.10592383068109026
0 0.812575241928784 0.8120162194461766 0.0928434230620141 0.09636701734563573
0 0.4453176195879508 0.6764572433959062 0.192262848023889 0.13969994135899882
0 0.4268384168906591 0.765328839393679 0.1513105397032639 0.12516472668681722
0 0.07350566270968731 0.524355657344045 0.14701132541937462 0.12058631468808993
0 0.07426970872966998 0.42044940734404496 0.14853941745933996 0.1111931333545444
0 0.2921842339480901 0.1714141127068618 0.12242182028847229 0.09202496268299924
0 0.14886933862149287 0.21819711135422631 0.1543628045209029 0.12207608935390812
0 0.29456304511850673 0.2370845660407254 0.14168096656500007 0.11411813868554459
0 0.20975424686586797 0.12044141136218049 0.10683318787965286 0.0934056493475448
0 0.46644196438079855 0.037467468730087994 0.10105466014423606 0.04647610534690847
0 0.3510150265011457 0.12833682204804325 0.08652068787965286 0.093169292011454
0 0.44056979540284724 0.041073726726588156 0.09193423328249999 0.0573045173456358
0 0.22897310628892337 0.30196413136536215 0.11351959897381958 0.11222837468172653
0 0.22669359973631886 0.7356487880330894 0.11980596656500013 0.11386360001590834