0 0.3307070825509599 0.8781547690955392 0.13711928668045398 0.11186322780418294
0 0.1107678472310956 0.7621825365174713 0.10897610534690845 0.10816954274124875
0 0.10262917791218587 0.6552221414964932 0.10109088001272667 0.10132754689043359
0 0.08496096725813983 0.560832601454537 0.11366360534690848 0.10852474025173783
0 0.29190349996022913 0.3153461931608115 0.16573518268618095 0.1561819128671175
0 0.361154033975183 0.21034030706290308 0.1357931440165447 0.1320573286340201
0 0.11638587929663805 0.27937003651747133 0.11064769334818117 0.11766294191141169
0 0.1941119846435465 0.18517159585545953 0.12785337468172658 0.12052783278320493
0 0.5531495352880476 0.37580305416311804 0.18766472668681722 0.16252700124939992
0 0.5760881433004561 0.2860543925454004 0.15456132535009015 0.13504061867597628
0 0.9144217479312757 0.5759871112260211 0.16082950668363552 0.1370767153566284
0 0.9061632579169583 0.6809230649602875 0.157595418682363 0.12746491701630233
0 0.8647200979074133 0.7481571865360489 0.12338405068427179 0.13892263527271584
0 0.807760478556687 0.8720790159952616 0.14827496268299925 0.13144202199532415
0 0.6549718332272777 0.8315696473192853 0.1591942813494537 0.13070831618646536
0 0.7456866452100966 0.9534153395314359 0.11687951201463562 0.09316932093712822
0 0.6745388985519144 0.8971713365314045 0.12578179734245404 0.07665943361304173
0 0.6006195932129601 0.9330128255337424 0.10897610534690845 0.10816954274124839
0 0.5419343892027787 0.9805442180559207 0.11339088534372674 0.03891156388815844
0 0.7408098832352318 0.77942865209317 0.11542610001590833 0.1258306394219007
0 0.7841000906270018 0.35186068176216406 0.10130905601527189 0.1200775468904336