0 0.12688618697782264 0.646875 0.2537723739556453 0.0984375
0 0.8321082099623813 0.18984375 0.0990688527754692 0.0921875
0 0.8727093522439965 0.30546875 0.11268568380210837 0.08125
0 0.8859322524342769 0.38359375 0.11105951680591382 0.0796875
0 0.7121167731573426 0.68046875 0.1679753616727176 0.134375
0 0.6396276664275407 0.79140625 0.142402358706968 0.1203125
0 0.9091655281002584 0.65703125 0.11262201680591417 0.0796875
0 0.8120120023970958 0.77890625 0.12457818874502422 0.1046875
0 0.6920098615983556 0.65625 0.18104836463846716 0.1484375
0 0.43552775684572015 0.7578125 0.14265702669174568 0.1265625
0 0.06622854197760387 0.4484375 0.13245708395520775 0.1125
0 0.2699756244871179 0.2 0.13615235870696818 0.1203125
0 0.11513161558986931 0.2421875 0.13851335475263546 0.1015625
0 0.2960314471108002 0.25078125 0.15289418973360736 0.109375
0 0.17705063684440758 0.14140625 0.1037563527754691 0.0921875
0 0.4345368260837234 0.034375 0.10497134288963732 0.0453125
0 0.32496155482918515 0.13515625 0.10362901878308035 0.0890625
0 0.40934582509514017 0.0390625 0.09779551285158128 0.0609375
0 0.1875239273391367 0.34453125 0.17428902866891205 0.1359375
0 0.19375409232098367 0.74765625 0.11207818874502422 0.1046875