0 0.8230667219935274 0.48531690056260235 0.2413807508107788 0.136985351459402
0 0.8647043916341485 0.81250669195846 0.10163641233702023 0.09549550649282175
0 0.903365696829724 0.7007158039711691 0.1094761858759707 0.09719437418757337
0 0.904332133112732 0.6218504642795945 0.09681254464226896 0.0876011858759707
0 0.7408427828711458 0.33861345007613497 0.1660534683433749 0.11692622158978576
0 0.6753932865245938 0.2132901217486462 0.12849892126547413 0.11314665665497754
0 0.9063859622542949 0.336816945204871 0.11586255357072232 0.1051159683433748
0 0.8474319277582959 0.2256652110331836 0.09231595941492117 0.09845686525911967
0 0.47679391964062107 0.33478547199352754 0.1929432508107789 0.13613987175194148
0 0.45813364853730276 0.2501104630650738 0.14905688311602713 0.12756371266133196
0 0.08696558075982547 0.4630960637169922 0.15985801542127548 0.11994212743398443
0 0.08409177110002307 0.5669204931001411 0.15045574188232516 0.11821598620028233
0 0.2915669005626023 0.8196848031636854 0.12718188311602718 0.1271818831160271
0 0.14858846793304242 0.7718904111192044 0.1393546006486231 0.10865007142762977
0 0.33915892085514177 0.7720927828711459 0.17424779788867947 0.1389375892845374
0 0.21838454504271523 0.877764310063544 0.10300799756436803 0.08458528003177221
0 0.4723510706102605 0.9751377366040241 0.10383411201270895 0.04242505357072233
0 0.34252147442586417 0.8752450564100961 0.09366027110331832 0.08598413879807013
0 0.4449391367628846 0.9707541996723933 0.09470457386326192 0.056323912337020235
0 0.23384808359919926 0.6898103425309483 0.10536143019392785 0.12992505357072232
0 0.24515240746575642 0.26357512499835234 0.11125687418757346 0.10972164772652385