0 0.14371780598260056 0.3524478990042081 0.10069445916315992 0.11275794954451301
0 0.21464039727492762 0.14346971388766533 0.09562501324684389 0.10165675843752049
0 0.3235689639724833 0.10446672287333998 0.08690477767481415 0.12007937622353534
0 0.4036284862050019 0.08993794220330091 0.08921132213985139 0.09675100362819707
0 0.6890724568009071 0.2450147894860777 0.12609625244707062 0.16982640507947588
0 0.813157286745307 0.30404007070427097 0.11697422359113015 0.13205358656782168
0 0.6909647950980093 0.07521072097442343 0.10678076805616729 0.10828870435383649
0 0.8033854387447399 0.13620772996009808 0.09529763103285874 0.09228175843752048
0 0.6905903498994835 0.512475107997732 0.14243058057737185 0.19068454210278443
0 0.7809524550716267 0.5241814451137078 0.12231648801910033 0.15096727767481416
0 0.5633880206728741 0.9017608412075091 0.12119049763774718 0.1634127139724832
0 0.46581361622637035 0.9075148226031875 0.113105179126093 0.15532739546082902
0 0.19462062938839625 0.6901463064459368 0.0908829495445131 0.09993056733052796
0 0.243581462960993 0.8378372727806728 0.1003323606144387 0.14707838584218216
0 0.2635888841977197 0.693995503543379 0.11250497840045366 0.138139895460829
0 0.1511831426352402 0.7902207175158624 0.09422620435383648 0.1062896947351895
0 0.14934284572313233 0.6479240901112007 0.09357143992586625 0.0875396947351895
0 0.05445444245775495 0.5737995985487212 0.06432044954451306 0.09900298439090349
0 0.3357565500769688 0.7446651369384906 0.10688989546082901 0.11141370435383635
0 0.7637178589699761 0.7250271824998361 0.1150843413771451 0.1226240228654909