0 0.8715015259324648 0.5916583759423297 0.23481271751493082 0.10494181788754578
0 0.1880103466021868 0.8677448357653933 0.08960932028847228 0.09776756242753422
0 0.13354301178041605 0.7529331656117326 0.11896951196784729 0.0861284318225902
0 0.11181478856590221 0.6775824792472147 0.09088087955902786 0.08539510818516867
0 0.23293260125493026 0.3837683195545357 0.1586138934267362 0.1143170757634536
0 0.27741191270968735 0.2551170321318509 0.12111389342673622 0.11125597758022465
0 0.06601720497840245 0.39205969636645766 0.10218205547083341 0.10191292848861026
0 0.11096864190812479 0.2767534318225901 0.08335932028847229 0.09725737939699589
0 0.4979042910344441 0.36626105259477215 0.18245143692972227 0.1334177621279716
0 0.4992141775273263 0.2763535297159549 0.14000936379145834 0.11903652667183913
0 0.9009370656357287 0.4703891538221169 0.15392639342673603 0.11393443849054989
0 0.9159061425737149 0.5671046571560968 0.14731271751493083 0.09779925546001174
0 0.742008822000902 0.8417385110892013 0.10418096656499998 0.12079047424624471
0 0.82402123499493 0.8828734362438319 0.17630923328249998 0.07053512485506808
0 0.7073987390789924 0.7817737086636072 0.14604115824437508 0.11017170970237729
0 0.8355763308346174 0.8908612794260907 0.09872974715020852 0.08759533697334092
0 0.60201633558427 0.9917959079653459 0.10080008700597229 0.016408184069308263
0 0.6952598021492701 0.8997584341177998 0.07696384992375016 0.0904971963664579
0 0.6460572763137146 0.9837122765269071 0.08710126291777769 0.03257544694618595
0 0.8109439260087148 0.6712504100310347 0.19360714247680555 0.1436855824314133
0 0.7088983020523608 0.28016341123898264 0.09607752583555573 0.1076527454580722