0 0.8360205243724603 0.65703125 0.23615634793281676 0.0765625
0 0.15658425971760748 0.18984375 0.09809514342930994 0.0921875
0 0.09614980259320703 0.30390625 0.10999436613141403 0.0828125
0 0.08010569556109166 0.38359375 0.10883238433001133 0.0890625
0 0.2173008027500906 0.66875 0.1681468275747511 0.1125
0 0.2664218183277942 0.7921875 0.13024630937615383 0.10625
0 0.05293072871908374 0.66484375 0.10586145743816748 0.0984375
0 0.09789186382428741 0.7765625 0.09194527297895924 0.09375
0 0.48340666410114264 0.6734375 0.19571062307124426 0.128125
0 0.48795565932078055 0.7609375 0.15125971622369896 0.1171875
0 0.8848666394241402 0.553125 0.1633591980251019 0.1109375
0 0.8988871715023983 0.45625 0.14985790252860837 0.0953125
0 0.7205466301679582 0.19140625 0.12752182757475125 0.1125
0 0.6334843260335916 0.03828125 0.10789164558877821 0.05
0 0.6725108459302319 0.24609375 0.1701098457733483 0.11875
0 0.8029073496308599 0.1375 0.1053068661314139 0.0828125
0 0.5610783999077149 0.034375 0.10582849784053164 0.0421875
0 0.6624325439553338 0.13515625 0.08529475478036197 0.0875
0 0.605159066934293 0.04140625 0.09493057063492075 0.0671875
0 0.7744960456533767 0.34921875 0.1817482526208936 0.1296875
0 0.6988128161683258 0.75 0.1051461798265045 0.1046875