0 0.1707750039567289 0.3191885564133915 0.2649499706013579 0.08111718100470675
0 0.860710522951463 0.8162046891289723 0.09488313206674732 0.08283186525911992
0 0.9072812285148156 0.7051347755741358 0.10869997060135787 0.0783898271096728
0 0.9151512822237173 0.6314927240320083 0.09315685775648745 0.07967959172016954
0 0.7266022800760107 0.3610962236249711 0.1452792797373263 0.15083757142762994
0 0.713889838873295 0.20805304424182217 0.12234639077317447 0.1004830154212755
0 0.9546321469354103 0.3436557589350443 0.0907357061291794 0.1002648271096728
0 0.869928476932936 0.23113421388573854 0.1160963907731741 0.10037392126547413
0 0.5490228346894235 0.3149321099874093 0.13097776232447184 0.11624438311602728
0 0.49386062188998175 0.2322247500032953 0.14207903663473154 0.11956029788867957
0 0.1071020075747735 0.41726359212720643 0.17571705223856365 0.1060978157455871
0 0.09708627770116149 0.5245675775167099 0.14413950361804462 0.09930234496658023
0 0.3230943362713032 0.7935282629889387 0.09249511646291486 0.09683981818121908
0 0.14757535786802928 0.7269971022734761 0.1377257293077851 0.0960682508107789
0 0.3319879794193268 0.7394174614468112 0.1515359237898611 0.12128643912238157
0 0.21301000734763087 0.8415857077933634 0.09866987336031982 0.06572618587597105
0 0.45652871324966765 0.9522838798729115 0.09991146879233562 0.029843232953871278
0 0.34853474954571473 0.8462577966741588 0.1027775192218769 0.08453073295387128
0 0.4296796082067136 0.9472787800350673 0.09472600180902231 0.05004663879807012
0 0.23361135515449577 0.6527726237838316 0.09331398801421242 0.11246481818121908
0 0.28033371042459254 0.2312600880700167 0.09701884215265535 0.0937966387980701