0 0.848610161126705 0.2503498181331361 0.09849945499752559 0.09389882213985139
0 0.7439912601767653 0.18564742267230708 0.08747342378986112 0.1215873125212045
0 0.6726861482364063 0.15732896051392228 0.08599945499752551 0.09346231252120449
0 0.3586878459978426 0.24967762930357829 0.12241498982323469 0.16335815027015246
0 0.2255134978522934 0.2818130283077863 0.11107469810012063 0.1255307680561673
0 0.3963150780191612 0.08428080779669908 0.10227955223856364 0.10650794954451306
0 0.27473664914091733 0.11916918456838863 0.09348440637700665 0.08748513103285878
0 0.29805580393604425 0.5105407182336525 0.13458079715018095 0.1871775961864685
0 0.20919802182386865 0.5035243372007938 0.11986984396167762 0.14455358656782166
0 0.3337554500247439 0.9195635433687288 0.11435682835784551 0.15839783175849825
0 0.43503466700805715 0.934092290921658 0.11238489258219672 0.13181541815668396
0 0.7308052696761621 0.7956771871002773 0.1209476650834338 0.1056002139724832
0 0.6546002165330873 0.9205928523465541 0.11699050542706697 0.14913195916316013
0 0.6785367627787571 0.7625447393698629 0.11600121551297526 0.160014895460829
0 0.7624470160581175 0.8938344341050524 0.08953389077317428 0.10138393992586643
0 0.916712871439756 0.6683309810171604 0.03640889077317411 0.09952877404661713
0 0.7955162228646654 0.7556722351935117 0.09003185775648763 0.08112600362819719
0 0.907464024198718 0.6805308806543406 0.05771068068726635 0.08935516587924912
0 0.5960684215306129 0.8277580224021547 0.11165455223856355 0.10683533175849824
0 0.17819924807943605 0.7067212590704927 0.10861143939369336 0.10828870435383635