0 0.5983478403611435 0.5984486045764935 0.1396147717116218 0.11562761284152785
0 0.17730340198135214 0.7907730832062502 0.09506425103345731 0.0974218202884721
0 0.2879904989620335 0.8550011969977085 0.0862714478903042 0.10970361474138883
0 0.36084795615796256 0.877767856192014 0.08583480024766903 0.10032861474138884
0 0.6778470574818701 0.7805720799752088 0.14059938296032684 0.17027874525034736
0 0.7955225550006707 0.7435104507005216 0.11348891935425698 0.12438436379145834
0 0.6395594611203613 0.9563825122521876 0.09840757485477489 0.08723497549562467
0 0.760867226836127 0.9042472757386463 0.10138702564056316 0.09912979065319476
0 0.6433800121965998 0.7610401767648268 0.1495762766740203 0.19546058320625015
0 0.7828811980951919 0.5223621493137507 0.13162248924663303 0.14509690729444458
0 0.5157748573197636 0.08224106990722266 0.11279971463952716 0.14309799620027788
0 0.23522698635114891 0.25832556553881963 0.0981892510334573 0.09749455547083344
0 0.3096896772121397 0.09773486407579886 0.1062586162111037 0.13670252583555564
0 0.2868087570293133 0.27669501225218773 0.12864303846084474 0.14814917211208342
0 0.201425566996892 0.1357959488975696 0.0952825748547749 0.10210932028847228
0 0.06833704693790013 0.36135638050895835 0.03903257485477487 0.10080008700597229
0 0.17917819354707798 0.27809189846072935 0.09223034946188076 0.10359908510611113
0 0.07445861434907693 0.3419887846692709 0.05749147642635144 0.09498649810013893
0 0.3747582131917851 0.20460376633625033 0.11305227171162172 0.11500936379145843
0 0.7971298269216895 0.30886334697704926 0.10138702564056316 0.09912979065319458