0 0.4499922766851087 0.13648466870762443 0.17863841361309585 0.27296933741524887
0 0.10938720884271284 0.2333152242968375 0.10055327792830412 0.10388368676785786
0 0.20941818634147563 0.184023537034688 0.10450379353213632 0.09001218775644104
0 0.2876560509953682 0.13406068771926 0.09101450361804461 0.10037668479069155
0 0.5990229189286211 0.2024499544879929 0.1289925384437538 0.17052735870696817
0 0.7302795629811558 0.22672575981146964 0.11921474672063966 0.1327090237259962
0 0.5670336917685426 0.0371830291260226 0.11593261646291494 0.0743660582520452
0 0.6858346014249095 0.06326543768207896 0.10343261646291495 0.09932352076024667
0 0.6488746754873418 0.45612144114212005 0.14600962008095947 0.19772652866891213
0 0.7343584741078608 0.44640158984952577 0.1374667797373263 0.15372186068413446
0 0.5982273858003927 0.8721430305717164 0.12891065128862386 0.168964858706968
0 0.4928062234304923 0.9052831358186435 0.11855300542706697 0.14983285672980173
0 0.19823843114155135 0.7543532830803553 0.11099945499752559 0.09495435574121877
0 0.28606157847344643 0.9082502628144002 0.11526423111680746 0.14658052273741298
0 0.256702706356322 0.72468568771926 0.13705069990914298 0.17553319368794007
0 0.16849562019656045 0.8756207880232711 0.08665455223856364 0.10643568380210837
0 0.026094515492290575 0.6623607371484187 0.050635165083433874 0.10340884288963732
0 0.14358855269284887 0.7409884614452562 0.0994002137039529 0.1116325197716634
0 0.03420026458777943 0.6861974851712523 0.06445200361804462 0.0992943458553869
0 0.35001893713444515 0.8035190004571107 0.12876016508343388 0.10659219269935685
0 0.7609674824756038 0.6526860819408603 0.10861143939369348 0.10888952174882985