0 0.85859375 0.6281424734108366 0.0890625 0.09946645407749273
0 0.771875 0.8416032313283954 0.096875 0.10438127461060631
0 0.665625 0.8595385405787379 0.0859375 0.09625052586424729
0 0.5796875 0.8815703164429852 0.0890625 0.09321645407749272
0 0.3109375 0.7128276427820864 0.121875 0.17229620031656906
0 0.190625 0.6467971289920329 0.1171875 0.1330973079967011
0 0.2921875 0.8813419620615587 0.10625 0.11246655925034262
0 0.18515625 0.8149250033652123 0.0953125 0.0949608105039836
0 0.33046875 0.44585309144930296 0.14375 0.19480769780928675
0 0.24140625 0.42813204552679573 0.1234375 0.1551541644231918
0 0.48984375 0.0734589173926927 0.1234375 0.1469178347853854
0 0.59296875 0.07144295058093184 0.10625 0.14288590116186367
0 0.83984375 0.2974380426903089 0.090625 0.10263691818411544
0 0.7984375 0.14083034151580995 0.1140625 0.15175637978345574
0 0.771875 0.2884782313283955 0.1125 0.14233591567683304
0 0.89140625 0.19906272717176043 0.096875 0.11063127461060622
0 0.88046875 0.3415684759181192 0.09375 0.09022784639736088
0 0.70390625 0.23342466996648215 0.1078125 0.11563702335696498
0 0.278125 0.21846988902116277 0.1140625 0.11738137978345575