0 0.575814971561963 0.3578622314939327 0.19646112602253202 0.16256312818904792
0 0.2524854009623427 0.8455045922641752 0.09491534639736088 0.10127519970043757
0 0.17758703787193436 0.7474654471153637 0.10705163354437941 0.08979556576151389
0 0.14966897486066835 0.6761324521163335 0.10865959765100208 0.09148561151914833
0 0.24533184969606614 0.3574306363548197 0.16421091567683305 0.12563721303635714
0 0.2758651326864496 0.2225933796868599 0.12652905925034225 0.11632611485312834
0 0.08220136388183111 0.4028541909064459 0.10755173871722892 0.10698306576151388
0 0.11307562767188466 0.2797356842384861 0.08866534639736087 0.10076501666989941
0 0.5055502841775177 0.2845042219510351 0.19122805674305993 0.1434304909161442
0 0.49829406215333616 0.19660560922393863 0.1471598079967011 0.1289217097023773
0 0.9155761535361322 0.30036975632960405 0.15943248746358768 0.12212957576345351
0 0.9342399223407506 0.393769069965086 0.13152015531849875 0.11017170970237729
0 0.7980131981384911 0.7007360313344532 0.1110404515702104 0.11973815727678297
0 0.752809661387184 0.8696612455787583 0.10462531551854841 0.059980520003879434
0 0.749797006993122 0.6584686540634893 0.16908027210332363 0.13226985030926067
0 0.8936583187507466 0.7313007629975639 0.10240959765100185 0.09097542848861018
0 0.6751847665600333 0.8932260334604851 0.10297188730530316 0.05672797424624463
0 0.7561726906166436 0.7699323125482203 0.08223348997087002 0.09400483363936125
0 0.7231676254938066 0.8736471149738145 0.08909124373179385 0.06183006242753386
0 0.8367848784633075 0.5260710001206862 0.1897564849563053 0.1464279451585096
0 0.705356404394062 0.15386077345854546 0.10148359514371955 0.11272288273097572