0 0.43970236632397447 0.18462973760552928 0.16326409654926022 0.24035969764227283
0 0.13207018278383492 0.2057340523577272 0.0956181386197041 0.09737901878308028
0 0.24530751013945862 0.13490294612221698 0.08399222376899793 0.10936968281352519
0 0.31822048625424515 0.11713051429727499 0.08580609604505715 0.09074701680591399
0 0.6219632092669385 0.21849144855649386 0.1305830005042031 0.15177735870696815
0 0.7446141054282112 0.24699183886094253 0.11153806956195353 0.12451452174882985
0 0.6017867391042367 0.05188485768120392 0.10252370248167449 0.10376971536240784
0 0.7171878639781859 0.08217726376580234 0.09819683540139543 0.08969385277546911
0 0.6408724743500758 0.4716827741459257 0.13476775595208465 0.18934102570316255
0 0.7275365940282448 0.4689305058571369 0.12545845792955604 0.145336357718385
0 0.547402435710701 0.883699954487993 0.11550430372251164 0.15895318874502423
0 0.44358366702126767 0.9089638927387256 0.12077095792955621 0.14514535672980172
0 0.17778334042194857 0.7663267010651328 0.13642880891829182 0.12397069368794007
0 0.23137859796351715 0.8911237712173573 0.11197511213660058 0.13076452174883002
0 0.23038917037546236 0.7158836906850096 0.11172373986054132 0.14945085475263548
0 0.1235550263078766 0.8511128779471591 0.08333665990702759 0.09999468281352505
0 0.015341868669762948 0.6346495726236823 0.030683737339525896 0.09703150889724857
0 0.11213084327194016 0.7136911323957833 0.08983803218308674 0.08156301779449712
0 0.023823681106737563 0.6702369041446131 0.047647362213475125 0.09636034684397003
0 0.31175414883603736 0.7889126723962209 0.1275237024816745 0.108027358706968
0 0.7322083964902488 0.6806346684047071 0.10866444183801285 0.10570085475263546