0 0.11953125 0.571875 0.07421875 0.11953125
0 0.1625 0.80859375 0.08359375 0.09296875
0 0.26328125 0.84296875 0.07578125 0.0859375
0 0.34765625 0.88515625 0.07734375 0.1
0 0.64453125 0.75625 0.1 0.15703125
0 0.775 0.709375 0.096875 0.1125
0 0.63046875 0.92578125 0.090625 0.090625
0 0.74453125 0.8765625 0.08359375 0.075
0 0.6734375 0.484375 0.10859375 0.1640625
0 0.76796875 0.484375 0.09140625 0.13046875
0 0.5921875 0.08828125 0.0875 0.14453125
0 0.4921875 0.071875 0.0875 0.14140625
0 0.41328125 0.0984375 0.10859375 0.0890625
0 0.26484375 0.12109375 0.11875 0.121875
0 0.271875 0.2796875 0.10390625 0.11953125
0 0.18515625 0.165625 0.05859375 0.1
0 0.2078125 0.24296875 0.05078125 0.121875
0 0.153125 0.30078125 0.07734375 0.0734375
0 0.04453125 0.38046875 0.04140625 0.09609375
0 0.09765625 0.2546875 0.09140625 0.06953125
0 0.76796875 0.27109375 0.09140625 0.090625