0 0.4053512236921234 0.8344471477507565 0.10310285668871888 0.0958366599070275
0 0.18991225796889707 0.7623693240014291 0.1083366599070276 0.10397694183801284
0 0.1652950341998991 0.6573211910817081 0.10299359604505716 0.09427415990702741
0 0.1289426349365333 0.5640846433112812 0.13086722376899798 0.11488159084927715
0 0.29986786808868526 0.2914891054282112 0.17727233020561534 0.1336751495154674
0 0.36098604852673166 0.16631450678526397 0.1378820482746302 0.12625613342392397
0 0.12980674036474443 0.28453925494367854 0.11680472376899798 0.11389824505632137
0 0.19347076659574647 0.17331789565706962 0.09885239926336586 0.10175887797604233
0 0.567639876134457 0.2923914156838854 0.20067697921687966 0.15707979852673173
0 0.581724519445738 0.20190852731628278 0.16019409084927716 0.13403578243518827
0 0.9352812081816577 0.4254892308832381 0.12943758363668464 0.13458208565349689
0 0.9396325315143956 0.5287781218487307 0.12073493697120874 0.11383254307885018
0 0.7376884762900134 0.7931512503289762 0.10488387797604233 0.09907092055068922
0 0.8932775585893158 0.73909254499731 0.15808528763096846 0.12611402179152656
0 0.7429826276470662 0.7229098061451749 0.146929266343645 0.12222419728589458
0 0.8373331972090199 0.8372129707437794 0.1145866599070275 0.10441398441265974
0 0.5802251735759079 0.9439046392007817 0.07002827673520517 0.04532320767745475
0 0.6935996227033877 0.8362728196388283 0.09405563861970415 0.09986859604505724
0 0.7969328002914425 0.6524062820078598 0.12025750569998302 0.11880426634364483
0 0.7936671445717888 0.2239863510656103 0.12203852698730663 0.12203852698730663