0 0.1453125 0.34602959660559557 0.1 0.13651928298109545
0 0.240625 0.12281883470173886 0.1 0.10839428298109555
0 0.346875 0.11048194028432487 0.0921875 0.09897383118569744
0 0.4375 0.08964219945770703 0.0984375 0.11307269262201591
0 0.703125 0.289659338414172 0.1375 0.1586124515990063
0 0.81484375 0.3530718777399794 0.1203125 0.1335124576491305
0 0.72265625 0.11142070892567682 0.109375 0.11001132513557321
0 0.8234375 0.18192813076504147 0.1 0.09589428298109555
0 0.66640625 0.5508104618525431 0.146875 0.18679199375348396
0 0.759375 0.5698008354873058 0.121875 0.1522715480082102
0 0.50078125 0.9181802899149826 0.125 0.1585397287263696
0 0.3953125 0.9125438891528568 0.115625 0.15692268657189173
0 0.32421875 0.8738950004909792 0.128125 0.12105790944452863
0 0.1953125 0.8223012051150478 0.1171875 0.14911927693097127
0 0.215625 0.6698392804470128 0.13125 0.18670109016268804
0 0.09140625 0.7525932139938424 0.0890625 0.11145565046753828
0 0.1546875 0.6701938044511179 0.090625 0.13177724082661796
0 0.11484375 0.617300608607648 0.1 0.10683178298109546
0 0.0390625 0.5630539910230096 0.078125 0.1145170179539809
0 0.28125 0.7522699853656688 0.11875 0.11475336729005114
0 0.7125 0.7810110462596944 0.1125 0.09909200585373235