0 0.09793815187920178 0.4870820420227876 0.17565592306201397 0.10541408404557515
0 0.24111792211208344 0.13575330240495698 0.10221842306201401 0.10113683674699833
0 0.17480455072118076 0.23643657089139564 0.11464568787965286 0.09873987884037314
0 0.14048540852871555 0.30387469987294313 0.11762521751493064 0.09267188936371688
0 0.24025555128986165 0.6350252603115821 0.17205945079743065 0.15201606826055958
0 0.29628995858430623 0.7631194392084251 0.14513327488562505 0.13484397881213822
0 0.060657663847049084 0.5613694104809914 0.09731271751493062 0.09148882096198285
0 0.11850914427975753 0.700492094639506 0.127545731382639 0.11665542093374803
0 0.2778640008530213 0.6083486392225425 0.18971972948277793 0.17332962613895014
0 0.4926564655181604 0.7862593495482422 0.1468412452503472 0.14118498407380997
0 0.9290926604285765 0.5990966096480628 0.14181467914284696 0.12766851564384113
0 0.7958262187492016 0.3030344097751197 0.12318553970326392 0.13044490514873247
0 0.9298083075128648 0.38655110701722684 0.14038338497427033 0.11591196828879458
0 0.743574040937535 0.3374402308782768 0.1764923776591667 0.14135158404557532
0 0.894226697947639 0.2736569938912821 0.10694229065319476 0.10297235253201391
0 0.6748922036472222 0.10172326778056695 0.1042523953265972 0.05444384727034204
0 0.7511300081681253 0.22631301507914386 0.10999455547083344 0.10002936305535756
0 0.708013828172257 0.11691562827567577 0.09367857123840295 0.0694318104386391
0 0.8338561616628475 0.46206777553190037 0.17205945079743054 0.15201606826055974
0 0.746018508071216 0.8447066993082457 0.14782186379145834 0.11627598933548207