0 0.21513663737181013 0.4327725155732541 0.2520291644231918 0.13790733660582397
0 0.14359162866282849 0.8206750629988878 0.09647784639736087 0.09921031570031111
0 0.10394175844628421 0.704109918302912 0.12272209765100209 0.08981990514873246
0 0.0921069996707956 0.6267283709478654 0.0945970976510021 0.08818181043863901
0 0.2505178593959916 0.3464023760683629 0.1643018438900784 0.12499854195220043
0 0.3111407738191834 0.22628656811938538 0.12652905925034236 0.11343941567207609
0 0.08167693118274624 0.33969880780780315 0.1075517387172289 0.10453485253201382
0 0.14198159685957928 0.23052049985882567 0.08857441818411552 0.0956302893919517
0 0.5170605017158596 0.35723127318341313 0.18805759263643723 0.13730112087727822
0 0.5298082057933524 0.26876030738428014 0.14550637978345565 0.12234397881213824
0 0.9065285155059133 0.5004315964938832 0.15786998746358732 0.11838452090551303
0 0.9089966344688163 0.6038751149097347 0.15309155925034226 0.11498650512049746
0 0.7043472722363378 0.8595959519390817 0.1410174565847754 0.07528696828879475
0 0.8396004621280657 0.8103456518120249 0.15014841567683312 0.12105449459715381
0 0.6819243544479336 0.796466620383168 0.17363137978345583 0.12398207352223167
0 0.7874265451975914 0.9090414860693615 0.1025005258642473 0.09176183674699842
0 0.5406759141604944 0.9869818734375269 0.10122753087881228 0.026036253124946285
0 0.646710616984346 0.9039760125188951 0.08067098997087001 0.09205026308359265
0 0.5916390205869851 0.9823927194630382 0.08909124373179385 0.03521456107392353
0 0.7487457930860202 0.7322745887425498 0.12625627461060632 0.10406441567207594
0 0.733350742940371 0.29313649403245645 0.11085859514371954 0.11096686305535756