0 0.17005700394869222 0.27673631735359 0.13099173610255285 0.1217306440165447
0 0.24432053029369402 0.13397720003181673 0.10625184523075956 0.10427042401336299
0 0.35552979481584107 0.10795159671386148 0.09997853444287888 0.12449201734563582
0 0.4355841477202705 0.10341918539145187 0.09808414772027056 0.09949201734563577
0 0.7166835502144259 0.29012194342772296 0.1425930095477696 0.17182155068427196
0 0.8392582124568435 0.36257929344363127 0.1288139294638569 0.13419428134945388
0 0.7234868894219006 0.12238046009704098 0.1162188410815748 0.11219201201463572
0 0.8343428016643184 0.1947014501113585 0.10554145020978148 0.094895424013363
0 0.7102489091421399 0.5554378607574504 0.15987559793005204 0.1938783640197265
0 0.8009689975244223 0.5783491967695408 0.13648471950581326 0.15301700668363552
0 0.5712404116409396 0.9220857273631349 0.13719511452679142 0.15582854527373016
0 0.459888514545369 0.9186078333863612 0.12902741701630233 0.15761360001590816
0 0.20878334275518182 0.6744925646880899 0.10144594606059654 0.10265338001272664
0 0.2539210118460767 0.8272272133593169 0.1191788203356503 0.15125451201463563
0 0.276799636946323 0.6862118620305441 0.1262809253146721 0.141970418682363
0 0.16204024255004476 0.7683965586807722 0.10348204274124866 0.108921561346272
0 0.0697889298880643 0.5089573766709089 0.06093934523075959 0.10374316534054522
0 0.1646655672353726 0.6279261000159083 0.10206125269929238 0.09017156134627217
0 0.07281976412116176 0.5386539673376817 0.07152164772027052 0.0991829346753633
0 0.3491491562423549 0.7448152500397709 0.11801813942190079 0.11533519334818117
0 0.7776652425500448 0.7755600040976773 0.12474173610255299 0.12165791868236298