0 0.25895045413525175 0.5867381364749834 0.13958640871793265 0.1777697431755744
0 0.8154087446014152 0.21673192906965735 0.10049875269929238 0.09342897642635144
0 0.8555583026900037 0.3283629418899389 0.11205155933798813 0.08151117328319835
0 0.8612386950116895 0.4085962514432328 0.0997883576783142 0.08405397642635144
0 0.6951821068298998 0.7066248748930469 0.1767778327832051 0.13434938296032684
0 0.6326327174079989 0.8181766509478947 0.1283636435710857 0.1118536447471512
0 0.8911341468718559 0.6969353134777261 0.11515324855010753 0.10189644789030403
0 0.8013594066201183 0.8056510339082216 0.0978473493799445 0.09953342721213972
0 0.646058445212182 0.6823847001621065 0.21378092531467202 0.1500856989237615
0 0.4159547028858519 0.7806444559530747 0.14986013527271586 0.12842471463952734
0 0.35789501037296223 0.0362694096343472 0.07795997925407558 0.04255568114108116
0 0.05561305850118462 0.4642487446233165 0.11122611700236924 0.11130998924663302
0 0.27756520248486655 0.20657760152879537 0.09832094606059653 0.10578342721213974
0 0.09855128609326406 0.2617444828364922 0.1401532485501075 0.10306084160399784
0 0.26970423567834556 0.2689320523145836 0.13148864357108564 0.11199919396136267
0 0.15954983090910516 0.16031256947809136 0.10518625269929238 0.09364730024766903
0 0.41350547033100593 0.05767568279371099 0.10224958423309741 0.03434507485477487
0 0.3049098751002463 0.15610672063538317 0.10494945435896633 0.09052230024766902
0 0.39211572240559833 0.060599475597781914 0.09609467261537982 0.055856201819245575
0 0.19370857551052043 0.34065719499482006 0.11839664772027048 0.10360449710451594
0 0.2021290012261779 0.7675493347795723 0.09940984937994442 0.09960620181924558