0 0.8466684461446873 0.2997389761440257 0.10309124525034719 0.13805327792830413
0 0.7564837765011456 0.08442159260694058 0.1057070989738195 0.11634205223856361
0 0.6505065334349999 0.07827116915576372 0.09451502583555574 0.10483134215265537
0 0.5557759148938888 0.06099397444654507 0.10908667211208342 0.12198794889309014
0 0.29496178220072894 0.2677895290599579 0.13688567021222237 0.18196040818602893
0 0.17682807161965247 0.34810887211712443 0.12336737765916679 0.13755531094499088
0 0.27467073204822906 0.10030877996446905 0.111920731382639 0.11510710085908263
0 0.17219838905833318 0.17824675147033803 0.10218205547083344 0.09899077792830413
0 0.32068325513090234 0.537204592379798 0.1480413757593057 0.19190861827193723
0 0.22880422644555506 0.5623074909548885 0.122277656344514 0.15778592378986112
0 0.4809050549990618 0.8947670296257847 0.12086062670923621 0.16395403663473118
0 0.5825948415681937 0.883975614542351 0.12082425911805572 0.16239153663473155
0 0.654688700325659 0.8372809989839471 0.12918096656499997 0.11913285956550998
0 0.7934433822213882 0.7761686793325291 0.14407992116215293 0.1558073439616777
0 0.7543834950629161 0.6440046325210323 0.13172539152687507 0.16140224672063966
0 0.8728957992994786 0.7150430715760414 0.07420252583555538 0.10376680913596861
0 0.8318363478364578 0.6352637183421097 0.08415940729444457 0.12925813206674697
0 0.8714086473233674 0.5777887330414307 0.09738545269729144 0.09405761646291495
0 0.9551134597280552 0.46806185097468356 0.068170731382639 0.11281426051544959
0 0.8186622409788535 0.7319306784280178 0.115045731382639 0.11527087516934209
0 0.2769462132434368 0.807138634102912 0.13034472948277792 0.16913285956551008