0 0.5545981590517451 0.4325874253238082 0.14470448770335978 0.17579670970237724
0 0.11861468637549999 0.2548784318225902 0.09746587334017516 0.10947033697334119
0 0.22054482503737738 0.19213892894765222 0.08815450585373244 0.11964256242753395
0 0.28991699375348406 0.17047096516238905 0.08967155405833438 0.11195760818516853
0 0.6192686713483854 0.27388184714445873 0.14633971057599685 0.18842425546001176
0 0.7420930929913583 0.31280043911876976 0.11794199980360816 0.13925343182259012
0 0.5549647559519284 0.09293499396026005 0.10367951190385671 0.10373052000387932
0 0.6857107619038567 0.15124131472274374 0.10529655405833438 0.11323306576151389
0 0.5897038911959601 0.2925522277494026 0.1589942466803503 0.21600712152108806
0 0.7613435836215844 0.5345797153315669 0.13681926483072288 0.16265898091420466
0 0.5561672877546735 0.9458697068274393 0.11805108411256385 0.10826058634512137
0 0.2505798422057913 0.7911822068274393 0.10059087334017516 0.10972542848861018
0 0.3475644473955939 0.9386873347023773 0.11019313231716561 0.12262533059524543
0 0.3035912127172961 0.7759875125870135 0.12583631303532483 0.15395366061076282
0 0.23411048057308115 0.9132167034934595 0.09905564441741399 0.11428538273097573
0 0.0695747610200939 0.6842631718206504 0.044340873340175155 0.10513378121376693
0 0.19189064343545537 0.7699929909161443 0.09593973477649365 0.11559279121570683
0 0.0782730501495095 0.7029334234876404 0.06306360226293631 0.1019768303053814
0 0.3969372126191003 0.8484202351662684 0.11632495764913058 0.12975088606495566
0 0.8047628272768726 0.7497422007876994 0.10372496369925477 0.11154302000387943