0 0.44140625 0.6907191765317563 0.1328125 0.2233413893989354
0 0.76640625 0.18756119411973957 0.1015625 0.11297797424624481
0 0.646875 0.14811644366069765 0.0921875 0.12315019970043757
0 0.5671875 0.13301786002133634 0.0953125 0.12496779121570664
0 0.2921875 0.3074448066776581 0.153125 0.18749948424818452
0 0.1859375 0.3714279451585097 0.125 0.1445786606107628
0 0.290625 0.11044226092002356 0.0890625 0.1228951081851685
0 0.18125 0.2077640578856061 0.115625 0.13912588606495557
0 0.3203125 0.32458438031507975 0.1609375 0.20532471303635713
0 0.2484375 0.5859047754638912 0.140625 0.16460411818710802
0 0.603125 0.941174154631366 0.1265625 0.11765169073726796
0 0.8296875 0.7591330473039383 0.1328125 0.14052888939893543
0 0.8015625 0.9060559736665166 0.115625 0.15162588606495575
0 0.775 0.7171689457867295 0.1359375 0.18609648091420466
0 0.89453125 0.8441136962457716 0.1015625 0.11766547424624471
0 0.9703125 0.5862371654910465 0.0578125 0.11096919303247788
0 0.8828125 0.6970633530635124 0.0984375 0.11741038273097573
0 0.9640625 0.6138519824605083 0.071875 0.10742960485118865
0 0.68515625 0.8395225647227438 0.159375 0.2161346672787225
0 0.29453125 0.83185487531411 0.1078125 0.1384881572767828