0 0.5531697393698629 0.7325543680384662 0.166230179126093 0.1562453029821363
0 0.16688006450493906 0.77828778754273 0.0891567584375205 0.0946880258642473
0 0.26903533074700786 0.8429162403665815 0.0853968413771451 0.1211141335443795
0 0.3442089455377978 0.872419535431159 0.08597719473518968 0.09303459765100186
0 0.6525174641421193 0.7838333747023838 0.12124506134007813 0.16430184389007838
0 0.7810318445420059 0.7540131455520663 0.11056053248413758 0.12652905925034225
0 0.6247074665891901 0.9481337635256908 0.10198414065150559 0.10373247294861834
0 0.744518969584415 0.9152856146732539 0.09362600362819702 0.08857441818411545
0 0.692596794001701 0.5235467440609982 0.13289188947037936 0.18493259263643722
0 0.7841940169598589 0.5316751442984251 0.11902779691210785 0.14550637978345565
0 0.6291369176933477 0.1143021247023838 0.1147768065307547 0.15786998746358769
0 0.5260292758607157 0.08944922571859817 0.10518355172143128 0.15134720282385158
0 0.23509179573098155 0.2284900275136001 0.08841271397248329 0.11808006175762475
0 0.3119494176933476 0.10507291105797952 0.1159573606144387 0.14697795157021037
0 0.2974925920101172 0.249817109725196 0.10932541469812271 0.13585859514371962
0 0.2037202554422956 0.13470292359439184 0.08942957694917479 0.10250052586424747
0 0.0663194922802697 0.3570372616784825 0.04255457694917477 0.10113660266556704
0 0.17964289309857634 0.2721430876218722 0.09022818511654278 0.08067098997087019
0 0.07565728674530688 0.33389527837152994 0.05461806733052792 0.0890003155185485
0 0.3747619309401916 0.2052380471096414 0.1114682680561673 0.10782452335696498
0 0.7990302993591786 0.3307491417911426 0.11012402286549072 0.11402905925034226