0 0.51484375 0.9296875 0.109375 0.09296875
0 0.16171875 0.81171875 0.084375 0.0890625
0 0.2671875 0.8609375 0.07421875 0.09453125
0 0.346875 0.88046875 0.07578125 0.090625
0 0.63125 0.740625 0.16484375 0.13203125
0 0.77578125 0.70703125 0.09921875 0.11640625
0 0.63125 0.94765625 0.09453125 0.10390625
0 0.7453125 0.8765625 0.08828125 0.08046875
0 0.65703125 0.55234375 0.10625 0.24296875
0 0.759375 0.4859375 0.115625 0.134375
0 0.25390625 0.128125 0.06484375 0.1859375
0 0.4828125 0.06953125 0.09453125 0.1375
0 0.2046875 0.27578125 0.09453125 0.0859375
0 0.27734375 0.10546875 0.08984375 0.13046875
0 0.26640625 0.27578125 0.09921875 0.115625
0 0.1703125 0.153125 0.08515625 0.09296875
0 0.04375 0.39765625 0.03046875 0.09609375
0 0.1515625 0.29765625 0.08046875 0.09609375
0 0.0484375 0.371875 0.046875 0.090625
0 0.340625 0.19765625 0.11328125 0.1109375
0 0.76796875 0.2703125 0.09140625 0.0890625