0 0.13405582853265496 0.6158094507974307 0.2681116570653099 0.17347909327423636
0 0.11131578084584628 0.24956620174736122 0.10805005357072246 0.10559799620027785
0 0.0833935580382446 0.37162238649288204 0.11885118587597074 0.09804006933854179
0 0.07111965462967794 0.4479303133546181 0.12836255357072243 0.10607077488562507
0 0.2736780442418222 0.7089990191860419 0.17723643019392787 0.13219817021222227
0 0.39765924067109976 0.8150516102760769 0.1351307508107789 0.13590374525034726
0 0.08264394115756708 0.727999673062014 0.11879663879807008 0.09491506933854162
0 0.18786150081736946 0.8343971030578821 0.1427523360381265 0.12514808320625015
0 0.36020983360908515 0.766504354292153 0.18271486282348776 0.17761977298576426
0 0.5595649513038368 0.763328722167674 0.15407166558343127 0.1472776563445141
0 0.9034742329571668 0.4039966218626743 0.16950575081077873 0.1367038322563196
0 0.6775504813323137 0.18302558595913251 0.13680234496658022 0.14219011284152788
0 0.8256470620954344 0.20601175712128544 0.147330741882325 0.11900718597979179
0 0.6391095442385268 0.2360590137707992 0.18378643912238157 0.14953114057694458
0 0.7553539273545541 0.1137138479269798 0.1127648271096728 0.10726959897381953
0 0.4901068027599435 0.04110692363069486 0.10235343262955983 0.0476763934267362
0 0.6097414184261003 0.127519161947188 0.10955800649282174 0.10250936379145843
0 0.5142710056820429 0.04479562129399349 0.10270798863591431 0.0679888934267362
0 0.752135649758414 0.29808884792697976 0.12591939204448083 0.145060539703264
0 0.8210413827122854 0.20121515434774376 0.18970915665497756 0.13092661094166677
0 0.8024453413164275 0.23673442704916736 0.1365568831160271 0.12812761284152788