0 0.55703125 0.75078125 0.10546875 0.2390625
0 0.16171875 0.81171875 0.084375 0.0890625
0 0.2734375 0.865625 0.071875 0.10390625
0 0.35 0.89296875 0.071875 0.10859375
0 0.64765625 0.753125 0.10078125 0.1484375
0 0.775 0.67109375 0.10859375 0.13203125
0 0.62109375 0.94765625 0.06796875 0.10390625
0 0.74453125 0.875 0.0875 0.0890625
0 0.72265625 0.68359375 0.146875 0.14453125
0 0.76015625 0.48984375 0.11640625 0.128125
0 0.4859375 0.0734375 0.1 0.14609375
0 0.22265625 0.24453125 0.11171875 0.10859375
0 0.27578125 0.10546875 0.08984375 0.12890625
0 0.2640625 0.29375 0.10859375 0.159375
0 0.1703125 0.153125 0.08515625 0.09296875
0 0.04140625 0.396875 0.02734375 0.1015625
0 0.1515625 0.29765625 0.08046875 0.09140625
0 0.04765625 0.371875 0.053125 0.09140625
0 0.35 0.20703125 0.10859375 0.103125
0 0.396875 0.115625 0.071875 0.23125
0 0.31171875 0.12109375 0.09296875 0.1