0 0.07348354151685303 0.6096938695208726 0.09230366013203688 0.09455482878371627
0 0.11847624688893679 0.8246788606295326 0.09882706220555537 0.09797092721213971
0 0.22284182667213132 0.8501625500427814 0.08490126324231466 0.09887845574818713
0 0.30210966163912206 0.8690345204732767 0.08863185598499985 0.08815927956950453
0 0.6000474585761125 0.7096594046764577 0.12033020678620332 0.16588617328319835
0 0.7323807964178254 0.6466970241973303 0.1169126808672221 0.12682367328319835
0 0.5867778960877332 0.8791178800693519 0.10732306738935157 0.10614730024766886
0 0.7051854349662053 0.8152479710541772 0.09644435598499985 0.08852315260503393
0 0.6320170858619454 0.44207164433737545 0.14241982026407385 0.18714474317557445
0 0.7235989931192601 0.4269132171252357 0.12337729434509229 0.14735449710451592
0 0.5467977960885186 0.06767113151483928 0.12290840263916643 0.13534226302967856
0 0.44428795075393535 0.06442200703156793 0.10659989745537005 0.12884401406313586
0 0.15531575923629684 0.2790945328792735 0.0908778611687961 0.0960445541766104
0 0.22652496083870396 0.12327687241635674 0.11400229434509228 0.14691784946188075
0 0.225188761828195 0.2719498128630628 0.11460788708777747 0.13605312406898662
0 0.12279507662564851 0.1794605599675787 0.0946863663525924 0.10400260339082212
0 0.002951468331574455 0.42941351819696505 0.00590293666314891 0.06886131596343467
0 0.1064490322805562 0.3218299964853434 0.09447175287472208 0.08376287799792799
0 0.3022194450044912 0.21856579363264045 0.1107214694628702 0.10941784946188075
0 0.7272782336001393 0.21588582589274136 0.1138464694628702 0.10956339867609248