0 0.48670594148016344 0.11171437585660135 0.15404114474715094 0.12895799985882567
0 0.14138494106587862 0.24197393934959938 0.09967897642635144 0.09930132096198283
0 0.24261564722835036 0.1738525418816133 0.08612589867609247 0.10941977360693614
0 0.3135081900324213 0.15694503391851833 0.0888142510334573 0.10022678413027988
0 0.6295570291552199 0.2680693336220522 0.12319355913900906 0.1692343893637168
0 0.7638977959044428 0.3086172808641594 0.1136344685684687 0.13127936305535756
0 0.5875770827126577 0.10278596786527157 0.10494867328319835 0.11207433674699833
0 0.7094542367654337 0.14338712301400394 0.09938787799792799 0.09305132096198278
0 0.697996775845451 0.5330642730422388 0.14005572745980874 0.19670694198043534
0 0.7867317901134745 0.5312203229575342 0.12708053846084474 0.15231990514873245
0 0.6748398356036327 0.9284864694630383 0.12141273531769166 0.14302706107392354
0 0.5799468666208794 0.9422308155591367 0.11138276385373888 0.11553836888172668
0 0.27775716624937574 0.7945290629283006 0.12071922249741007 0.11610938936371688
0 0.10482478039356491 0.7283594894060691 0.06908394789030417 0.11154371572854593
0 0.31925115342909416 0.7486397102551124 0.13278688296032676 0.17446792093374786
0 0.24466002997928013 0.8868761866481762 0.08910534946188076 0.10647678413027961
0 0.2093496145539647 0.747692589307247 0.09284677956950456 0.08643729991529554
0 0.10540482319763585 0.707356744667741 0.06039815260503386 0.09233868942018653
0 0.4452015314270222 0.8432381206655167 0.13918243217453852 0.17795694198043535
0 0.8244994255550007 0.7398896676676274 0.1109075748547749 0.10618835779368574