0 0.8187673937716855 0.4155637609636392 0.2760837521260317 0.1327615016215578
0 0.7512599978739681 0.11482914976170926 0.10452774545807202 0.09544095941492108
0 0.8170607278700887 0.2166586566615681 0.11626247091226496 0.08628414772652375
0 0.830916191655352 0.2858489874246889 0.10089256242753412 0.08913641233702041
0 0.7193419943708104 0.6014115320669575 0.1738835233378591 0.12317622158978576
0 0.6788131049718749 0.734742229307014 0.13561824879205203 0.11314665665497756
0 0.8841856154328565 0.5603074707855974 0.11766547424624463 0.10347164772652384
0 0.8461758192161799 0.6818921444867035 0.09853283697334128 0.09845686525911965
0 0.4589627327018807 0.6660270056853381 0.19834138939893547 0.13608532467404083
0 0.45572642027434673 0.7534588218379623 0.1570786606107628 0.12756371266133187
0 0.06651086407997643 0.6373169935071783 0.13302172815995286 0.11843417451188501
0 0.05307797620309882 0.5377942804388092 0.10615595240619764 0.12128643912238175
0 0.18487011014202254 0.24875727962803032 0.13727634364130098 0.13345915665497754
0 0.06522683855574221 0.31727722889668164 0.13045367711148442 0.12265802434972928
0 0.23858517044352462 0.2883867954563429 0.17075852333785918 0.12312167451188501
0 0.10322136847697225 0.20727493750082382 0.10857751666989945 0.08771028003177213
0 0.3206794196946186 0.056813467128854114 0.10369882697140156 0.047058006492821755
0 0.2424272607508457 0.17441975284266906 0.09008260818516849 0.09050799756436803
0 0.29335164514881135 0.06665211729100991 0.10235946757828503 0.06887845941492107
0 0.15483231059136618 0.38736581209543436 0.12283120636839735 0.1285261948044245
0 0.24204668648520428 0.7907344995962582 0.11661315727678294 0.10969437418757337