0 0.18243969866803703 0.546875 0.27833985870696815 0.1203125
0 0.28102968486505364 0.8765625 0.10069501977166348 0.09375
0 0.2002333296181266 0.77265625 0.11268568380210837 0.08125
0 0.17799623227986494 0.70625 0.0959438527754691 0.0921875
0 0.24400991555050067 0.38984375 0.17065469269935693 0.1234375
0 0.2666913873758802 0.25625 0.1327090237259961 0.1125
0 0.08472775745155485 0.43046875 0.11201452174882984 0.103125
0 0.1071373152464895 0.309375 0.09300985376405228 0.096875
0 0.47196381920082225 0.328125 0.14590936068413446 0.1296875
0 0.4870211334215475 0.2375 0.1535945266917457 0.1265625
0 0.9120768246380297 0.35390625 0.16727502471457925 0.1171875
0 0.9345527080223961 0.453125 0.13089458395520773 0.121875
0 0.829460573192336 0.7421875 0.13353669467652338 0.1328125
0 0.9382745687065306 0.70546875 0.12345086258693883 0.1078125
0 0.7693069817855733 0.70390625 0.16909219269935694 0.1234375
0 0.9163039985914873 0.78359375 0.10669035178688588 0.0875
0 0.7217302807204404 0.9359375 0.10847834486680377 0.0546875
0 0.7825165890096668 0.8171875 0.08806768577927482 0.090625
0 0.7454715282489826 0.92421875 0.09967634783255316 0.06875
0 0.8428479580595771 0.59140625 0.14441052768032883 0.13125
0 0.6956812090109793 0.20078125 0.11383168973360754 0.109375