0 0.41926110590767374 0.11631283287167002 0.12747560904180583 0.23262566574334004
0 0.8036549429136459 0.13375362740918725 0.09905705547083343 0.09656877461060623
0 0.685558253134132 0.09810093540588835 0.08877417211208342 0.12437552586424745
0 0.6095042462002779 0.08858719457708839 0.08655705547083344 0.09620506175762478
0 0.3296199905006946 0.25621392992910497 0.1241310970739585 0.16756323620994645
0 0.20918151035232668 0.32147888024567417 0.11388327488562508 0.1297904515702104
0 0.32256729065319456 0.08755485814235037 0.10407186379145843 0.11076766693047427
0 0.21384756050482653 0.1524788276592494 0.09578658510611116 0.09022784639736088
0 0.33974509859256985 0.5232877696625483 0.13717661094166686 0.1913644490629279
0 0.2517729731176046 0.5391377416867298 0.12213218597979178 0.14876777210332365
0 0.4815767612053479 0.9069233205996206 0.1177719943004167 0.16269387978345548
0 0.5871000625921188 0.9061982434025895 0.11610039152687505 0.15796091567683312
0 0.8345341877827437 0.6879182901830264 0.12278549620027768 0.10975073620994635
0 0.7932214696022231 0.8274952672217729 0.11911628875333342 0.1533643438900783
0 0.7747591442797576 0.6724584262346884 0.11595492116215293 0.15171091567683312
0 0.8904952066844452 0.7746310285045439 0.0914627610179167 0.10571645407749272
0 0.9800011969977085 0.518709985947249 0.03999760600458302 0.10113660266556704
0 0.885659623478195 0.6340514926111667 0.09095361474138883 0.08384145407749273
0 0.9728157113403821 0.5337355923737398 0.05436857731923581 0.09069920783841638
0 0.7117337738387854 0.7524701866595296 0.11348323138263901 0.11260295157021041
0 0.2760501937666673 0.7424756903539462 0.110358231382639 0.11251202335696497