0 0.374550392743451 0.5849094250330567 0.14842041335136286 0.14050989258219673
0 0.1731664220241807 0.18709164348670781 0.09478633601209037 0.09397572930778511
0 0.12912661537236186 0.29409191598794504 0.10089088534372678 0.08180327792830414
0 0.11599136338317953 0.37304243159177725 0.0946772480108177 0.0846007293077851
0 0.2625054734245412 0.6852226062861495 0.16709768801718106 0.1352425384437536
0 0.3169577107733587 0.8020692695605611 0.12154883068109026 0.11255531094499105
0 0.06776513808876863 0.6570589054724955 0.10895792401336302 0.10408771370395282
0 0.14875260343726796 0.7729539003841128 0.09173406134627213 0.10006195499752568
0 0.3357429787555414 0.6718838025772479 0.19396927068745368 0.1631971200809595
0 0.5361707874363134 0.7862306648562912 0.14204314401654478 0.1292448439616777
0 0.7116465720082724 0.0981961555840371 0.12554544000636342 0.05342597241038016
0 0.9312925500278396 0.5096194137246375 0.1374148999443207 0.10901423111680746
0 0.7100578946928625 0.2300636312737776 0.0918067866804538 0.10631195499752559
0 0.8857942387014528 0.3025162426483098 0.1339397426798179 0.10383540818602892
0 0.7139101480346802 0.2927274055840371 0.12154883068109026 0.11255531094499087
0 0.8306789300206809 0.19578488579633335 0.09947383601209019 0.09422139077317437
0 0.5840391926718634 0.06886610244096232 0.10034544533736352 0.03492827792830413
0 0.6860204106858627 0.1772728239468313 0.09943747334499946 0.09109639077317437
0 0.6051783960057271 0.07387782903521398 0.09278748400699968 0.056393842152655374
0 0.7858675113780889 0.37067202114244086 0.11208292401336309 0.10425148801421233
0 0.7494156747692226 0.7942832615315024 0.09173406134627218 0.10006195499752568