0 0.3480777581830664 0.8872214733847704 0.15133435462398898 0.21886018268618096
0 0.7286556355877283 0.8885236281030862 0.10527283175849825 0.1074317866804538
0 0.6057984889457728 0.9152304840865415 0.09784227767481432 0.11827838001272681
0 0.5272642611782914 0.9260401674092693 0.10592759618646852 0.12618178668045382
0 0.27649047877897176 0.7214777473742708 0.13574407095872498 0.17494655068427178
0 0.1753595431142748 0.5960317573599533 0.13583335099579186 0.13277723201781733
0 0.24952120709460734 0.91186639003818 0.09466271397248338 0.11667951734563572
0 0.14776278885310554 0.8043891500238626 0.12355160580511529 0.1388817813494537
0 0.22173354610949966 0.6333050380330894 0.1780406983633867 0.17856244668999893
0 0.2333779181566838 0.43414083203372567 0.147480179126093 0.15321700135263544
0 0.6063194326694721 0.09459072008272347 0.1370337524470706 0.16715223201781737
0 0.8186929139803325 0.32449803811263117 0.1421379146981227 0.13441245735199914
0 0.8012202157017638 0.17579690877622225 0.12069942431676957 0.1466579186823629
0 0.764258385124392 0.36137987277208605 0.14846232576804858 0.1813420013526354
0 0.8909796309480408 0.24640085745540347 0.1085615228654909 0.11215564934754481
0 0.9527975515517951 0.5128531081317212 0.04735120435383635 0.1036340773392725
0 0.8718427066312712 0.3915497254534944 0.10376489546082901 0.10897610534690845
0 0.949764320789089 0.48780765479785765 0.07067957694917482 0.10078179734245403
0 0.7071130624363865 0.2520770507638137 0.14348215988879928 0.12818063868554458
0 0.7857688304925539 0.14826225477399507 0.10142363466105593 0.17610906134627213
0 0.7699602920179665 0.19809862277208606 0.12812997840045348 0.13581132535009016