0 0.4323097060824109 0.6082151272332975 0.1967078567298018 0.12325343460686647
0 0.2708311062355102 0.12566583821520924 0.10413835475263547 0.10797079117755656
0 0.20143646049385405 0.22017849938169115 0.1287563527754691 0.1001978639719457
0 0.16908155832640728 0.2866755845145814 0.10213018577927473 0.09693316162790726
0 0.24694520904816036 0.6103622108250283 0.17397069368794008 0.13893899136212653
0 0.273514320720878 0.7460889597452941 0.13602502471457933 0.12559838217054295
0 0.08397036516993983 0.5500488672111482 0.11689302273741302 0.11502182757475107
0 0.11325064136739396 0.6758196252307126 0.09782468775644104 0.10600777297895939
0 0.5055973088578799 0.7048583921926923 0.19960736364988402 0.15616606415651582
0 0.49435074414286306 0.7921884114710237 0.15671952669174588 0.13627506631598418
0 0.9154604805126635 0.724111148975639 0.16907903897467308 0.13395110271317884
0 0.9316943048663662 0.6348076195182748 0.13661139026726765 0.12105058451458142
0 0.8091335553606578 0.31366619987080313 0.11759335969555132 0.13220932757475107
0 0.9245596134027382 0.40638223086932684 0.1508807731945236 0.13511308451458143
0 0.7690152327369756 0.36174395203027143 0.16121602570316257 0.13188795496493216
0 0.9097410504177418 0.296737120598009 0.11013368676785759 0.10212130937615385
0 0.6950525148287476 0.11466989049464926 0.1034725098858317 0.05338342072720588
0 0.7736470415204934 0.24593847932816731 0.08975751977166357 0.09925712523071265
0 0.7309409352849832 0.13489155536175898 0.0966786818249421 0.07788277297895929
0 0.8437380015200558 0.4553623465393155 0.11434102570316255 0.12888406847545256
0 0.7008845870325005 0.8506178824750847 0.11083402372599611 0.11930880937615385