0 0.7028913788989284 0.8295181404084341 0.099898180687266 0.09193925103345713
0 0.8965761018751355 0.744530902609543 0.10491322930778502 0.09840757485477489
0 0.9105799689038772 0.6381524700207198 0.09973440637700648 0.0888142510334573
0 0.9361354895960922 0.5429833651821557 0.12102955223856356 0.10851032092583353
0 0.7456521732240342 0.2855818957851175 0.17160276232447186 0.12177660835322088
0 0.6735580879687839 0.16520092928356353 0.13410276232447185 0.12003001778268026
0 0.9136651888278664 0.26365973821768496 0.11173643939369313 0.10963617328319834
0 0.8235990315463487 0.15899581700140122 0.12900582654882306 0.11199919396136271
0 0.4781747461548128 0.30743774090377207 0.19470606965141818 0.14623295285270288
0 0.4570190411572872 0.2175768742783836 0.15474281094499087 0.12722608767505644
0 0.10458119515944457 0.47128849503760134 0.16559842378986117 0.12617300992479735
0 0.10924544097557307 0.5752311323411542 0.15672139077317437 0.1054966368892682
0 0.3530617972617226 0.8191843777930401 0.09998006784239592 0.0935017510334574
0 0.19188860187513543 0.7773522504142847 0.15285276232447192 0.12090331306795062
0 0.34078312528088384 0.7492721381321225 0.14166960085908267 0.11570639081820958
0 0.2579031054931801 0.8713890407371563 0.10968261646291486 0.1001883986760923
0 0.5117075361804462 0.9472814909037719 0.10434666327441153 0.05785534946188094
0 0.3998040004502259 0.8592978014905233 0.1049132293077851 0.09840757485477489
0 0.4827603426028813 0.9478465711352303 0.09866987336031982 0.06850175103345749
0 0.27731044549812883 0.6887927105056979 0.1115726650834338 0.10651117328319834
0 0.24611584068231732 0.2579429708447802 0.11362648801421242 0.11595894789030418