0 0.5276508574554034 0.8871810773192358 0.1279442813494537 0.12169577488562525
0 0.7649599534531764 0.8652469534597909 0.10268974267981754 0.09923889342673604
0 0.8356349854391769 0.7604490442654853 0.116643154678545 0.09019120174736131
0 0.8707543254296318 0.6893000896683326 0.11351815467854465 0.09011846656499997
0 0.7811714680537702 0.37801905718326323 0.17014996268299926 0.12424019984750015
0 0.7389465107017711 0.2414646145539577 0.18906359468490824 0.13873911094166685
0 0.9547164140276806 0.4278339531754506 0.09056717194463886 0.08659342306201392
0 0.9154004700429524 0.2951857605461451 0.10116360534690827 0.10232752583555564
0 0.758551033378407 0.314465703459791 0.21415450135263542 0.1471334924005557
0 0.5474220820337257 0.23576339447357592 0.13897268801718105 0.129762848023889
0 0.0848873613939972 0.44502025284979163 0.16079314401654468 0.12558449430041674
0 0.2362173354550853 0.8916198830744095 0.11489884134309047 0.07452983415618064
0 0.24008558076063205 0.6867869127096873 0.1670795066836356 0.128854964665139
0 0.11444123810467702 0.7686389375953124 0.10741360534690844 0.10247299620027786
0 0.33120311879372144 0.928482143807986 0.10844884667409058 0.0571968637914587
0 0.2593633867759041 0.7988686854111109 0.12143974267981754 0.09967530452090294
0 0.28100312412472156 0.9124584067257636 0.09909202800763595 0.05854115824437507
0 0.20469242608208713 0.6000869997156595 0.12471019334818116 0.11224803970326391
0 0.1388043440881323 0.6461638723408332 0.11976815467854492 0.09026393692972227