0 0.3987805484962966 0.5668127976383668 0.12567726458147632 0.18787573620994635
0 0.8666860801665319 0.2066168143979213 0.09817673871722903 0.10121081050398358
0 0.7647347867513071 0.14245267748832954 0.0876029515702104 0.11339256175762476
0 0.6962037470970062 0.11010083023303885 0.09398934389007856 0.11826191818411554
0 0.37773724043308854 0.21694082977082046 0.12361465940862688 0.17064277210332374
0 0.23984478384831326 0.2880837070469937 0.1293190901291547 0.15207462852981452
0 0.4329883447480082 0.04192777256554218 0.0840233105039836 0.08385554513108436
0 0.3006472061890639 0.07633621331519987 0.10152905925034225 0.10911423871722889
0 0.2930607120615586 0.28341292742182256 0.1687453029821361 0.16571123119538153
0 0.22671298337345958 0.4711235275801071 0.1337792695960413 0.14439852084968247
0 0.43484946298599547 0.9100028564929978 0.12164298244902269 0.15653480799670091
0 0.7216173402621686 0.7658363531942924 0.12542120031656906 0.12542120031656906
0 0.6474858553058634 0.8991322379923131 0.11025084138279588 0.14059155925034225
0 0.6880296019406512 0.7129530455933027 0.13312605172849495 0.17560305674305993
0 0.7594235656515625 0.8615292864221027 0.09831313103709682 0.1058983105039836
0 0.9222431290585398 0.6312016257598346 0.04675063103709718 0.104397994985435
0 0.7994755673009151 0.719077361969781 0.09509720282385156 0.10268238229073816
0 0.9137486674591997 0.654866446292948 0.0668812746106063 0.09873902837152997
0 0.5889723248227625 0.790771820203909 0.1234949874635877 0.11287573620994636
0 0.4295003849310347 0.8523949449727997 0.13281982633910108 0.2723871285298145
0 0.6073154963720903 0.8846893047645029 0.11287573620994636 0.12349498746358734