0 0.4530653720055827 0.8667926835271323 0.15421826775153882 0.26641463294573525
0 0.760014734850453 0.8890166532945758 0.09710072930778502 0.09965764342931002
0 0.6379040394638658 0.9305754927464026 0.08361143939369349 0.1096939774824662
0 0.5689902651536063 0.9292947925618325 0.09060506784239593 0.09456962523071262
0 0.28869301277875714 0.7584771406515328 0.1272662641334942 0.1701098457733483
0 0.16914847467368768 0.6912419710040612 0.11436347241038014 0.1319089389258032
0 0.2807942243350034 0.9241522054263573 0.10556832654882306 0.11265829117755644
0 0.17276371834210963 0.8615742574012557 0.09989818068726608 0.09360790252860837
0 0.2941086103584794 0.5205265576781108 0.14149918249628843 0.1445486412698415
0 0.2158098699694178 0.47396363587117085 0.12792800542706695 0.1530224753229977
0 0.44898969866594757 0.10794381939830314 0.12077060266810488 0.16502182757475112
0 0.5500575537089016 0.10893342535068433 0.11238489258219672 0.15358367982650453
0 0.7922472964728124 0.3188543476190497 0.13303158525525055 0.13154799352159507
0 0.9086944900503774 0.3255327490679241 0.07209408525525021 0.12764294108527147
0 0.7388866010862253 0.36481888725544676 0.12718437697836454 0.1685473457733484
0 0.856951605608781 0.2508844000553732 0.08969766508343398 0.10696949568106329
0 0.9450812901412344 0.4987490060077544 0.060337713703953 0.11131703423772628
0 0.850403955224668 0.39077821483019787 0.09332063206674732 0.08695738433001132
0 0.941246961217562 0.45225473780915715 0.07678822930778502 0.0983559592838688
0 0.6431790326780025 0.2465917165282409 0.13984815128862388 0.17247338217054298
0 0.24183121664462895 0.26163361659283935 0.11181832654882315 0.11305880937615384