0 0.10005207315792113 0.4185335860381265 0.08623847241038014 0.12639095048646726
0 0.1646788964273839 0.18507224959296292 0.08920634215265535 0.09366027110331832
0 0.26870133310754385 0.1548274163942102 0.07958568068726617 0.08880912986961631
0 0.35977006840822273 0.11810075811437955 0.09586577792830413 0.10158186525911975
0 0.6399411680241099 0.2629628392812421 0.10975121551297526 0.15802278003177211
0 0.7662679726375228 0.31443165624464514 0.10770403663473153 0.11896028003177213
0 0.6402731179332528 0.09250033481701524 0.09882700361804453 0.09851141233702039
0 0.7539394702626735 0.16173335023829072 0.10260710085908258 0.11106595941492108
0 0.6470322144969224 0.5305185320570717 0.12775758706427265 0.17394778896022595
0 0.7397553030315331 0.5368288076246169 0.1118935696514182 0.1393273271096728
0 0.5277953770939654 0.9248944545436573 0.10942366689245624 0.15021109091268556
0 0.42405622343049226 0.9314981233751469 0.09034611827193721 0.13700375324970615
0 0.1506164806665815 0.7368938482129911 0.08476450361804462 0.09826595048646744
0 0.21438133028246872 0.8779785442352317 0.10186347241038014 0.12666368587597104
0 0.22104848937300878 0.7209200206962812 0.1147662641334942 0.16435460064862326
0 0.11338539631584225 0.835553490664509 0.08945200361804462 0.09834777110331823
0 0.01626132858498805 0.5936505884737585 0.0325226571699761 0.10232615909060953
0 0.10858278889803893 0.6884603023529065 0.0883055834462281 0.07647277110331832
0 0.021979062076644663 0.6085761590906096 0.04395812415328933 0.09166139448011297
0 0.2962255517883377 0.7785336976437982 0.10540455223856364 0.10487050649282174
0 0.7238492627787572 0.750809487007766 0.1049132293077852 0.09549550649282175