0 0.44573358209226865 0.1235211606678045 0.13103396946287021 0.11036391935425689
0 0.21351711291222247 0.14172954342324345 0.10507706220555538 0.09826202564056316
0 0.13852809189421342 0.24570425992479744 0.11974515494824059 0.0880522717116218
0 0.09942734420328762 0.3160509931755745 0.11974515494824059 0.0880522717116218
0 0.17477263944333452 0.6294114799410082 0.1754674746466664 0.1202141083532208
0 0.20989135028203848 0.7659697181541838 0.19076028397749978 0.13493157981717357
0 0.025061622714167182 0.5756935128202816 0.050123245428334365 0.08263702564056316
0 0.044730282280556186 0.710053550247669 0.08946056456111237 0.10294952564056317
0 0.23297682723777915 0.7262544007430071 0.1482597171537959 0.18274834160399783
0 0.40493044820852 0.7781915440424161 0.14999858294074056 0.1314769400324213
0 0.8755333485386121 0.5726245181924559 0.16636587672018513 0.12290246071058579
0 0.7524620357209261 0.13231623366055256 0.11681564458064794 0.07235449710451586
0 0.7313314550892598 0.3290092971427879 0.17132677879370348 0.1262457845319033
0 0.8614379115926394 0.24956585380059773 0.1097645622055552 0.09848034946188075
0 0.648340463713426 0.0851072857702484 0.11076113421305536 0.0565111732831983
0 0.7346505276624077 0.2193431987143645 0.10480366013203693 0.09513702564056317
0 0.6932722549009723 0.10053538667987119 0.1009760311027776 0.05138702564056317
0 0.7568304496226397 0.41413131389201097 0.1255262632423147 0.10077059553293925
0 0.8341639291702784 0.3730204704259862 0.12470605702175916 0.0913955955329393