0 0.8703353932606852 0.5606616138153241 0.22629087468172662 0.11748433135366625
0 0.24469378731700075 0.12747309679307228 0.09645792401336299 0.10121081050398355
0 0.17551597863622867 0.22940165815498564 0.12445565467854491 0.0910916644231918
0 0.14343872795991092 0.299586126022532 0.09631247334499946 0.08871081050398359
0 0.22102518925050382 0.6167940095669115 0.16702496268299924 0.12513169530200408
0 0.24759568523236827 0.7512061134861197 0.12943405601527208 0.11622805674305994
0 0.0582257445894581 0.5706367604248412 0.10901246801399936 0.10626202335696497
0 0.08726725990614068 0.6941795605039836 0.09017156134627213 0.09790395407749272
0 0.4796456639083678 0.6891848012662765 0.19220677601845376 0.1414841210079672
0 0.4684530778962775 0.7779517845732291 0.14827496268299925 0.12458612602253201
0 0.8893479279121859 0.6729713972014191 0.16230110001590817 0.12187030298213627
0 0.9177825579249126 0.5800170190673158 0.1527261053469086 0.10441001834239998
0 0.7838279179662743 0.27132867768451996 0.11391814401654461 0.12514841567683305
0 0.9038222446292291 0.30217316389446636 0.17616360534690828 0.10509197994174029
0 0.7364074779599109 0.31683975448583956 0.17018632535009032 0.1283476235152495
0 0.8834102946371832 0.2429656484550602 0.104143154678545 0.090500631037097
0 0.670375587324955 0.08124558379444154 0.10208975867281786 0.04826766693047428
0 0.7478636933084102 0.20541652117888692 0.08386701734563573 0.09303459765100212
0 0.711581842655955 0.0996378826199426 0.09129770934118149 0.06044941818411549
0 0.8310012679424117 0.4485420470431344 0.18612040802036275 0.15536476458147633
0 0.6743030885582778 0.818328046647423 0.10437951201463562 0.11081313103709682