0 0.47879209963065766 0.1399487692668369 0.12335672852997774 0.2582337003165691
0 0.14645632260149047 0.20195364192415663 0.08648292154477706 0.09625052586424747
0 0.24432165086032165 0.16317463526023906 0.0973295179539809 0.08094377461060623
0 0.32658925019639173 0.12016276966254831 0.08020565046753828 0.09138116943775673
0 0.6329887202403583 0.21982282271119144 0.10873062626704133 0.160949523356965
0 0.7624398709042882 0.2566743018615089 0.10382495764913066 0.123313131037097
0 0.6083028585094523 0.041884656967851416 0.10214428298109546 0.08376931393570283
0 0.7243636748644267 0.08827965452707595 0.09270565046753809 0.09174488229073821
0 0.6721001754536019 0.47879700593900176 0.12294766237139498 0.18792120031656906
0 0.7572427899149826 0.4786629621280657 0.11956813231716552 0.14408027210332364
0 0.6056469110156625 0.8915985343105317 0.10872153590796181 0.15938702335696497
0 0.5016270315271673 0.9141531474009399 0.10863972267624522 0.14532452335696497
0 0.21286503425764178 0.7366492391794474 0.09577610831306052 0.0824608105039836
0 0.2931696369133615 0.8967851056350679 0.09766586123992678 0.1387562746106063
0 0.27082298000291566 0.7099670672344081 0.11499880698520064 0.16425637978345584
0 0.17782189286528988 0.8524931995251464 0.07400110226293628 0.09901181301126627
0 0.04480135636815291 0.6235906126946968 0.036519282981095524 0.10104567445232178
0 0.15831388964383603 0.7148029829112412 0.08652837334017516 0.10406302586424747
0 0.05168261544333922 0.6491672742148948 0.05209883118569745 0.09368781551854859
0 0.3601394891762978 0.797977881103604 0.11929542154477701 0.09720527210332364
0 0.7755559317983137 0.687469660795282 0.09586701190385671 0.0980858105039836