0 0.5996237723606505 0.27657299351047354 0.15336004163898184 0.27424779788867965
0 0.2060065754152828 0.15126467086173231 0.0999580320782579 0.0985114123370204
0 0.3189280775747511 0.10705892897940719 0.09617169802510181 0.11249209172016936
0 0.3951704025286086 0.08852138880136536 0.09304669802510182 0.1124375446422687
0 0.7012468291159106 0.2513354399397511 0.148113732262828 0.16802507142762993
0 0.8184331315522341 0.31029560836585146 0.12207286397194572 0.1269909683433749
0 0.6691493206349207 0.05558260917663034 0.08669656847545255 0.11076595048646735
0 0.7947384083887048 0.1480274334469293 0.11249760487264701 0.1237023271096728
0 0.6756355598375792 0.26664284010190686 0.15732804595791858 0.1900364391223816
0 0.7915759446290158 0.5258484703785603 0.13723678901808825 0.14442393019392802
0 0.5007330081672228 0.918076475246529 0.12357480721668548 0.1504284683433749
0 0.23756597238833704 0.7169714914785834 0.11970932757475117 0.11446369480442442
0 0.29170965915467184 0.8661941956184986 0.11183627081949092 0.13773755357072243
0 0.29065139959394787 0.6910169176153215 0.11818640036914019 0.13940914772652385
0 0.18785467149317298 0.8077834521113203 0.10025842072720588 0.10319891233702032
0 0.06840855490033367 0.5548960056820429 0.055046050276855184 0.10397047970746058
0 0.1745863086009615 0.6617578859586963 0.09713342072720588 0.10314436525911966
0 0.07504858111849541 0.5852829350651918 0.0654829025286086 0.09634889448011279
0 0.3927226441952771 0.7948219817393507 0.15692752775932126 0.18378643912238157
0 0.7863026634736086 0.7730916631543898 0.10322273442229637 0.1251011858759707