0 0.5021244793125464 0.12105464946121827 0.10917719470081658 0.24210929892243654
0 0.8345278993077738 0.11998049678670633 0.08228633601209046 0.09569487939699584
0 0.7348824353119101 0.09767467527531659 0.09458634134309048 0.0795277454580721
0 0.651715946650228 0.06777962330876422 0.07599997334499946 0.0920596963664577
0 0.34948928063336515 0.21655093165341227 0.10178177068745367 0.16128792848861026
0 0.2215909999602291 0.27460216090062695 0.09822041868236289 0.12353283697334119
0 0.36657842532622764 0.0389434577212774 0.09807496801399936 0.0778869154425548
0 0.2532693559834553 0.10108504150557074 0.08848179201145401 0.09151756242753399
0 0.3190910665977304 0.48128298241201667 0.11457267202418073 0.1873082945496865
0 0.23386209126354868 0.49448422620309884 0.11406359468490823 0.1435582945496865
0 0.40029232920914215 0.8812992157421172 0.10176358935390813 0.15972542848861018
0 0.5040167658736877 0.8884424228594205 0.10161813868554467 0.14722542848861017
0 0.7874939792330047 0.6740779364852042 0.08853633601209018 0.09620506242753386
0 0.7122474365452328 0.8355413370940274 0.09215223201781733 0.13864765394280312
0 0.7277195372374589 0.6461759481541339 0.10806813335454457 0.16492311151914835
0 0.8253746925525507 0.7724517925443408 0.07296588001272682 0.09961710485118865
0 0.9508126865850037 0.5233769505700299 0.03239542401336308 0.10098841515269079
0 0.8402831719048681 0.6315239036044473 0.08237724267981754 0.10350737939699588
0 0.9442626945815039 0.549668383600568 0.04792951734563573 0.094451372729036
0 0.6414633165579595 0.7476584419452161 0.116643154678545 0.09693838606495575
0 0.22361329256845908 0.7044969549912714 0.09167951734563576 0.09802265394280311