0 0.7667414885781307 0.411921763858248 0.26844511452679143 0.17287253556536056
0 0.7508619151422027 0.08725140364300038 0.10890324855010754 0.10160534946188074
0 0.815822219081606 0.18542988441257802 0.11901195435896632 0.09117727171162175
0 0.830688357254107 0.25635881452020187 0.10026195435896632 0.09030397642635143
0 0.718798128200524 0.5823091925181298 0.16307053029369403 0.13838191149637388
0 0.6873919950024006 0.7091092870176119 0.13664974025173765 0.11846751778268043
0 0.8896560024755779 0.5260848095578032 0.1171893452307593 0.10821922249741008
0 0.8539175667879434 0.6484157278786027 0.09964664772027057 0.10273120181924558
0 0.4644765584895737 0.6509843796550671 0.202488227804183 0.14488877667402048
0 0.46493665454552585 0.7373756439230906 0.15802783278320492 0.13347608767505648
0 0.06959703059443301 0.6413270132345664 0.13919406118886601 0.12788105913900907
0 0.05496722945456826 0.5434545934660246 0.10993445890913651 0.1255908130679506
0 0.18298548567834558 0.24604443837979145 0.1384257278041831 0.14190501778268033
0 0.0616392994778686 0.3299550196447071 0.1232785989557372 0.11243584160399785
0 0.23189565974361787 0.2889189890417453 0.1618865385920638 0.12275691149637406
0 0.09922671493242119 0.21102092907416656 0.1095185551888033 0.08917812406898659
0 0.33456333153380513 0.04358291025802895 0.1022262734452168 0.05458480024766902
0 0.2369285470909262 0.1711321755595099 0.09124215186945542 0.09455482878371631
0 0.2984006885874194 0.05850158891791073 0.10184776514684701 0.07013702564056316
0 0.15520125994875494 0.3866887090579559 0.12220873195336797 0.1333647717116217
0 0.25115757446161324 0.7847002158823815 0.11766294191141169 0.11446922249741007