0 0.5040500481315056 0.80234375 0.19201944198043536 0.13125
0 0.7724437323606074 0.821875 0.09121580517696729 0.090625
0 0.6603840771412879 0.86796875 0.08485938936371688 0.115625
0 0.5819937666320616 0.8859375 0.08478379465362344 0.0875
0 0.295607487551692 0.74609375 0.1201290314288567 0.1578125
0 0.17443741381769903 0.69375 0.11013240514873238 0.1203125
0 0.2951539192911324 0.91484375 0.1010458314853265 0.0984375
0 0.18344985081881116 0.8609375 0.09388577886860805 0.0828125
0 0.29788813729757824 0.47890625 0.1322495998305908 0.178125
0 0.20689141097510158 0.471875 0.11747446828879457 0.1390625
0 0.427207971131392 0.0828125 0.11351501038216938 0.1515625
0 0.5316602527014231 0.0734375 0.10542949459715381 0.146875
0 0.7949128686699654 0.26171875 0.08587585779368574 0.10625
0 0.738767826435416 0.12578125 0.11600297355046649 0.140625
0 0.7308202765907079 0.2890625 0.11718604195220053 0.1609375
0 0.8390716633235888 0.17421875 0.08854583148532669 0.0984375
0 0.9373293398719443 0.41875 0.041761836746998425 0.1
0 0.8402106871422864 0.315625 0.08883425782192056 0.0765625
0 0.9325354240586939 0.39375 0.053442789391951705 0.0859375
0 0.6609697791509567 0.2140625 0.11372784200867017 0.1015625
0 0.22570784236160604 0.26953125 0.10784186305535756 0.1078125