0 0.38475593753851217 0.5364518366088663 0.17992798880184518 0.21128404002227175
0 0.8723080948065522 0.2622656178787783 0.10757754689043324 0.10116360534690845
0 0.7863957508251926 0.18052581655795955 0.10383724025173766 0.11360906134627213
0 0.7164743371328826 0.15558090790105 0.10097234937994451 0.09640338001272668
0 0.3926215174219321 0.2163302406110935 0.14415550954776962 0.17183973201781735
0 0.2560444773799758 0.23665292596277446 0.12881392946385706 0.1341942813494538
0 0.45620153319347906 0.05740205163909218 0.11801813942190069 0.11480410327818436
0 0.3328465435664413 0.07808590062063848 0.10878484937994451 0.09649428668045393
0 0.2980506881632121 0.444573966621593 0.14683022365499818 0.14533177601845365
0 0.20503439397207096 0.4565841653007743 0.14285311867597636 0.15465223201781736
0 0.2585897209324839 0.8829279419557748 0.13911281203728051 0.16709768801718106
0 0.34576948960381587 0.9170387652769116 0.12085971950581334 0.15283519334818116
0 0.658685731930146 0.8048996552355498 0.14900803029369403 0.13286813868554467
0 0.8371901628438956 0.7669167552116875 0.07102474025173748 0.11322725334181775
0 0.6303724003963409 0.7459064632400043 0.14896140871793265 0.1734567760184536
0 0.6869748300606906 0.8951155752307776 0.10035704274124875 0.10888519867918127
0 0.8697434763310685 0.697848581874642 0.07235044191141142 0.1101204346753633
0 0.7400667091096291 0.7610218385582777 0.10206125269929238 0.09017156134627217
0 0.8498919950024006 0.7332048265436419 0.08390324855010718 0.09776588534372692
0 0.4927171898135973 0.8216615359245942 0.15869160622842174 0.1782533640197264
0 0.1388020522657963 0.6610813086410012 0.12235044191141169 0.11070223734881743