0 0.3695973784633075 0.6093794239023709 0.1584443004748537 0.18994441149637406
0 0.1506007082341279 0.21532540115729182 0.10277331050398356 0.0999700748547749
0 0.11660144444407439 0.33389131058675126 0.11334709765100212 0.08797949710451584
0 0.11090302540202905 0.406183687551222 0.10879598997087014 0.09244867328319835
0 0.29375995566033847 0.711173056243525 0.17472251834240007 0.15949493217453856
0 0.3577435508040582 0.8186987659206535 0.13148934389007838 0.12159251778268043
0 0.0932143863808663 0.6831079065339754 0.11334709765100211 0.08797949710451594
0 0.19189123027094468 0.8031721575674325 0.10934155925034231 0.11119867328319835
0 0.3034926568348374 0.6702762284932661 0.19351798244902269 0.16193072745980874
0 0.5704193955520663 0.7810126370941559 0.14917694906292792 0.13958053846084476
0 0.9299627735548206 0.4688274301031147 0.14007445289035872 0.12261136228216234
0 0.6896033722616084 0.21156277791236552 0.15736988229073817 0.09939218610347991
0 0.8658990993003547 0.2642447839082216 0.14219952335696498 0.1142894400324213
0 0.7148594365265156 0.2751543970189534 0.15300063103709682 0.11011136228216234
0 0.8012933785298145 0.1621514369275402 0.10750627461060631 0.10175089867609244
0 0.545463264185765 0.0573932005763913 0.10279003087881229 0.04691784946188073
0 0.6630348605831259 0.15649213419867183 0.08857441818411545 0.09462760339082217
0 0.5650854423990104 0.061427883165214525 0.09860263605166182 0.06388702564056317
0 0.7862774469513568 0.34323661703516406 0.11126777210332381 0.12377144789030421
0 0.7877289160060374 0.768508444785423 0.10612563103709682 0.10792812406898662