0 0.6463569615391552 0.15291229742199594 0.1405950748547749 0.10158177601845368
0 0.8645739605056979 0.2508156374522218 0.1109075748547749 0.10123633068109025
0 0.8713440372224998 0.35720199745381265 0.1027312018192454 0.09333292401336299
0 0.887362835403254 0.44962585478990336 0.11723034946188093 0.10287155601527206
0 0.6773349021952584 0.7129509160964046 0.175372489246633 0.1441510840229082
0 0.6042355423942954 0.8223162780871778 0.13841614474715094 0.12185791335136287
0 0.850716744213541 0.7329468847867218 0.11446922249741007 0.11064769334818117
0 0.7609029193587661 0.831956002108495 0.13343754631872748 0.1155533693507266
0 0.4150189927657989 0.6723782707272246 0.19277831306795062 0.1490385786919079
0 0.3904127909465533 0.7643294133911337 0.15894696856846852 0.12678177068745367
0 0.06946266770162704 0.5017084980108176 0.13892533540325408 0.1252919960216353
0 0.07376277378079094 0.39630338267822673 0.14752554756158187 0.11588063335454449
0 0.1083367690255346 0.32565507535009014 0.1262800177826803 0.12952496268299923
0 0.16824692411176784 0.19737608135740797 0.1507705955329393 0.11887836401972636
0 0.3238226819696507 0.23045330537872516 0.16788532092583344 0.1175158586887263
0 0.23213394975233098 0.10119197203213488 0.12050089867609248 0.10603291868236293
0 0.23776321153915525 0.14815787869986213 0.1640325748547749 0.10185449602163539
0 0.37742717907416656 0.12007942671863396 0.1109075748547749 0.10123633068109025
0 0.4317016102152477 0.04567032005886093 0.11784677956950454 0.08257723734881747
0 0.23839029611383983 0.2857396947008166 0.11446922249740998 0.11064769334818117
0 0.18322102915972902 0.7150181146960441 0.10367727171162171 0.11364542401336308