0 0.5437816331193226 0.3530501936039746 0.1870205332781829 0.1526351623713949
0 0.20598420942151163 0.8643387141902341 0.10023755357072248 0.10369769262201593
0 0.32492907833407936 0.8972370517206434 0.0879284683433748 0.11456246974937905
0 0.399819984178278 0.9030507144848215 0.09253414772652384 0.10990224082661797
0 0.6928547382354677 0.7185519528755526 0.1624023628234877 0.1743647166261212
0 0.7971661371798076 0.6499832391762979 0.12416597727182861 0.13195904800821018
0 0.6784671355582498 0.91627183538911 0.0879284683433749 0.11456246974937905
0 0.7927671891289721 0.8124923295353774 0.11470915665497756 0.12721700585373236
0 0.6548871339333966 0.7008059166730032 0.17194100405718976 0.18379425878059868
0 0.7453929517075786 0.43858719692362425 0.13855575973923262 0.15079086123992677
0 0.41035507305248303 0.07632335719331292 0.12454780681713333 0.15264671438662583
0 0.16972652435302452 0.34585233460354303 0.104208033278183 0.15215337334017515
0 0.2075652637997177 0.14721484670379142 0.11339211850553062 0.14127041549465286
0 0.22664472605730784 0.30724383167667674 0.10813187418757346 0.10843064441741408
0 0.11108000162485307 0.2149568586076481 0.10185460064862313 0.10683178298109555
0 0.025971480318016178 0.4779431928184076 0.051942960636032355 0.10501475292686635
0 0.11558844927194664 0.3594472019917898 0.09713982710967278 0.10524201190385671
0 0.029294213475406145 0.45215285245932807 0.05858842695081229 0.09881929508134384
0 0.31490443100800203 0.21845806674775797 0.14052736282348768 0.1742374515990064
0 0.7195373839301015 0.219228663746137 0.10813187418757338 0.10843064441741398