0 0.40619533694633975 0.732302616480231 0.18895835099579195 0.13446827759614005
0 0.8317063238691318 0.17364899635314263 0.08748513103285874 0.09053527110331835
0 0.7195262715995463 0.12173371469651742 0.07391370435383635 0.10435230925276531
0 0.6490600041763512 0.1050059107187579 0.0799454495445131 0.09821140340856664
0 0.32731643503172475 0.2410111891256769 0.13983137023308564 0.1585955243497293
0 0.2123982739617991 0.28986352069957655 0.10560021397248329 0.11739778003177212
0 0.37942211597191633 0.04892576217651226 0.07235120435383653 0.09785152435302452
0 0.24765127159954642 0.1299703234595201 0.09762402286549074 0.11257391233702041
0 0.3690401435619125 0.25355605357401767 0.12976688947037926 0.18340460957707683
0 0.2227281056354793 0.5082998750016476 0.12020835099579186 0.13326824188232517
0 0.48235106526197535 0.9214821189158631 0.10480160580511537 0.1392455064928221
0 0.7676065520999494 0.6900785657521776 0.08303573320977709 0.141988676947517
0 0.6921724985644196 0.8826848514659925 0.09509922359113006 0.12970686525911965
0 0.7008257906672041 0.7466791676186167 0.09077382213985138 0.09527731818121907
0 0.8001139733366761 0.8323927508173694 0.0876488221398514 0.09522277110331849
0 0.9367509109002896 0.5864063206234416 0.04093751324684405 0.0990920649348082
0 0.823638297290626 0.6953467183499654 0.0838690577118811 0.07641822402541756
0 0.9297370190676577 0.6083904147792429 0.0594146947351895 0.09160684740221221
0 0.6123337203414513 0.7989740990303605 0.12791172359113007 0.130279609577077
0 0.20646815545799405 0.7279811294658746 0.09535219473518967 0.09223413879807012