0 0.20457202524605198 0.5298303765220579 0.23420785672980182 0.12968672637227668
0 0.2289114279449714 0.8596294468254996 0.09562551779449713 0.09190019970043757
0 0.1683320722037528 0.7487877995506563 0.10350168479069155 0.09410042848861018
0 0.1510862223940332 0.6695148877319456 0.09068334980971962 0.08526756242753386
0 0.25764399262280724 0.37998961531217024 0.15876218775644108 0.11262703000581897
0 0.29760846494247833 0.2524384422835718 0.1211985207602467 0.10800343182259017
0 0.09353241307904274 0.3845022878817268 0.10844385277546911 0.10073306576151389
0 0.13016363836446337 0.27069475045904196 0.0864415187830803 0.09582242515463033
0 0.5178984017103362 0.3654160297159549 0.18439885771838505 0.13029276212797153
0 0.5190842169196447 0.27986116698885855 0.14045785672980174 0.12203398091420459
0 0.9259284538209176 0.47845674533738586 0.1481430923581648 0.1154969384905499
0 0.9389510479462839 0.5821397257925486 0.12209790410743224 0.11460411818710821
0 0.7958641645990985 0.8428386254832878 0.1187101907221905 0.12337334030732094
0 0.9283782342570313 0.7890275835186751 0.1319450197716634 0.10420875212603206
0 0.7394894891999473 0.796968273966079 0.165839858706968 0.1334497130363573
0 0.8798690914811246 0.8979722777591007 0.09830484882113666 0.08121779121570682
0 0.6475897851690648 0.993892554177173 0.10120967292769337 0.012214891645653836
0 0.7569727609487771 0.9011774129059725 0.08905718281352507 0.0835775166698994
0 0.6745833666899956 0.9870286596323357 0.09090884288963749 0.025942680735328592
0 0.8270757194282836 0.7106797007876994 0.09552735870696835 0.1277101539428031
0 0.7326373809500896 0.28483493578478986 0.10401102076024671 0.10660042848861026