0 0.13323580563149529 0.5508999455488821 0.26647161126299057 0.1500283128389331
0 0.862757870308102 0.2386843510845859 0.11001016508343398 0.10217155405833438
0 0.8861400593631112 0.35916956790709864 0.12045634215265544 0.09286018657189174
0 0.8913388144514938 0.4389116100615763 0.12358134215265544 0.09287836729005097
0 0.6793523123037872 0.7111991796380048 0.18294305404758598 0.15258062021691715
0 0.6095577114447046 0.8202014749157402 0.15983974672063966 0.1290158551898025
0 0.8761044815710927 0.7146883148820365 0.12029256784239592 0.08973518657189175
0 0.76412238071201 0.8234451704646226 0.13582903663473136 0.11794199980360816
0 0.664338143940993 0.6845412308676687 0.1975787641334943 0.16359993344863372
0 0.3949872783825893 0.7540896198241337 0.1604948439616777 0.1415158551898026
0 0.07250854618989899 0.39736133421075953 0.14501709237979798 0.12748062626704143
0 0.30221651797868143 0.16821523145684394 0.13853795680654796 0.1398260901626879
0 0.14897533129852153 0.19936471662612099 0.14824714947960166 0.11645222267624522
0 0.33352074966131573 0.22700896935659554 0.17899918249628843 0.13693743949875795
0 0.2233788670287417 0.10680048760516399 0.11469766508343389 0.10219882513557321
0 0.4921941440525347 0.0325600534691592 0.1092798247398008 0.05843064441741401
0 0.3688584633652686 0.11936918617910826 0.11453389077317437 0.09907382513557325
0 0.46698942616471034 0.03632085772388532 0.10352114767057934 0.06776928298109554
0 0.203358536861874 0.3098709454506863 0.1925637155129752 0.1573226623713949
0 0.19514440864031415 0.7201044635028631 0.13895403663473135 0.11796018052176756