0 0.12833202216875933 0.68515625 0.24269151878308032 0.0890625
0 0.7852305513691441 0.1515625 0.09106535178688588 0.0875
0 0.8464943621298282 0.25859375 0.10474584980971961 0.078125
0 0.8659672623201086 0.33671875 0.10500051779449712 0.084375
0 0.7325857820545911 0.63828125 0.16051568874502423 0.1046875
0 0.6858951713704566 0.76796875 0.12288835475263546 0.1015625
0 0.8984163704956043 0.6140625 0.1038200197716634 0.09375
0 0.8537657622829276 0.73203125 0.08494268577927463 0.090625
0 0.4670271076440229 0.675 0.1860886917107738 0.11875
0 0.4642111723590398 0.76328125 0.1420203567298018 0.1109375
0 0.07116873342264131 0.60390625 0.14233746684528262 0.103125
0 0.060108534563230065 0.50703125 0.12021706912646013 0.0890625
0 0.2292087030422992 0.22265625 0.1058918557412186 0.10625
0 0.3117386546389047 0.05703125 0.10321784190105418 0.040625
0 0.2717662761602731 0.27109375 0.16077035672980175 0.1109375
0 0.13880387893574217 0.17890625 0.10005834980971957 0.078125
0 0.3730899901141682 0.046875 0.10309050790866543 0.0375
0 0.2794752998862693 0.15859375 0.08000051779449713 0.084375
0 0.3571148216350991 0.05546875 0.08873884783255317 0.06875
0 0.17083383444949934 0.38984375 0.18152852570316255 0.121875
0 0.253450085895193 0.778125 0.09782468775644108 0.1