0 0.12923648546386465 0.3445665179821827 0.11168290944452863 0.12941587468172652
0 0.22031197911915287 0.13180234130331955 0.09903746369925477 0.10427042401336303
0 0.34160571701890446 0.09601828795354758 0.08974427693097127 0.11822383601209037
0 0.42222445794371816 0.07125119464116027 0.09459540339440445 0.14250238928232054
0 0.6851370275201465 0.263884303906777 0.12286584913967821 0.1717306440165447
0 0.7953472987937771 0.38759342922505047 0.12567268657189173 0.11707950668363551
0 0.6964068465073996 0.07235987523873162 0.08660109621281223 0.11506247334499946
0 0.8083523346035429 0.16636331922345962 0.11803290339440445 0.14667610001590833
0 0.7456200095661656 0.34130023189850467 0.16190107806243947 0.16749767735518084
0 0.7570291664766116 0.5286547812301411 0.13818177693097128 0.11878745735199914
0 0.40716850439980423 0.9116063779440026 0.12595448770335976 0.1655170066836355
0 0.15923149503003028 0.694193800644501 0.10070904800821019 0.12303860534690844
0 0.20449347717424526 0.8366262013049104 0.10238063231716561 0.14180678668045382
0 0.228036037184508 0.6840188219685015 0.11949540944452863 0.1295067813494537
0 0.11028038974203191 0.7830386719844098 0.10061814441741398 0.10741360534690862
0 0.027508607291508773 0.5356011453294093 0.055017214583017546 0.11161020934118149
0 0.12127295277735672 0.6391704933163644 0.09740224082661783 0.09175224267981755
0 0.02891884377692518 0.5808863733290911 0.05783768755385036 0.09756589067472685
0 0.294015040307766 0.75668361529282 0.12417381908544903 0.12799882535009033
0 0.2396679078924045 0.8330921213001379 0.09286927693097129 0.11826019867918128