0 0.5478633601209035 0.9053678523908395 0.06504538669636233 0.18926429521832092
0 0.16931471602481704 0.19255006299888783 0.08699201734563582 0.0956302893919517
0 0.28042439135104463 0.14671318920842508 0.0746556493475448 0.1089647472985769
0 0.35670508068109025 0.12695369703034567 0.07781701201463562 0.1122717578219206
0 0.6552164007001803 0.284869696747997 0.10496131468808993 0.16381884727034207
0 0.7819794427116342 0.3765706203125808 0.11241018801718106 0.13302387357870132
0 0.6295425966740906 0.09131711782291925 0.0715306493475449 0.1087827367752332
0 0.7555062073519991 0.1814100387566672 0.09665791868236298 0.12117632096198276
0 0.728699901376498 0.36019519141573797 0.14867495202099903 0.1632419945971538
0 0.7653657494032241 0.5590723071725187 0.11869655068427196 0.13651289462538863
0 0.4889156214592215 0.9397659682182073 0.10481586401972631 0.1204680635635853
0 0.22749522143535894 0.7643032366340587 0.11222837468172661 0.11739887357870131
0 0.2791133601209035 0.906277905007558 0.09369655068427196 0.135056810438639
0 0.2683196687619047 0.7167148760683629 0.11437267735518084 0.16748987884037306
0 0.173853148114222 0.8509618024755442 0.08704656134627213 0.10031778939195171
0 0.046752656747269014 0.5960706341726322 0.03085110534690847 0.10172909997176519
0 0.15654637476126837 0.7055204998588257 0.08388519867918127 0.09701077886860787
0 0.052530489417541584 0.6229516525884836 0.05576019867918125 0.09537268415851478
0 0.3750792934436313 0.8337952312312126 0.13314085868872622 0.17014444198043535
0 0.7509059967774949 0.8595882466632924 0.08243288136536223 0.2405787683452644
0 0.32834120078767626 0.9099258207502213 0.11210110534690845 0.10646137357870131