0 0.1394668680776328 0.5796104472421072 0.1258010733609078 0.21031441567207612
0 0.18174199069063526 0.18702810509226264 0.09013519867918122 0.09737479991529537
0 0.13151581870622547 0.2988686814570916 0.11340906667727224 0.08467737884037305
0 0.1175447727164068 0.37300413147120903 0.0915522480108177 0.08496580517696728
0 0.2615787727561777 0.6741633550216755 0.15906701201463563 0.1170040314288567
0 0.316167370106586 0.8030387839185182 0.12151246801399936 0.11013240514873246
0 0.09429127542167774 0.6558320420227876 0.10267156134627213 0.10122784200867016
0 0.14797135343726792 0.7737244682887946 0.08388519867918127 0.09701077886860787
0 0.5289389954248594 0.7045690047675617 0.1857931440165448 0.1326136208772782
0 0.5370065814369498 0.794041028445085 0.1403715560152719 0.12059946828879457
0 0.9233124200349984 0.6213888386013753 0.15337515993000322 0.11360601564384112
0 0.9305612986950896 0.5220258754330784 0.1388774026098208 0.10680998407380997
0 0.7382738013605896 0.24364472824744093 0.10437951201463562 0.11381884727034206
0 0.658303396005727 0.08050071516384846 0.10692270934118149 0.06400085779368574
0 0.7037266260343621 0.2939408598598243 0.15285337468172672 0.11976501038216938
0 0.82595506735359 0.19722402553190038 0.09780224801081765 0.08532982622365463
0 0.5754454426718635 0.07177118629524046 0.09885567067154533 0.041670831485326486
0 0.6852391606858628 0.18122105198143396 0.07910679201145392 0.08892526308359243
0 0.6333488493395907 0.08295088097709888 0.08653748400699968 0.05656778939195169
0 0.7977589840467706 0.39076192292929934 0.12641814401654478 0.12915542093374793
0 0.7463270374363133 0.8015482335091126 0.09649428668045382 0.10711382096198285