0 0.5610715836316195 0.8493218346808599 0.16065777054543168 0.2520314788121382
0 0.20029818176216407 0.7793095264495336 0.0978473493799445 0.10059080517696728
0 0.3047614614311581 0.8116754344408633 0.10146925684847723 0.08680132096198286
0 0.38680528944047826 0.848485918726435 0.08823555103961844 0.09691977360693613
0 0.6875846942097187 0.7273873795462448 0.1230142153566284 0.16583637357870132
0 0.8151526645407247 0.6815071901966455 0.11392263527271602 0.127972352532014
0 0.6735491954591186 0.9149629742563381 0.1107025468904336 0.1060063472703419
0 0.7857522749183312 0.8527143322617853 0.10061715186945541 0.09608531570031076
0 0.7132429319626568 0.4653732269577612 0.13908950124939992 0.19321792093374798
0 0.7983399823775753 0.4596321901966454 0.13264932448483524 0.1492859104104042
0 0.6241730510396184 0.06918867921448513 0.12289581618646536 0.13837735842897025
0 0.515484212657336 0.056934726534238186 0.11221842531467204 0.11386945306847637
0 0.24440580851279559 0.25334699495008967 0.11141294191141168 0.11538134727034206
0 0.3123359018694554 0.0728334713431535 0.11041912697434615 0.14332433674699835
0 0.30076255228901827 0.26183505816073904 0.1311819128671175 0.17097889988706055
0 0.19864117738926462 0.12575261596854218 0.08245914772027052 0.10280575256024874
0 0.07848665581814761 0.3626673289956649 0.04507754689043353 0.10218412628012441
0 0.18724450394869221 0.2653079396319481 0.09519594606059653 0.10665879465362353
0 0.08446396868062074 0.33799355268730563 0.06022895020978143 0.09684417889684287
0 0.38457960000464436 0.16671300298377179 0.1275348493799445 0.10231990514873238
0 0.80513074357573 0.2489376139024036 0.1044525468904336 0.10564232622365462