0 0.89489104527373 0.4914815307229851 0.11442722135581711 0.17217737884037304
0 0.19011844521805074 0.8608674234939967 0.09320565467854491 0.09286931043863902
0 0.13361500123332276 0.7450002288121382 0.10712270401018138 0.08118835779368574
0 0.1133394112428678 0.6734591577795683 0.10092724801081769 0.08551183674699843
0 0.23575294995227494 0.36553180766662885 0.15924882535009016 0.1326290314288568
0 0.28170234396881966 0.2462504576242765 0.11996814934754481 0.11160389988706054
0 0.04790005597550113 0.39978716837349915 0.09580011195100226 0.07769933674699833
0 0.12269042329727438 0.27295092356458384 0.11518974267981759 0.10351838410204497
0 0.24776205394654793 0.4084473497600036 0.19367836935072644 0.13931864718563744
0 0.5003250746340016 0.26992869425833543 0.13733746268299923 0.12822995776545093
0 0.9238785639322303 0.5533668806947502 0.14184314934754488 0.1128779735504665
0 0.7072610392266412 0.8276634124765427 0.14471361067790872 0.09118498407381033
0 0.8948615839035952 0.7627572912463287 0.132359061346272 0.10295694198043534
0 0.7345144299013682 0.7698355019249642 0.09498633068109026 0.11171031570031094
0 0.8483036625557323 0.8671493886578452 0.09791133601209054 0.09470482622365459
0 0.607650295870506 0.9833370813088586 0.1020352146721816 0.03332583738228294
0 0.7089684425525506 0.8824874203690506 0.08535679201145392 0.08928928413027996
0 0.6327321118714604 0.9767797562947411 0.09284202800763594 0.04644048741051776
0 0.8107507605824583 0.667953754485213 0.16241018801718105 0.13593604195220052
0 0.7208284786362287 0.26635418615406614 0.09796588001272681 0.0993923262236546