0 0.8924487890800172 0.33027491987125923 0.08525260339082194 0.09161905347041017
0 0.8228489567816443 0.1148955743304052 0.09179370181924548 0.09830609604505716
0 0.7130715423897861 0.0802470587430649 0.07875004631872748 0.11919775025210155
0 0.6326199090151746 0.0694131015698134 0.08525260339082212 0.09161905347041022
0 0.3518151728689135 0.2332670600035726 0.11211050992479751 0.16669546312533629
0 0.22541964681406562 0.29618731310566576 0.11029114474715103 0.1276329631253362
0 0.345481627997928 0.0636265493599109 0.10153257485477489 0.10677415990702759
0 0.2332577638537389 0.12790720666904842 0.08986732878371625 0.09038433540139543
0 0.35097838068401516 0.5013832754746973 0.13180657981717356 0.18831909084927717
0 0.2599723910230974 0.5163687731289089 0.11592471463952717 0.14827324505632156
0 0.4818175816746912 0.8872665091310525 0.11338191149637389 0.16055472376899793
0 0.5806553420137734 0.8889768385803631 0.10371581306795061 0.1536491599070274
0 0.8483200692686943 0.6617705743304052 0.0855437018192454 0.09786905347041035
0 0.7959314315508567 0.815922478789551 0.10654971463952716 0.14761768119435104
0 0.7796792311793531 0.6689217926515216 0.10447779238978612 0.13657092055068923
0 0.8936754187305752 0.7604922975952 0.08895980024766885 0.10433757475773361
0 0.8933029294839422 0.6178677550205531 0.0896490049623985 0.08569683540139543
0 0.9776071352343838 0.5424528557571874 0.04478572953123248 0.09299588317182242
0 0.7084613566960819 0.7217132929036231 0.10167812406898662 0.10989915990702759
0 0.28073446298238813 0.7265414486232767 0.10792812406898662 0.11033620248167467