0 0.4025509678010394 0.44579246399954897 0.24329066191590928 0.1508767414506252
0 0.305852093361353 0.9057285488213196 0.106125631037097 0.1055252610179167
0 0.2272748008040581 0.8078709706490628 0.13094377461060622 0.09985714247680581
0 0.18779711216597147 0.7390293984607293 0.10268238229073816 0.09451502583555574
0 0.2315792382550105 0.41917214656086826 0.17578491316955053 0.1383754350298613
0 0.2440528430321486 0.2843977562682641 0.13787573620994645 0.12344011284152785
0 0.07301423198680433 0.47013196846486116 0.11724498746358766 0.11202983415618065
0 0.0897123355103012 0.34638599715020846 0.09822220282385159 0.10221842306201392
0 0.4813769982841404 0.3375455125365282 0.19806909012915472 0.15294708130638907
0 0.4608395262599589 0.24884603523795173 0.1585064849563052 0.13485039152687514
0 0.8921099098043384 0.34007893901701464 0.16935305674305995 0.131979964665139
0 0.9246573280217074 0.43390232740975776 0.15068534395658517 0.12405836189159736
0 0.8452913634196128 0.7434026543477438 0.14620506175762457 0.0877208183886113
0 0.9309534494586394 0.6558500625921189 0.13809310108272116 0.13172539152687507
0 0.7947996184341777 0.6985070752255562 0.19145537727617334 0.14030161094166688
0 0.9311068429656416 0.7680409380670842 0.11219377461060631 0.099420731382639
0 0.7315340549606931 0.939058033622431 0.1031082796251713 0.05548889342673604
0 0.799658266164322 0.8118246928167367 0.0918358105039836 0.09738545269729179
0 0.7584458959477777 0.9248507164680909 0.0957049565847754 0.06936955547083343
0 0.8313388605166189 0.6126975150050702 0.13291545157021015 0.11395601006798621
0 0.6570181927947217 0.2026652855222922 0.12215980799670109 0.11995143692972228