0 0.3559978461909868 0.886457499647064 0.13444891233702042 0.10148544724210709
0 0.12926379667745416 0.7934832314429743 0.10319891233702042 0.09966534200867017
0 0.11234112378712695 0.687703668302912 0.09683981818121903 0.09305132096198285
0 0.0873468522767715 0.5963128288544907 0.10942163879807006 0.09846686305535748
0 0.2710668819015065 0.3309516813159173 0.15999438311602718 0.1341915314288568
0 0.3325283076312075 0.21487863125944756 0.1301159683433748 0.1215249314570916
0 0.0954629099046837 0.3105573393778343 0.10492505357072243 0.10913134727034209
0 0.16136637378383165 0.20881980510638004 0.0922886858759707 0.10059080517696725
0 0.5372003965120031 0.36209307843096755 0.18203302434972918 0.14484060509226265
0 0.5521316956184986 0.26833537315517825 0.1488659683433749 0.1226169945971538
0 0.9113355515454227 0.5230878464938831 0.15511596834337454 0.12298101564384112
0 0.9118247008967998 0.6294743543863909 0.15338982710967244 0.11351501038216938
0 0.8753865945661339 0.7008642359987742 0.11465460957707663 0.12998987884037305
0 0.8301268672943051 0.8296115913027986 0.14565914772652383 0.11774748407381005
0 0.6763842585280072 0.8112725730281213 0.18332278896022594 0.12930661035393448
0 0.7618114695677813 0.935118867681745 0.10451595048646727 0.0856938472703419
0 0.6838597934310433 0.8758356019673166 0.12016822402541756 0.08816639988706036
0 0.6300256814183344 0.9133664230704737 0.10319891233702023 0.09966534200867017
0 0.5620784764676403 0.9793968865917065 0.10594208279171564 0.04120622681658688
0 0.7565178177807725 0.7455558387425498 0.10980346834337489 0.12034186305535748
0 0.7679652013005416 0.3137521018967294 0.09719437418757355 0.11336382096198286