0 0.14510137367201342 0.5824557642034595 0.27987195079743066 0.1470149163942102
0 0.12176132475378451 0.24206654342445272 0.10548889342673622 0.10336255357072241
0 0.08449510125493025 0.36568527556754526 0.11457295269729176 0.09102619480442442
0 0.08914492724298576 0.4345443697233466 0.09912979065319454 0.098565959414921
0 0.2696448191511105 0.7049910576279121 0.17500261284152788 0.1373750892845374
0 0.34040930119933954 0.8211166639585782 0.13717530452090285 0.1226580243497292
0 0.10434647426135357 0.7216449492686513 0.11660823138263901 0.1113659683433749
0 0.16989677944784654 0.8267375982129911 0.0977127610179167 0.1047886858759707
0 0.5053647668144092 0.6848769752399384 0.148512848023889 0.14003643912238176
0 0.5551452548465619 0.7623395020252997 0.159450348023889 0.14022735389503396
0 0.9080572749825343 0.509019227672275 0.1639560100679862 0.13249667451188502
0 0.907332536000451 0.40583968059437436 0.16086737765916687 0.13400462743398442
0 0.6882961677436804 0.1792696777550006 0.13921058320625015 0.14299779788867956
0 0.8399859543128123 0.1764464610331836 0.17932643692972228 0.12183190990138844
0 0.6463619344611804 0.23481056574229178 0.17187761284152786 0.13732054220663673
0 0.7555395255512153 0.11088391639091488 0.10999455547083344 0.09563187418757346
0 0.5142073171543402 0.03633038108413702 0.1090853656913195 0.05656937418757346
0 0.616076982048229 0.12564407142433462 0.0912809230620141 0.09686709172016937
0 0.5344470819719792 0.039809937090491444 0.09985583605604162 0.06265573295387142
0 0.7578975400845136 0.3117878973161914 0.1454242156150695 0.141544392044481
0 0.765447628421666 0.7261504062446452 0.11831620174736113 0.117643241882325