0 0.8801081181738137 0.5317392811421084 0.23531130698520072 0.1786973755244535
0 0.2021042753788472 0.8625628900466007 0.08955337939029935 0.09112375269929238
0 0.1472491246167214 0.7528909695058134 0.11764201795398091 0.08700493776222676
0 0.12346216667300322 0.6768370323682864 0.0879545179539809 0.08475535352912936
0 0.2393018318730685 0.3800114217901872 0.1568772347764936 0.11965241701630233
0 0.28067678649713695 0.25418355021442585 0.11934087334017515 0.1105608369323898
0 0.07197797648687423 0.39078021058274365 0.10054542154477705 0.10132754689043351
0 0.11563759377692517 0.2752861877622268 0.08175906010845861 0.09365675684847723
0 0.5035779553114395 0.3633021315477382 0.17725336729005098 0.13212910622842172
0 0.5033239461380573 0.2726179319626567 0.13812723477649377 0.11823162697434615
0 0.907851843973317 0.4650612666199615 0.15059087334017535 0.11292882033565022
0 0.9244575609922215 0.5663636574917547 0.14586701190385654 0.10632362282516113
0 0.7586997090238727 0.8453379946246372 0.1129636083130606 0.08821224025173784
0 0.8880377510801545 0.7808871761630867 0.1412340540583344 0.11534342531467204
0 0.7316968474893584 0.7846722591467843 0.1568772347764938 0.11965241701630233
0 0.8507008566627405 0.8843547956642557 0.09734769867214013 0.08859074855010754
0 0.7099485916356258 0.8955738703495835 0.07549087939029935 0.09005816016782511
0 0.6343440827568313 0.9824390660862191 0.08311248184962743 0.03512186782756181
0 0.779812160622879 0.7093771838367565 0.11923178903121964 0.09181083693238978
0 0.7065171238311544 0.2762910740838499 0.10526928298109546 0.10793274440092268