0 0.47125141579918567 0.8690574686121707 0.10191865514950216 0.22805556733052795
0 0.16716081431339933 0.16487348793428241 0.09507027297895924 0.09686013103285877
0 0.28432733035252833 0.11245283766412997 0.08337130937615385 0.10892362141421193
0 0.3615103940476188 0.08793149810108344 0.08669656847545237 0.11215774881887364
0 0.6447665777316347 0.22926330391404798 0.11812584361388012 0.16470239546082904
0 0.7617154434016233 0.3140425532810758 0.12403588217054295 0.13528771397248338
0 0.6407263271133259 0.04563735989664854 0.08024630937615385 0.09127471979329708
0 0.7570441371077885 0.11933025400671522 0.1091723457733483 0.12229664065150563
0 0.7103229241232919 0.3010266873091595 0.16167558451458142 0.163105179126093
0 0.7250503508674775 0.49694682251836947 0.13048614126984165 0.13863096878180664
0 0.4039544918327772 0.9096031122589012 0.11732480721668548 0.152202395460829
0 0.1626447786913971 0.7340674320364998 0.12303458667404979 0.11966271397248321
0 0.19894561922295823 0.8731100846689049 0.10538601172019231 0.1361954495445133
0 0.20949879473052607 0.684102148371236 0.12780123226282802 0.16971727767481415
0 0.09922502391103515 0.8235862890227417 0.09537066162790724 0.10154763103285873
0 0.01005626349667706 0.5768427529952249 0.02011252699335412 0.10276290145127884
0 0.09754950725359735 0.6794369849390576 0.0921455320782579 0.09987600362819701
0 0.01730815777500851 0.6024603118882323 0.03461631555001702 0.0957688569862416
0 0.3029705876061256 0.7946452895708956 0.14352636181247735 0.1718254146981227
0 0.6597817921096324 0.7977752017371297 0.11565978253968331 0.27218751324684387
0 0.24420805444813354 0.8723089873013101 0.12303458667404976 0.11966271397248321