0 0.670890081697088 0.09374310824551162 0.08690627872743377 0.18748621649102323
0 0.14092842185138113 0.824346940447404 0.0977388209619828 0.10283769970043757
0 0.2539597718937334 0.8594398043824484 0.08762036831702939 0.11600737939699571
0 0.3310382113845072 0.8710312665007216 0.08762036831702939 0.11600737939699571
0 0.6365965085983796 0.6843613454289772 0.14383954721387227 0.17346893515657005
0 0.7523194901119409 0.6064918237581078 0.12575740514873246 0.13000597758022464
0 0.6025190982585624 0.8823045089146779 0.08449536831702957 0.1157522878817268
0 0.7297634086972016 0.7801684398191842 0.11169490514873245 0.12885806576151387
0 0.6142510717384416 0.6675245317934951 0.15890310509226263 0.19180434697528082
0 0.7306474293909531 0.40454655754725033 0.1347529735504665 0.15095620636839743
0 0.44411475007058715 0.058211757416865816 0.12114549985882572 0.11642351483373163
0 0.18512834499244196 0.2523603701439622 0.11905237884037315 0.12168329454968659
0 0.23490707906625205 0.105230407566647 0.10938895250377903 0.14266547424624476
0 0.2321629687123176 0.28584267877847436 0.11802049985882564 0.1573657030344174
0 0.13075863438439367 0.17126960893407456 0.09801183674699834 0.10752519970043757
0 0.017689851498944604 0.4339127433320402 0.03537970299788921 0.10695137272903601
0 0.11590863715640394 0.3194360419646127 0.09497784200867018 0.10883260818516849
0 0.024163512015229583 0.4085301060591366 0.048327024030459166 0.10028678454774695
0 0.33219233176767515 0.17037743332040223 0.1505445735222315 0.1817916181871082
0 0.7349610159967771 0.15693810497187483 0.11316639988706054 0.12742311151914837