0 0.5578260136688803 0.8866444322225228 0.13045159654926017 0.22671113555495453
0 0.9189277686125589 0.7885334038090133 0.10019637797604233 0.09382391233702023
0 0.8170481943590282 0.84917880316039 0.08966306956195354 0.12173072402541782
0 0.7463040056231086 0.8752543335991992 0.08925887797604233 0.09363299756436802
0 0.4293189653942502 0.7721842861175567 0.1268788462971587 0.16295574188232517
0 0.295665231233692 0.7355183088457282 0.11488159084927707 0.12529210064862326
0 0.47371309362239405 0.938382030435514 0.1057579631253363 0.10640573295387128
0 0.3500517184963433 0.8995495811668626 0.09663433540139543 0.08751936525911966
0 0.36023655758090956 0.5095791461016708 0.13945525595208483 0.18658415665497757
0 0.2707752198337256 0.5134796676120261 0.12400521857321785 0.1441784683433749
0 0.3809382795851967 0.10262576257860642 0.12030106436617354 0.15815914772652379
0 0.48097113057393237 0.08252354261037853 0.11819226114786474 0.15031937418757346
0 0.7830302933309515 0.2399538076246169 0.12439870248167448 0.10517051542127549
0 0.7015785615161819 0.11290433806342612 0.1227705005042031 0.14883869480442447
0 0.7304187455605244 0.26868673376135505 0.11797373986054147 0.14719437418757347
0 0.810631133423924 0.1436788254815244 0.09293018119435104 0.1015000446422687
0 0.9725676767548755 0.3727914013733812 0.042820920550689576 0.09906479139585782
0 0.8483710700661566 0.28166974918263055 0.09296303218308673 0.07965231818121907
0 0.9630998416055817 0.3601413969091543 0.06080609604505725 0.08845457386326191
0 0.6463061894922243 0.20401453327488767 0.11524222376899793 0.10813187418757346
0 0.2330792058358692 0.30916431452777104 0.11211722376899802 0.1080773271096728