0 0.4903909051845817 0.8075461581423167 0.16060247521231438 0.2736774366422325
0 0.16951318572171153 0.7246561565528329 0.11085817049962943 0.11335194183801285
0 0.27070383030235956 0.7851787572894671 0.10351456220555537 0.10041489926336596
0 0.345215106221341 0.8192698980028581 0.09937386635259245 0.10633711733238052
0 0.6580575673428688 0.738441607017695 0.14146291300675884 0.17916261213660042
0 0.7922179538649985 0.7086234310191241 0.13036958812453675 0.1411163089182919
0 0.6208192819047668 0.9147580885803631 0.1270887632423147 0.10361630891829207
0 0.742235660651202 0.8740406174092552 0.11187386635259244 0.10721120248167466
0 0.7189295509430084 0.48186954290362305 0.16409933063166626 0.2071455005042031
0 0.8051110587187026 0.4876335878240585 0.15103340263916643 0.16430243664223276
0 0.6832799746466665 0.07676836464687711 0.14431451093324058 0.15353672929375423
0 0.5809171008012035 0.05869838476130632 0.1399592016024071 0.11739676952261265
0 0.2830154259662496 0.17121481025567417 0.1300961860510183 0.1379913089182919
0 0.37170819613578693 0.058823706921149965 0.13091639227157384 0.11764741384229993
0 0.3340987638079625 0.22502287126765302 0.14784961404351815 0.18116215471124747
0 0.25144421427907393 0.0798849699106002 0.09835817049962943 0.1124778566887189
0 0.09873675372319386 0.30200526039156017 0.06072146946287016 0.10829310124083733
0 0.22077855758740697 0.22351463761129792 0.1120884798304627 0.12741444183801276
0 0.10976243661666614 0.2752952949204354 0.07267466531583314 0.10291718639013112
0 0.43022261663541633 0.14677254910780935 0.1409557736099071 0.12011539406758578
0 0.8384923208297217 0.27621548658322126 0.11935417568342573 0.12171074505632137