0 0.14635736198850655 0.45219521688246367 0.2626844507974307 0.15275622136826889
0 0.13068946229350628 0.7900135518634356 0.10058318787965286 0.09619852076024671
0 0.11515734090260359 0.6860582223196711 0.08670252583555564 0.10343801779449713
0 0.09137630841753422 0.6011712277568785 0.09887521751493064 0.08988485376405216
0 0.257333842421215 0.31186469414505064 0.1667900693385418 0.12387253460041112
0 0.3234335807377081 0.1881924307991778 0.1291445989738195 0.11609452669174569
0 0.06458329796829834 0.31035256817505796 0.11660823138263898 0.11402269072219058
0 0.14979605898621512 0.20385321737675524 0.09600479065319449 0.10069501977166348
0 0.5212872396476733 0.30579247178819846 0.19371624525034736 0.14057987353571572
0 0.5396391557758331 0.2215302183281574 0.14985714247680554 0.1341096976422728
0 0.9095295092149648 0.4257813892415034 0.16210256933854197 0.12368153361182799
0 0.9117076454235065 0.5334028882529203 0.14934799620027803 0.11223469764227278
0 0.6691700808346174 0.7930484381763705 0.09153549620027786 0.10987901878308044
0 0.846950895139166 0.7335103176064044 0.14309799620027802 0.1119800296574951
0 0.6581066006862494 0.7318390241459257 0.17165940729444457 0.13187603558899424
0 0.7765091489388881 0.8425298319408604 0.10341724715020853 0.08382585475263511
0 0.5235822110592353 0.9449358848300602 0.10258079255305556 0.04788835475263546
0 0.6375557517124297 0.8435086946021612 0.10839568787965277 0.09651685574121878
0 0.5486549462415964 0.9407922128909499 0.09665810087368065 0.06169618676785795
0 0.7645033774717355 0.6541358354009015 0.10447190729444458 0.12913835475263546
0 0.7501584284772568 0.23090392384191452 0.10392639342673604 0.10570085475263546