0 0.6306610679076238 0.48741890240282526 0.11110264192396571 0.1993738663525924
0 0.16624006506502642 0.7510560691327781 0.10113683674699833 0.10833876324231469
0 0.2718067965785878 0.8109205017434263 0.09248987884037314 0.12001855702175916
0 0.3449481649662044 0.8398568545708802 0.09561487884037315 0.12029195909527779
0 0.6669681071584013 0.7198117373698161 0.15201606826055974 0.18118979434509228
0 0.7893667519249643 0.6776940049474551 0.12621243145709152 0.13851427879370348
0 0.6109364569889919 0.9037465314320844 0.08836382096198285 0.10255765494824054
0 0.7468137728304772 0.8368926391605106 0.11665542093374785 0.13456907257314796
0 0.6438645361258313 0.7006318018844456 0.1594491366622938 0.20204909849212935
0 0.7891260152909053 0.45785039665338106 0.14127598933548208 0.15693208812453677
0 0.5496352499294128 0.052961738783935654 0.12739549985882553 0.10592347756787131
0 0.2675724498023559 0.18546188048986162 0.13044490514873247 0.13111188190398124
0 0.3372717578219206 0.06045568246923638 0.11582096302712275 0.12091136493847277
0 0.31019186028334733 0.22963225405250057 0.1341915314288568 0.16874858294074047
0 0.22833637357870126 0.09152595278018562 0.10297235253201391 0.11316296427907388
0 0.07954037073610384 0.3275495100847686 0.05765985253201391 0.10919863421305545
0 0.1974643471291677 0.23556847869916703 0.09984735253201386 0.11288956220555538
0 0.08902178654935426 0.30159260282745387 0.0776083314853265 0.10472574769092571
0 0.4341383235222316 0.13319816851986194 0.16164867349399667 0.21312329952888862
0 0.814727441839261 0.20983327021602002 0.10737142619541977 0.13531136635259242