0 0.5265625 0.9015625 0.09375 0.196875
0 0.16171875 0.81171875 0.084375 0.0890625
0 0.27421875 0.86640625 0.07109375 0.10390625
0 0.34921875 0.8984375 0.07421875 0.11796875
0 0.64609375 0.75703125 0.09921875 0.15703125
0 0.775 0.65546875 0.10859375 0.103125
0 0.62109375 0.94765625 0.06796875 0.10390625
0 0.74765625 0.86640625 0.09453125 0.11640625
0 0.7203125 0.684375 0.14140625 0.1484375
0 0.76015625 0.48984375 0.11640625 0.128125
0 0.4859375 0.0734375 0.1 0.146875
0 0.2203125 0.2453125 0.115625 0.109375
0 0.27578125 0.10546875 0.08984375 0.12890625
0 0.2640625 0.29375 0.10859375 0.159375
0 0.1703125 0.153125 0.08515625 0.09296875
0 0.04140625 0.39609375 0.02265625 0.1015625
0 0.1515625 0.29765625 0.08046875 0.09140625
0 0.04765625 0.371875 0.05234375 0.09140625
0 0.3484375 0.20625 0.11015625 0.10390625
0 0.30078125 0.08125 0.065625 0.1625
0 0.3 0.1375 0.096875 0.109375