0 0.45211791091746656 0.8205792571245475 0.12495558996629619 0.2674065852552503
0 0.7801701880448297 0.8158829545472998 0.09434087334017498 0.10647572930778501
0 0.667497471222317 0.8514663297166418 0.09583974082661798 0.09562011646291495
0 0.5869650887087596 0.866621018205824 0.08806360226293641 0.10146068068726635
0 0.31138434748935834 0.7123650446637901 0.12127607806243948 0.17193031094499087
0 0.1922439829297819 0.6514419120312162 0.11481699980360824 0.13566526232447185
0 0.2922974833225654 0.9054942469477822 0.11630677693097127 0.12324714947960161
0 0.19358324825148415 0.8239753312985215 0.10056360226293633 0.10211577792830404
0 0.32542061817381374 0.4476474474227521 0.14018970452587265 0.20103795680654796
0 0.24115924766230895 0.43253810379975877 0.13368517447164327 0.1569604081860289
0 0.4761034368664793 0.068015258367743 0.12279312626704134 0.136030516735486
0 0.5815812772255589 0.06327797009333144 0.12120335518980241 0.12655594018666289
0 0.8264114673134919 0.2511310577812315 0.11323631908544902 0.1324583751693421
0 0.7804136869646753 0.10280642243512406 0.11331813231716552 0.14652087516934215
0 0.7636978438751211 0.2911252939864216 0.12753516842151918 0.1738203595655099
0 0.8831205304470128 0.16927687019656043 0.08653746369925486 0.10762879353213632
0 0.9660001663784158 0.4218862138195538 0.04747496369925486 0.10558161465389251
0 0.8729046722321481 0.314299443127339 0.09752950585373235 0.11757700361804461
0 0.9630387928418488 0.39392498812981336 0.06150110226293641 0.10006859905006031
0 0.6947665575743758 0.19164427238969553 0.1287431444174139 0.11296474672063965
0 0.2689398557789777 0.22177102216255293 0.10372496369925477 0.10852955223856364