0 0.7136718220829691 0.8661014760507172 0.14293018119435102 0.10237279788867966
0 0.9288819228196032 0.7746618185816655 0.11324268119435103 0.10185460064862309
0 0.9331709490506052 0.668616370123793 0.10488387797604233 0.09390573295387128
0 0.9425363333077085 0.5721641099775233 0.11492733338458301 0.11152960957707699
0 0.734313923904884 0.3132316205308302 0.17636539406758586 0.13416826866768633
0 0.6551348862739156 0.19636567450858972 0.14122556956195353 0.1226307508107789
0 0.9045500142499581 0.29279420981536763 0.1170232450563212 0.11128414772652384
0 0.8256277027337762 0.19075837702365198 0.10230518119435103 0.1016636858759707
0 0.4686396474217804 0.3413667086008469 0.19442697921687965 0.14696827759614006
0 0.4426073891239072 0.24805703936396767 0.16008483020561534 0.12452053327818294
0 0.11459627564992433 0.5006097004864672 0.16644409084927708 0.12619212743398442
0 0.12744011909709146 0.6061739078727936 0.16444454827463012 0.11991485389503395
0 0.1722552283837004 0.6779631331160273 0.12770937278026223 0.13019778896022594
0 0.23277710116396264 0.8069881599013884 0.15663204827463012 0.11977848620028234
0 0.38531759311819097 0.7901433534879969 0.1932251121366006 0.12978077759614023
0 0.31286307493296067 0.9145063794625792 0.11494729282674854 0.08159664772652349
0 0.3827113991864913 0.8533018725627205 0.12632183540139544 0.08803756249917641
0 0.4423649046343729 0.8917973567344077 0.11324268119435103 0.10185460064862326
0 0.2990251780153833 0.727773992693104 0.12570983020561535 0.12392051542127547
0 0.20346276165206795 0.2985035040571898 0.1618658514929388 0.12767280681713328