0 0.12563067955561233 0.4966400468904336 0.12077724672063965 0.13676813942190086
0 0.12214607417397394 0.26682249232633015 0.10540455223856364 0.1107025468904336
0 0.21899674072774586 0.19945923880184518 0.09684842378986111 0.1256171518694554
0 0.2857405054270669 0.16638755228901828 0.0966846494796016 0.12249215186945542
0 0.6060363952957302 0.2645821342470306 0.13400758706427265 0.1813469336130419
0 0.7453379127085847 0.30937626122137674 0.14880707146044045 0.1964750261445091
0 0.5352691146538925 0.08724911702559117 0.09241322930778502 0.10038035352912936
0 0.6738303256443119 0.13276529441485577 0.11009205223856355 0.1110577444009226
0 0.6803713319758901 0.3021189456596113 0.16459584577069997 0.2007840178461393
0 0.774241919944674 0.504547051263333 0.13870173111680745 0.15213303029369402
0 0.6145149536387292 0.9370310163962469 0.13516065128862387 0.12593796720750633
0 0.15377112618539496 0.7960247402517376 0.08105964947960165 0.12130816016782511
0 0.35776258536679206 0.7982537815430939 0.13853131275401315 0.178577131123531
0 0.2895182756649966 0.9214768713752687 0.10565021370395282 0.11539004689043324
0 0.10671134045517472 0.699859212657336 0.06666960085908266 0.11399256763635783
0 0.23470354364367801 0.7515778458554595 0.12430503844375371 0.1743865385920637
0 0.1253694872212429 0.7440711539440479 0.05984639077317437 0.10258147095570588
0 0.44435186058156273 0.8320502863169785 0.11271908525525039 0.13148864357108545
0 0.4114408632950962 0.9019241558181477 0.09849281094499088 0.12729805103961808