0 0.0945048030402415 0.42829662798377344 0.08209841041040422 0.12274770401018138
0 0.15126085018352664 0.19107789131127376 0.08652830517696723 0.0915704293443631
0 0.2548709685711432 0.15473985463081982 0.07991428413027979 0.08524770401018134
0 0.34400135800544723 0.11232454061904765 0.09001732622365469 0.097856792011454
0 0.6301979212866838 0.23859394991250404 0.10579351564384112 0.15425224267981757
0 0.7580730213290361 0.2816070585614594 0.10351838410204514 0.11518974267981755
0 0.6261004974397513 0.06766383191441303 0.09608531570031094 0.0948045173456358
0 0.7425907764495336 0.1318888692314138 0.09681335779368574 0.10730451734563581
0 0.6483130715266802 0.4905558919080496 0.12187354195220053 0.16224655601527188
0 0.7388092689099617 0.5051172838956411 0.104701452503779 0.13550224267981753
0 0.5413841771836402 0.9055820025859582 0.0991794945971538 0.14792951734563572
0 0.4365678745669216 0.9224160612667303 0.09256547355046645 0.14160679201145393
0 0.26017967981447604 0.9080733926241382 0.07903359456891898 0.17736247867599958
0 0.2228007771554053 0.8796216759627743 0.0980874314570916 0.12917951734563574
0 0.225787811215098 0.7211006512969562 0.10084841041040422 0.12296588001272664
0 0.12029740343552967 0.8433398253103193 0.08671031570031093 0.09469542934436319
0 0.1107466401401757 0.6990176606460918 0.08671031570031093 0.09469542934436319
0 0.017724889751946263 0.629914219326864 0.035449779503892526 0.09113407733927233
0 0.29926383759404435 0.7866069252864568 0.09608531570031094 0.09480451734563573
0 0.7287308006917542 0.718371261895323 0.10160727360693614 0.08237724267981754