0 0.632513320137402 0.16305787344874254 0.1168311134861197 0.2594324874635877
0 0.17758854394395013 0.8566688518076372 0.0981767387172289 0.10121081050398359
0 0.29283545922507176 0.899899677751027 0.0876029515702104 0.11339256175762494
0 0.37128706815884494 0.9178206151354722 0.0876029515702104 0.11339256175762458
0 0.6661546019406511 0.7535979569139798 0.1439271594086268 0.1712338054894186
0 0.778751541832379 0.69979465848419 0.12752926959604133 0.14421666442319178
0 0.6456051065595048 0.9463044905644373 0.0844779515702104 0.10739101887112526
0 0.7663698991167995 0.8565985879510766 0.11140416442319179 0.12657452335696498
0 0.6432626712201234 0.7341659953146396 0.15839883636823107 0.18570548244902269
0 0.7429517488128659 0.4790358776053777 0.13543269780928674 0.14756898495630538
0 0.4313887408288 0.088397539587794 0.12003501834240002 0.1549268438900784
0 0.17534201464798338 0.28893578252816504 0.13796666442319178 0.12734741316955062
0 0.22499633683044942 0.14103549162022277 0.10864287727617325 0.13898359514371963
0 0.2312593940357277 0.3288764724198929 0.12825669530200423 0.16921666442319178
0 0.12476300461885352 0.19989000290299389 0.09831313103709696 0.1058983105039835
0 0.023075478325641146 0.454057014185765 0.04615095665128229 0.10618781551854858
0 0.11973086064963283 0.34596102084968255 0.09523359514371962 0.10736988229073816
0 0.028449120018688573 0.42995192445232167 0.056898240037377146 0.09873902837152997
0 0.3276606840857401 0.2136128367639424 0.15040447994174028 0.17922816191590932
0 0.7344047775801071 0.26219771859246216 0.11269387978345566 0.11724498746358769