0 0.40192200999716493 0.8247841681566838 0.14672126569391467 0.2688641058051154
0 0.08792648658352006 0.7444543497298476 0.09885914065150563 0.10489088584218216
0 0.18157479366242896 0.7887822138876655 0.10456350362819707 0.08948414065150559
0 0.2540475051878416 0.8361904380269497 0.0924454495445131 0.09998513103285873
0 0.5744443399415646 0.7555554746026205 0.1308928798517325 0.17311509618646853
0 0.7089111091788582 0.7258902780533323 0.12020835099579194 0.13528771397248338
0 0.5198684234293434 0.933028199374877 0.11895338584218215 0.0993502139724832
0 0.6438614841364494 0.890463698741905 0.10500001324684405 0.10198414065150559
0 0.6551859415703287 0.4991392942954011 0.14900796279135697 0.20027779691210784
0 0.7408233412075089 0.5047320406672041 0.139667679126093 0.1562549784004535
0 0.6556373863903364 0.08489083285480654 0.13083831614940156 0.1697816657096131
0 0.5567559422881189 0.0662970894782285 0.12711311542376222 0.132594178956457
0 0.24341515018533447 0.20218002577589766 0.09891370435383653 0.10645338584218218
0 0.3466815378416152 0.06754090290648226 0.11757442431676957 0.13508180581296453
0 0.2951214939247322 0.24094985989664855 0.13536212504240908 0.167028787293461
0 0.2251959182415018 0.09825641760852963 0.09115576805616739 0.10774306733052794
0 0.05519340917100912 0.31877479265093867 0.05209326805616734 0.10637897477225647
0 0.18294887613871735 0.23550344646447016 0.10069445916315992 0.11275794954451301
0 0.06700392840830283 0.2933928467346226 0.06588294954451306 0.09905754809323426
0 0.39768598793428245 0.16402028294747378 0.13339783175849823 0.110778787293461
0 0.7917757499151821 0.2969542570019401 0.11001489546082902 0.11152283175849824