0 0.11328125 0.47687568125309293 0.1 0.14117827792830404
0 0.10234375 0.7180738913390012 0.1 0.11149077792830404
0 0.19375 0.7703147427639108 0.0890625 0.10310506784239593
0 0.26796875 0.8258001028952474 0.1046875 0.11954893939369322
0 0.58359375 0.7491026475590378 0.128125 0.17702724672063966
0 0.72109375 0.7270528279076196 0.1203125 0.13911781094499104
0 0.53203125 0.9150861736783196 0.109375 0.11823210085908258
0 0.65859375 0.8834533141128095 0.1046875 0.10704893939369313
0 0.6734375 0.4920503861390769 0.146875 0.19675989258219673
0 0.7640625 0.5068321811415514 0.125 0.15967597241038015
0 0.68359375 0.08407460934039694 0.121875 0.16814921868079388
0 0.5875 0.06539653041672462 0.1140625 0.13079306083344924
0 0.16328125 0.14613029228894095 0.0796875 0.13542624491161734
0 0.36640625 0.06728379664215457 0.1140625 0.13456759328430914
0 0.32421875 0.21191466531057648 0.11875 0.1452859237898611
0 0.25546875 0.07567395013628557 0.1 0.11461577792830413
0 0.06484375 0.2747266830621153 0.04375 0.06479284034363308
0 0.20546875 0.21188808910043763 0.0953125 0.09405761646291486
0 0.4140625 0.16033115389061575 0.109375 0.11823210085908262
0 0.8140625 0.30030554217739924 0.1140625 0.11379026232447184