0 0.44752962407349584 0.844237896853301 0.20967471463952717 0.14180674668035032
0 0.1953937750213906 0.1503959515008105 0.09989730024766903 0.09899201190385672
0 0.3082234148061429 0.11041636699546335 0.08954199710451585 0.11142837939029934
0 0.3897645132345663 0.10463906566760348 0.09066784946188075 0.10206246974937896
0 0.6766908167920043 0.2696338483541114 0.14565075599585597 0.17579995159900638
0 0.78471733250777 0.3327792638487643 0.1199572431755744 0.12722609621281206
0 0.6787200053766835 0.07506169173825314 0.10843754631872767 0.11466246369925477
0 0.7823479654680966 0.16553267651474676 0.10622007485477489 0.10059087334017516
0 0.6220717832935583 0.33495886650448403 0.14881429735218496 0.210184041958086
0 0.7301067994236087 0.5489264386149951 0.13809081306795062 0.14763859016268785
0 0.3881674325933324 0.926481468089554 0.11941358767505647 0.14703706382089193
0 0.1469581974805286 0.6869783461146163 0.11076202564056317 0.0974931444174139
0 0.19096925496690792 0.8661891231437835 0.11265416542531544 0.1381181444174139
0 0.2097664125343405 0.6975027556573408 0.12144696856846855 0.12567268657189173
0 0.09302621464403636 0.8046652949831481 0.1001156240689866 0.10367951190385653
0 0.014882175559509889 0.552534647540672 0.029764351119019778 0.10179884933607006
0 0.09897661580132819 0.6601294998036084 0.09699062406898659 0.1036613311856975
0 0.02021393465799242 0.5720840782588312 0.04042786931598484 0.09564884328594588
0 0.27416920678615353 0.7744606862773041 0.1148330955329393 0.1178238251355733
0 0.7029127909465533 0.7636701946651193 0.10622007485477489 0.10059087334017533