0 0.5571395004009853 0.5830832169431096 0.14924482863401992 0.1384213054894186
0 0.7768440746853278 0.1635389097378313 0.1021796518694554 0.0933983105039835
0 0.8269014290396498 0.2675648316828705 0.10748245850815116 0.08108016693047429
0 0.8452594201165802 0.345613275335522 0.10146925684847723 0.0840233105039836
0 0.7163000902331602 0.6628796801918024 0.17701463112353083 0.1345521594086268
0 0.6681208541306074 0.7820555775262354 0.13004454274124874 0.11135870031656907
0 0.9046531178275619 0.6260796768265902 0.1075775468904336 0.10290970282385174
0 0.8353209321399275 0.7454230587216168 0.09952824855010753 0.09955738229073816
0 0.6498229852541384 0.6515497236070271 0.22109651784613932 0.16077969028743944
0 0.4463642533007704 0.7740371743858147 0.1516594336130419 0.12913723370266403
0 0.24625784813054463 0.09799018527287433 0.15473596680652096 0.06686455423577739
0 0.05284862240095396 0.5145458847980207 0.10569724480190792 0.10721676959604132
0 0.23955571700701364 0.2277686134861197 0.10000184523075957 0.10580738229073816
0 0.06886609263171355 0.30730168613080416 0.1377321852634271 0.10390991316955063
0 0.23944805061541116 0.2911862558059878 0.13004454274124866 0.11135870031656907
0 0.11645010372962199 0.19913148495630523 0.10686715186945542 0.09353470282385161
0 0.3570303273846202 0.06206470862983934 0.10236798340326052 0.03415970282385159
0 0.260827988377638 0.17436246865896918 0.10506785352912935 0.09036423871722894
0 0.33618503111888665 0.06850492524374449 0.09777557178554286 0.05585284639736086
0 0.1715725437669339 0.3706404235943918 0.12019594606059654 0.10483591567683304
0 0.23365076574832502 0.7913370199917527 0.09952824855010751 0.09955738229073816