0 0.3858401126758813 0.9040335143716371 0.13564355702175918 0.09115819368794006
0 0.14875977770889054 0.8716362139538951 0.10324116013203688 0.09450868676785759
0 0.1128406930247237 0.7713842045623551 0.09759675287472208 0.08338018577927464
0 0.0709354484913439 0.6857849441822317 0.11302626324231464 0.09957818874502422
0 0.2015667511777785 0.3845500494291587 0.17105337672018495 0.12218270060802228
0 0.2465750377471764 0.25545013984733816 0.13117067049962944 0.11121602570316254
0 0.04329793103187534 0.4105501808363588 0.08659586206375068 0.10257585475263546
0 0.09478836234657462 0.28768302520887096 0.1230847684261109 0.10777269072219058
0 0.4685095348724543 0.3444648547898165 0.19232278397749983 0.13394787155854945
0 0.47032489604125044 0.2520226868050389 0.1518932736099071 0.11673119665368963
0 0.8703851016961581 0.41101827380035827 0.16425657257314796 0.11567803262324486
0 0.8850053848251861 0.5127545287432741 0.15480366013203692 0.09660969764227278
0 0.6974795331755107 0.8101030781352518 0.09787015494824054 0.08650518577927464
0 0.839509791234029 0.7280784398079695 0.1355847684261108 0.10828202669174569
0 0.6967365308664366 0.737941576652377 0.14482306738935158 0.10710152866891214
0 0.8018840691792608 0.8355261838764705 0.10779195909527743 0.0931371877564409
0 0.5680771227606499 0.9718298039149641 0.10369092799249983 0.046262187756440906
0 0.6578804994808349 0.8594518207208779 0.10466695909527761 0.0930098537640525
0 0.5946102284628259 0.9642865593521716 0.09710873732333311 0.060006352775469195
0 0.7355344821860197 0.6619030000743621 0.11968636635259244 0.10452035672980173
0 0.6854516100375004 0.23961948178557338 0.1075964694628702 0.10869852076024662