0 0.57734375 0.315625 0.09453125 0.253125
0 0.16171875 0.81171875 0.084375 0.0890625
0 0.271875 0.865625 0.071875 0.10390625
0 0.3484375 0.890625 0.07421875 0.10390625
0 0.65859375 0.7546875 0.12265625 0.153125
0 0.778125 0.70625 0.103125 0.11640625
0 0.61875 0.94765625 0.06953125 0.10390625
0 0.74765625 0.86640625 0.09453125 0.1125
0 0.634375 0.734375 0.12578125 0.16796875
0 0.759375 0.48828125 0.115625 0.13046875
0 0.4859375 0.0703125 0.1 0.140625
0 0.2171875 0.24453125 0.11171875 0.10859375
0 0.27578125 0.10390625 0.090625 0.1265625
0 0.26328125 0.2921875 0.10625 0.15390625
0 0.1703125 0.153125 0.08515625 0.09296875
0 0.04140625 0.3953125 0.0375 0.1
0 0.1515625 0.2984375 0.08046875 0.09296875
0 0.04765625 0.3734375 0.05234375 0.090625
0 0.37734375 0.184375 0.12421875 0.17890625
0 0.76484375 0.24140625 0.08515625 0.1140625