0 0.7310662024129513 0.06158292643964373 0.10236389342673621 0.10797079117755655
0 0.802194360372986 0.15609558760612563 0.12714568787965277 0.10019786397194572
0 0.8357504363610413 0.2225926727390159 0.1005468202884722 0.09693316162790726
0 0.7634695139646176 0.5462792990494627 0.1733310100679862 0.1406016209117759
0 0.7392481511230897 0.6820060479697286 0.1339775693385418 0.12559838217054314
0 0.926333843086805 0.486697140660758 0.1150093637914587 0.11502182757475107
0 0.8984608033835411 0.6117367134551472 0.09607752583555537 0.10600777297895939
0 0.5061823844055897 0.6407754804171267 0.19709581838861112 0.15616606415651582
0 0.5189713655038883 0.7281054996954582 0.15450827488562524 0.13627506631598418
0 0.09618978856590221 0.6600282372000736 0.165373039703264 0.13385097316352948
0 0.07223345022874979 0.562181022517534 0.14446690045749958 0.13188795496493205
0 0.1930544432948956 0.2520772324197115 0.11533667211208343 0.1290843275747511
0 0.07635077350918391 0.3440120134182353 0.15270154701836783 0.13501295496493215
0 0.23338784935506918 0.2955175493540046 0.16857077488562516 0.137176232262828
0 0.0944357585493748 0.23265420882244342 0.10846842306201396 0.10212130937615385
0 0.3124623259880555 0.04862396052048645 0.10094555737069451 0.047033291177556544
0 0.22979268351124982 0.18185556755260185 0.08811955547083343 0.09925712523071266
0 0.2926583190542013 0.06159432989110296 0.09364220364722228 0.06840764342930994
0 0.17114046286218718 0.3892162870155034 0.11671733415618064 0.12137195712440044
0 0.3187161391552424 0.7854032672757467 0.11984233415618065 0.12157221622369914