0 0.1847760975844951 0.5497994912194013 0.30891566191590936 0.14708512002052548
0 0.23670127658916326 0.8573620063447118 0.09634145407749281 0.08960792154477701
0 0.16954721733882097 0.7514847110669761 0.1132561694377567 0.08033291549465282
0 0.15334790432755496 0.6781290242986927 0.09147209765100213 0.08333065046753826
0 0.25280336889639604 0.3634347443426592 0.15198370031656916 0.12273858411256366
0 0.2811974903665816 0.23824839198152709 0.12492109514371963 0.10539654800821019
0 0.08509904334871772 0.4003540031232579 0.10750627461060622 0.09748405405833438
0 0.1159960391920826 0.2806227652235064 0.09018238229073818 0.09269656010845857
0 0.5047463021242063 0.3213371061717612 0.1895746285298145 0.1260817527304745
0 0.5030270262599588 0.23539506099222138 0.14564277210332363 0.11957722267624522
0 0.9181472240692455 0.3767542965542819 0.1594779515702104 0.11184653590796181
0 0.9351575646606186 0.4789707815271672 0.12968487067876283 0.11020222267624522
0 0.8012063942984252 0.7618747059988106 0.12583037727617344 0.1366465480082102
0 0.9295837953937817 0.6892406610156625 0.13255173871722903 0.09919199980360816
0 0.7528765428864993 0.7121474167711991 0.14684155925034226 0.10708631303532493
0 0.8876129072305489 0.8043480314289713 0.10075616943775678 0.08026019262201593
0 0.6619944447732788 0.9455280642136753 0.10136392319868044 0.04745678298109581
0 0.7531613508832005 0.8293530974893584 0.08375052586424729 0.08641019867214013
0 0.7038864280802313 0.9351263745185255 0.09556856426490726 0.06304542154477702
0 0.8245265708623177 0.6234343747149172 0.10510870031656908 0.12246587334017515
0 0.7148223326073073 0.20994002215739335 0.107688131037097 0.10373405405833439