0 0.1684122240221224 0.5643454053548627 0.269833033278183 0.15467150803627092
0 0.13368307345622482 0.2304153006842719 0.10481595941492108 0.09807496801399936
0 0.12455926379642242 0.3341942813494538 0.09091710064862313 0.10728633601209037
0 0.1065826055165918 0.42302951468013567 0.1000193652591197 0.09177042401336304
0 0.290234451293951 0.6969862773710892 0.17098643019392784 0.13008858402290802
0 0.3633464431762762 0.8134385280474069 0.13329551542127546 0.11871473201781732
0 0.09842878083925571 0.7166249733449994 0.12233074188232515 0.11702496268299925
0 0.18997712702365194 0.8153266500238626 0.10177278003177208 0.10272610534690836
0 0.5531065982096959 0.6766123320734966 0.19938416558343128 0.14604084802672598
0 0.5764134590045886 0.7588981207431329 0.15549779788867965 0.13771927068745365
0 0.9241989793004233 0.519302555458267 0.15160204139915337 0.1284169960216353
0 0.9236759407455871 0.41382471479149424 0.15264811850882581 0.12681813335454453
0 0.6825648583592608 0.17275263009226846 0.10637845941492116 0.0980931493475448
0 0.8481313571414448 0.21607701078131294 0.1488659683433749 0.11577154535327183
0 0.6618080734562248 0.23656059142263225 0.1757830243497292 0.13639312802354436
0 0.772167100648623 0.11521339743790429 0.10780459172016954 0.09029883068109025
0 0.5130454707790068 0.03721347740290589 0.10399775324641088 0.051199968013999356
0 0.632555175729701 0.12686741808558696 0.11265573295387146 0.09972837468172657
0 0.5396352443179572 0.039085060073178454 0.09955571509696384 0.06520792401336303
0 0.7715473120921391 0.30344919410404064 0.11007620373287814 0.13094201201463562
0 0.7828856014561068 0.7292758974379042 0.10810460064862326 0.10748633068109008