0 0.55078125 0.21015625 0.09375 0.26953125
0 0.16171875 0.81171875 0.084375 0.0890625
0 0.2734375 0.865625 0.071875 0.10390625
0 0.346875 0.89140625 0.07734375 0.10546875
0 0.64765625 0.75546875 0.10078125 0.15546875
0 0.775 0.675 0.10859375 0.13046875
0 0.62109375 0.94765625 0.06796875 0.10390625
0 0.74765625 0.86796875 0.09453125 0.115625
0 0.721875 0.684375 0.14453125 0.146875
0 0.759375 0.48984375 0.115625 0.128125
0 0.4859375 0.07265625 0.1 0.1453125
0 0.2234375 0.24453125 0.109375 0.10859375
0 0.27578125 0.10546875 0.08984375 0.128125
0 0.2640625 0.29375 0.10859375 0.159375
0 0.1703125 0.153125 0.08515625 0.09296875
0 0.0421875 0.39609375 0.03125 0.1
0 0.1515625 0.296875 0.08046875 0.09140625
0 0.04765625 0.371875 0.053125 0.09140625
0 0.3515625 0.2046875 0.11015625 0.1015625
0 0.628125 0.15390625 0.08828125 0.25703125
0 0.31953125 0.109375 0.10546875 0.115625