0 0.6288686820831605 0.856928573235173 0.13172408510611114 0.09051851006798621
0 0.8600991918668062 0.7835410521492701 0.10058318787965277 0.09447865824437507
0 0.8818994970532993 0.6790711044859714 0.0941149823325695 0.08495818787965277
0 0.9118759781515976 0.5900443188667701 0.10676045269729144 0.09149912860909737
0 0.7379968413743753 0.3064356511230897 0.1544355397032641 0.12696515634451408
0 0.684451654444653 0.18886759783645773 0.12594686379145834 0.110685539703264
0 0.916957642761146 0.3046153119329159 0.10232752583555538 0.10232752583555564
0 0.8589613451740974 0.19731261141982567 0.09433318787965277 0.09433318787965286
0 0.47404344414791694 0.3172692740326038 0.17801851006798622 0.13376067021222235
0 0.46324945488149327 0.22293804578409687 0.14625936379145835 0.11115831838861127
0 0.09246874866881982 0.44652820146302075 0.15250936379145844 0.11130378875333342
0 0.08787412727791713 0.5513793556233333 0.1507286582443751 0.10189242116215294
0 0.12010670545017414 0.6264514375953124 0.11213893692972232 0.12129573138263901
0 0.15995306829170203 0.7599717992025694 0.14306162860909727 0.10796058320625015
0 0.31376839931375067 0.7524833414712845 0.1744570989738195 0.1149379350298613
0 0.21082719690079932 0.8635319038759721 0.11006729065319457 0.0993843637914587
0 0.301233338143334 0.8184356497919094 0.12369337955902786 0.08096167211208334
0 0.35613969690079933 0.8601497178961802 0.10054682028847228 0.09291615824437507
0 0.39961889959809105 0.9482484767298957 0.10668771751493064 0.08837412860909737
0 0.23785855632385475 0.6815545520523609 0.10567073138263898 0.11177526101791671
0 0.24967791736243078 0.24901415577583313 0.08993662860909737 0.10672408510611116