0 0.3996328236994958 0.8133003056710774 0.1702133293962455 0.2749985419522005
0 0.7342880766947207 0.8304529244116299 0.1020932680561673 0.11042083148532633
0 0.6277106944807356 0.8460162822053157 0.1078521947351895 0.09672235253201374
0 0.5395832119039308 0.8690813268589391 0.09573414065150558 0.10693181043863902
0 0.2772444469278063 0.7011404818664972 0.13563494355406328 0.17786593671876344
0 0.16574644093735655 0.6343463659685422 0.12338791469812276 0.13972889988706055
0 0.24556039339227648 0.8940028160532467 0.11982640507947587 0.12704688936371653
0 0.15265861997863156 0.8081933896460655 0.10661707694917473 0.106006347270342
0 0.3145361489193901 0.43700238715640394 0.15375002649368782 0.20542949459715382
0 0.23335063630551836 0.417561413394176 0.1429018065307547 0.16269596302712266
0 0.4964360011811264 0.06703776862761299 0.13525299763774717 0.13407553725522597
0 0.6049206237764647 0.06369332526117252 0.12253474282842376 0.12738665052234505
0 0.8248238628918735 0.29189168237472485 0.11432044954451293 0.10333637357870132
0 0.7944072205110873 0.11356155602401327 0.12075398801910034 0.15360938936371685
0 0.7612970762313845 0.3026086454724347 0.14204863466105574 0.18291745776545093
0 0.8901710990968754 0.1843907245386868 0.09121033175849824 0.11134629465362353
0 0.9514260245099532 0.4396704877634535 0.05516370435383635 0.10612817363517099
0 0.8697172114405947 0.3235820271554053 0.1038740228654909 0.11676183674699833
0 0.9515723574495778 0.4131534903942895 0.06750001324684404 0.10216871572854576
0 0.70186256724571 0.1961381085701446 0.13506945916315996 0.1170194419804353
0 0.2765178268643568 0.2084370423757235 0.11157739546082901 0.11409186305535757