0 0.7954835593563436 0.5841987453672963 0.239702395460829 0.12293206199704745
0 0.8376835053574776 0.25021377158545804 0.10171132213985139 0.10005816162790726
0 0.8757241639803326 0.37166726942598977 0.1110863221398514 0.1006589389258032
0 0.8786557018219477 0.4446739728497624 0.0966418762235353 0.08882027297895938
0 0.7148461398488974 0.7184049622093042 0.16642858656782167 0.12291347316352948
0 0.6495708255135944 0.8387186597729807 0.128764895460829 0.11582286397194572
0 0.9076239168907396 0.7362397115909954 0.11610120435383635 0.11033432757475108
0 0.8218550532810758 0.8380141602344061 0.09395338584218216 0.10112001387966041
0 0.45070179429540114 0.703826818318569 0.19364585099579196 0.14336567550756776
0 0.4321030725183695 0.7879817728220757 0.14962303248413758 0.13274954811738696
0 0.07039431243638648 0.5503690422572907 0.14078862487277297 0.1257380845145814
0 0.06672616461330473 0.44611233883351814 0.13345232922660946 0.12347467766703626
0 0.26613588757146267 0.20419135641380654 0.12763890507947587 0.12822273442229637
0 0.12217506724570992 0.24586081739571833 0.13953870435383647 0.11183627081949092
0 0.3014806213293939 0.2683132156053903 0.1520932680561673 0.11419980721668548
0 0.1915103990042081 0.1438162584809898 0.10283731252120454 0.08765829117755657
0 0.44804563039988665 0.062380995524179826 0.10459821996293303 0.048796050276855185
0 0.33132686715304266 0.15355910317460406 0.08592263103285873 0.094369366131414
0 0.4189756892928941 0.06521609885566738 0.09571429328391083 0.06225777297895927
0 0.2076190047245054 0.33276813695090496 0.10603672359113014 0.13463342072720588
0 0.21850436398818177 0.7609827745201188 0.11308533175849825 0.11325906847545256