0 0.15915422645775437 0.48319697254892374 0.26292846834337485 0.12013588772715308
0 0.8522725754815245 0.8210737126683687 0.0952500446422686 0.08811955547083343
0 0.8909611542160502 0.7110817700390633 0.12334777110331814 0.08721167211208343
0 0.9028923640380084 0.6340471445640979 0.09363299756436802 0.08495818787965277
0 0.7432138064100962 0.34450925303722285 0.16457278896022576 0.12253222948277784
0 0.6824790836024945 0.22048921836795196 0.12688187418757338 0.11072190729444457
0 0.911950169640621 0.34765570288472303 0.10799550649282175 0.10247299620027786
0 0.8498574983751469 0.23531805062427152 0.08754663879807012 0.09418771751493064
0 0.4760263064100963 0.33829039494534763 0.1866387037328782 0.13397887575930573
0 0.4627393279204517 0.24817388801149348 0.14579551542127547 0.12053331838861128
0 0.08761046306507377 0.45576099715020835 0.15818642126547414 0.11457425911805567
0 0.08547699309684585 0.557232578172257 0.15338982710967278 0.10821515634451409
0 0.2932521314878788 0.8283666150257293 0.11874209172016936 0.09179006933854188
0 0.15477028408566657 0.7689162670018403 0.1488659683433748 0.11748105357097227
0 0.31167880316039004 0.7655399599154864 0.16451824188232517 0.11940722948277802
0 0.2080919273479635 0.8708976475107988 0.10308981818121907 0.08986389342673604
0 0.4598237970713101 0.975935212099688 0.10073638555165924 0.044515025835555375
0 0.34952545088691384 0.8757514145126393 0.08124209172016936 0.09091724715020817
0 0.43083572645445906 0.9705749116628475 0.08689207386326192 0.056687717514930826
0 0.2511037674465751 0.6954079914506253 0.1281989123370204 0.09669577488562506
0 0.2599007000794303 0.259852351158021 0.11279210064862308 0.10883209897381949