0 0.12772446404011567 0.47550901232447185 0.10868834138279593 0.1429864393936935
0 0.11517195440669722 0.71432917288535 0.10630748746358769 0.11477955223856355
0 0.20598482251167044 0.7791529907277459 0.09670516693047429 0.10647572930778501
0 0.2804596367765777 0.8454607434412793 0.10961434389007838 0.12119332654882306
0 0.5969962674179632 0.8129060295101838 0.13785901583511767 0.18039790818602902
0 0.7342007507249159 0.8099558491616019 0.12739287727617316 0.1424065852552503
0 0.5430625883467881 0.9550061618040736 0.11581887978345584 0.08998767639185275
0 0.6751476626408252 0.9459658941083056 0.11738137978345567 0.1080682117833888
0 0.6881822424116455 0.5688461702833582 0.1571545851145899 0.200130554047586
0 0.7786624899043633 0.5954296817033189 0.1326259465556454 0.16140224672063966
0 0.7013161105831258 0.1623438647654342 0.13138169530200408 0.1722578595655099
0 0.6040175617576248 0.11590155472495448 0.12177937476889085 0.1639540366347314
0 0.2816795605039836 0.1099293571906607 0.11575669530200416 0.17143898801421237
0 0.383386813011266 0.09341796585165946 0.123023626022532 0.15309842378986113
0 0.34004965314042074 0.239357907620202 0.13065426959604132 0.1472578595655099
0 0.27267663354437943 0.09541647783744708 0.10635295157021041 0.11634205223856361
0 0.08185671991261043 0.26638963986866326 0.051864028371529924 0.06668288896415202
0 0.2211405287672413 0.22766573383034086 0.10644387978345568 0.11946705223856358
0 0.43022837226160837 0.20196080619529252 0.11581887978345566 0.11995837516934212
0 0.8305191919367919 0.3937720064431197 0.11706313103709683 0.10910276232447194