0 0.11533813280814491 0.43061815694283345 0.23067626561628982 0.1512636861143331
0 0.27912844291660355 0.08143594923177441 0.10684996369925477 0.1086933265488231
0 0.19967677137182643 0.17932125056582687 0.11932269262201589 0.10466092378986117
0 0.1297728166495621 0.24702772896910083 0.14744769262201593 0.1061348925821967
0 0.21139850390882486 0.5809280161696592 0.17902494554888213 0.16402263568479186
0 0.22862638964383603 0.707330063885667 0.13824540944452862 0.1353310696514182
0 0.046315422035756386 0.5045336917685426 0.09263084407151277 0.09718261646291496
0 0.08058432026379941 0.6471405936229935 0.13351245764913056 0.12727290818602893
0 0.23416383821778028 0.5609906524202778 0.19938289734428025 0.1728996687014785
0 0.4440468565645446 0.7311858864777612 0.15552381303532486 0.15185682835784534
0 0.9168763442679044 0.542393465628576 0.16013859016268767 0.13960248982323478
0 0.8046546419815271 0.23196497795304802 0.11152837334017525 0.10737648801421236
0 0.9306126331027326 0.3292383683875381 0.1350658672900508 0.12579229534115868
0 0.7676040938751211 0.29092057609859723 0.14286927693097126 0.12463923111680746
0 0.9148699793155446 0.2160356835164005 0.11154655405833439 0.11050148801421242
0 0.7112460513278599 0.04395040083839802 0.1066045240041051 0.06650582654882313
0 0.7792415515242517 0.17003486601268894 0.11152837334017515 0.10737648801421237
0 0.7439721929166035 0.057074520580673235 0.0987920240041051 0.06609639077317438
0 0.8254887958669108 0.40972480778123155 0.19149767447164337 0.15999023292582973
0 0.6827321066627405 0.7835009017429091 0.13345791549465283 0.11789790818602892