0 0.4300920652093085 0.07836909294128067 0.14199118182494205 0.07430234496658025
0 0.8036303828900749 0.1460149200542487 0.09607118676785795 0.09692163879807007
0 0.6858818087835179 0.10435134578394974 0.08258168973360754 0.11073867694751698
0 0.6152337277568786 0.09465479180619021 0.08844968775644109 0.10147277110331836
0 0.3022350261602731 0.2656254054404569 0.15142453163466155 0.1525364391223816
0 0.19329376627444134 0.3143686428585551 0.11440469269935694 0.12534664772652385
0 0.34035840315602994 0.05807595820040038 0.08258168973360736 0.110738676947517
0 0.2164487178710468 0.14845727069957654 0.10257585475263545 0.10328073295387145
0 0.3410428581754955 0.2711935669666984 0.15732170456235509 0.18230575973923263
0 0.2211309703053237 0.5316964646932221 0.13241986364988403 0.14595915665497755
0 0.5153386377586286 0.9176889172115796 0.1152960306460784 0.14722164772652385
0 0.7814742682144267 0.6897649200542487 0.09626218775644109 0.10160913879807013
0 0.7206601491273352 0.8602371071480354 0.10710152866891214 0.13771028003177221
0 0.723725435210621 0.6892115409954113 0.11440469269935694 0.12534664772652385
0 0.8252959109903333 0.8022006903467881 0.09626218775644099 0.10160913879807013
0 0.9416689633852414 0.551908589698165 0.04001218775644091 0.10062729139585791
0 0.8379616901535369 0.6637967094215116 0.09081068380210837 0.08277731818121907
0 0.9369668759328116 0.571508023545541 0.058507519771663394 0.09470457386326192
0 0.6503887528913874 0.7646576002481765 0.11115235870696819 0.12216710064862327
0 0.22243750783430327 0.7487066866900449 0.10401102076024668 0.10018300649282175