0 0.45022027500631767 0.2750187416839692 0.11320600831327017 0.24525085779368574
0 0.8437596748480332 0.23710557288694703 0.08696645407749273 0.09397678413027988
0 0.7304724131695506 0.1766924466774098 0.07487563103709682 0.10731124203690508
0 0.6531142913036536 0.1448894388554892 0.07505748746358769 0.11356124203690507
0 0.3595270788463836 0.267396686507002 0.10431909012915472 0.15426183674699834
0 0.2345701944440744 0.34201100768074627 0.1131939849563052 0.1376203683170294
0 0.38042929757185984 0.07441252595542339 0.07175063103709692 0.10712923151356135
0 0.2591058785298145 0.13987936028334733 0.09009145407749282 0.09415879465362353
0 0.28655023159109294 0.33255968394675317 0.15105769780928666 0.1523044945971538
0 0.2546877808123054 0.5241255576666288 0.11935305674305985 0.1348593893637169
0 0.54102271522725 0.9400767813582697 0.10427362602253201 0.11984643728346071
0 0.7993256455520663 0.8007438676817449 0.1156824874635877 0.11592737884037305
0 0.750246951041485 0.9350052680982092 0.09435305674305994 0.12998946380358162
0 0.7564872761934518 0.7491134782474409 0.11401233887551357 0.1657453683170294
0 0.8543290457894932 0.8951987939477519 0.08710284639736088 0.09866428413027961
0 0.9761428951563549 0.6589567280356794 0.03108016693047446 0.10320059471009344
0 0.8688736159268953 0.751759607087814 0.08388691818411545 0.09535727360693613
0 0.9706203208623178 0.683592706988992 0.055761918184115446 0.09371917889684286
0 0.6730730341110107 0.8308269388554891 0.112375631037097 0.10949536831702948
0 0.6288576843484375 0.9008924549934406 0.07860368778015676 0.19821509001311882
0 0.7138548099752582 0.9189940677664495 0.09665970282385157 0.10546031570031075