0 0.57421875 0.33359375 0.090625 0.2640625
0 0.16171875 0.81171875 0.084375 0.0890625
0 0.27265625 0.865625 0.07265625 0.10390625
0 0.34921875 0.89140625 0.07265625 0.10546875
0 0.64765625 0.75546875 0.10078125 0.15546875
0 0.775 0.67265625 0.10859375 0.1234375
0 0.62109375 0.94765625 0.06796875 0.10390625
0 0.74765625 0.8671875 0.09453125 0.1140625
0 0.71796875 0.6765625 0.1375 0.146875
0 0.759375 0.4890625 0.115625 0.12890625
0 0.4859375 0.071875 0.1 0.14375
0 0.22421875 0.24375 0.10703125 0.10859375
0 0.27578125 0.1046875 0.08984375 0.128125
0 0.26328125 0.29453125 0.10703125 0.1609375
0 0.1703125 0.153125 0.08515625 0.09296875
0 0.04140625 0.3984375 0.03125 0.1
0 0.1515625 0.30078125 0.08046875 0.096875
0 0.04765625 0.371875 0.05390625 0.09140625
0 0.3703125 0.18671875 0.125 0.159375
0 0.77265625 0.27421875 0.10078125 0.103125
0 0.20703125 0.1546875 0.096875 0.075