0 0.1790865502023987 0.48673994912514756 0.26009205223856363 0.11350272037968576
0 0.2079839976251508 0.16049312551288214 0.09660940637700663 0.0881313527754691
0 0.17971291270858467 0.26068678509470267 0.0799132293077851 0.09680601581733077
0 0.14482665762020203 0.3387826101898429 0.09315685775648759 0.08175401878308027
0 0.2741168464480685 0.6488672174139364 0.1617364393936934 0.11105419961943923
0 0.32384128674627305 0.779524309809282 0.12407266508343388 0.10640119171077381
0 0.08234542627625199 0.6192248438782205 0.10540455223856364 0.10719968775644109
0 0.15242663217828872 0.7366789407221905 0.0922494549975256 0.09419035178688588
0 0.5369377510160528 0.6954371057783997 0.18747342378986112 0.1261353715585493
0 0.5445665445481891 0.7815019397707885 0.14364153663473136 0.12279019566510652
0 0.9316201110916188 0.6402746922794273 0.13675977781676246 0.11099053262324468
0 0.9413973631835546 0.537100612735663 0.1172052736328908 0.1104175296574951
0 0.761218540252776 0.24462265817330792 0.09504690637700648 0.08806768577927473
0 0.9200003980092635 0.3290506907965527 0.1395338907731741 0.10391286167271767
0 0.7504315264579662 0.3065496552075584 0.11930327792830404 0.10464769072219057
0 0.8615969985296619 0.21129284642404053 0.1008055834462283 0.0789473537640523
0 0.6188219210763277 0.07121037999868744 0.10336401741285464 0.03851335475263547
0 0.7184677962456698 0.18753039977035094 0.10129690637700665 0.08832235376405224
0 0.6457529132744115 0.0793239689339921 0.0948078889641522 0.053756352775469106
0 0.8243437392574078 0.39297658653820877 0.09841092378986112 0.1225063527754691
0 0.7562819725219219 0.8049407342570312 0.1017882293077852 0.09769735376405242