0 0.10790972070403324 0.570379476586355 0.18241534639736087 0.10002482576804841
0 0.17098976458147636 0.19015875244707073 0.09794941818411554 0.0939533858421822
0 0.12819216231162076 0.30183037322831047 0.11017663354437941 0.08501489546082901
0 0.09229777790931151 0.3825248125212045 0.14133570533113407 0.08298116950744613
0 0.2766944761143096 0.6847569790334258 0.16480194906292792 0.13843256134007814
0 0.33630882000438794 0.8023462723173367 0.1251029515702104 0.11519346878180689
0 0.08063181835503534 0.6521552662420688 0.11004024122451139 0.08032739546082901
0 0.1740445007249158 0.777948929126093 0.12175063103709696 0.1072718413771451
0 0.2931318183550354 0.6595759297590652 0.18364287727617326 0.1422123257680484
0 0.5517375917120003 0.7763095950901601 0.1426996285298145 0.12985616950744613
0 0.9331858877010145 0.48863355733336294 0.13362822459797102 0.11444942431676956
0 0.7258363889546557 0.21499761677452453 0.10098348997087019 0.09093751324684396
0 0.8869162929530063 0.27915686441227183 0.13572220282385175 0.10463791469812271
0 0.7113623634861197 0.28083094790005053 0.13411423871722886 0.10302085099579195
0 0.826929876022532 0.17560278927719558 0.10263691818411544 0.09411707694917473
0 0.5729206744523216 0.05590781505309324 0.104397994985435 0.04735120435383648
0 0.6813673234361073 0.161934614960426 0.10098348997087 0.09093751324684392
0 0.6082133167721897 0.061822998355537485 0.09511392319868044 0.05014882213985135
0 0.8079538701500374 0.3817610200399019 0.1801541644231918 0.12960319836338668
0 0.798317075018953 0.7747744100584354 0.1230858105039836 0.09951390507947586