0 0.19490053214457184 0.5148062731289089 0.2760441269743461 0.156074309422495
0 0.8186045995804371 0.12926407692829522 0.09929145020978147 0.10019637797604238
0 0.8527526114032918 0.24266565922759753 0.12646925684847724 0.08966306956195355
0 0.8610727516503852 0.31746356343464194 0.09846265601864027 0.08925887797604233
0 0.6891689051702258 0.6170150852261684 0.16946224025173784 0.12375384629715871
0 0.6227841207273469 0.7444405987198218 0.13148864357108572 0.11488159084927715
0 0.8582149030956334 0.6013086857107011 0.1121466477202702 0.10575796312533611
0 0.7925997132588141 0.7185779492043544 0.09292305103961844 0.09819683540139543
0 0.4224074576597367 0.6403315249704943 0.19564623195336797 0.14112701659574647
0 0.40550245496044435 0.7301042191542956 0.1508306394219007 0.12400521857321785
0 0.060412207358997674 0.5474980768514206 0.12082441471799535 0.12030106436617345
0 0.058708458708643864 0.4510601194260676 0.11741691741728773 0.10412976114786479
0 0.2653020008251926 0.17028609478454942 0.11489313942190069 0.12149222376899793
0 0.12413162655013885 0.22833853142678212 0.15696224025173772 0.12287976114786484
0 0.29301168111424225 0.22507750158948386 0.17282403859206372 0.12709736758448215
0 0.17702167344057237 0.1251699727605918 0.10651195435896632 0.09293018119435104
0 0.4286452182564135 0.013650641634183761 0.10452247925407558 0.027301283268367522
0 0.31788347178089843 0.11221151483103564 0.08475535352912936 0.09296303218308677
0 0.38274072240559837 0.02361014967995545 0.09344326929603194 0.0472202993599109
0 0.16950148090446077 0.3269674195422831 0.1731559253146721 0.15198810694082052
0 0.19707464832174848 0.7322451454049681 0.1063702444009226 0.11157092055068922