0 0.7266629299027361 0.373732487551692 0.28409251778268024 0.14432393657758916
0 0.18453731844914328 0.8556452423192538 0.10124147642635144 0.0993923262236546
0 0.12460585442878866 0.7539532106786355 0.11323205417661045 0.08918286831702957
0 0.09428696174855225 0.6855973238045803 0.11821065260503386 0.09570588410204497
0 0.21278452047327664 0.3662642239034023 0.17101032092583343 0.12527155773721593
0 0.2854857739879333 0.22724025028234868 0.1478639193542568 0.13015647881213824
0 0.03944983602242661 0.4229600868881727 0.07889967204485322 0.08532982622365459
0 0.09420364847120466 0.28590813694464245 0.12987589867609245 0.11196792093374786
0 0.2798500500427813 0.2813285108056924 0.16828773531769164 0.16718604195220044
0 0.4716052105056979 0.21250437414339865 0.14503001778268027 0.1362244682887946
0 0.90234998056469 0.4157016377211013 0.15687504631872784 0.12289001038216937
0 0.7479170758927414 0.7036251139024037 0.12591614474715113 0.12731990514873245
0 0.8838588839982933 0.6287021666602964 0.14230312406898663 0.11113346302712265
0 0.6964658918561761 0.6707817927992465 0.17613446856846854 0.13491957352223166
0 0.8428271615008832 0.740170287678749 0.10600175103345748 0.10122784200867016
0 0.6075702500045093 0.9065820558828388 0.10508991439185814 0.04819384727034191
0 0.6998562574481073 0.7820000138600514 0.10265842721213972 0.0963583314853265
0 0.6313716230400385 0.8974044769577612 0.09822348428423418 0.06805132096198285
0 0.7759051428896334 0.5711010402389978 0.11319782092583335 0.12190436305535748
0 0.8210165514905233 0.3051274297438889 0.26966614474715095 0.13569238922254243
0 0.8764851856937043 0.5862794482303275 0.1320205955329392 0.12455892619541978