0 0.851187922333035 0.5628476111953393 0.26434029691210803 0.14671490746575627
0 0.08566458213701633 0.7480438080349494 0.11146826805616734 0.10656937418757337
0 0.06645576906765767 0.6265409549506942 0.12213294954451306 0.09894778896022594
0 0.06376976788653133 0.546757997564368 0.12536707694917476 0.10212733603812651
0 0.2812301195152954 0.2964927650142384 0.18136410580511528 0.14058190990138844
0 0.39805801016680104 0.19690759658813806 0.1532391058051153 0.1400909862002823
0 0.08988835690142365 0.2689193697233466 0.12046132213985135 0.09579551542127547
0 0.2035912475529293 0.16927965421934557 0.13857640507947588 0.12265802434972924
0 0.36746028539454445 0.2448405361175568 0.19059526206571756 0.18134327759614008
0 0.5677504620735668 0.2624076858726755 0.15819942431676956 0.1479853068171333
0 0.8875768009188232 0.6400919496690978 0.16875497840045384 0.1372387215897856
0 0.6466987966576538 0.8446083055960221 0.13906747840045366 0.1367205243497292
0 0.7948461199786315 0.8331231550268292 0.15107640507947587 0.12287621266133186
0 0.6101908669834067 0.7931588538917387 0.18794148801910032 0.15006600405718978
0 0.7182712070946073 0.9216850486961633 0.11626489546082901 0.10977619480442442
0 0.4427330045548694 0.9743986895277711 0.10815972958157989 0.05120262094445778
0 0.5806174396714121 0.9013025904990581 0.10031251324684405 0.10012845941492117
0 0.47331088195953114 0.9696069366867496 0.10396330290255769 0.060786126626500805
0 0.7456224246952877 0.7204771047025176 0.1948462524470708 0.1689250982129913
0 0.8101810095338289 0.32683224471840366 0.18025796279135697 0.19833986282348767
0 0.7820113032810758 0.797721443176276 0.12802085099579194 0.13340460957707698