0 0.11953125 0.58671875 0.075 0.06953125
0 0.16328125 0.80546875 0.08203125 0.0875
0 0.26484375 0.8421875 0.071875 0.08359375
0 0.35234375 0.88828125 0.0875 0.10390625
0 0.6421875 0.75390625 0.09296875 0.153125
0 0.775 0.70859375 0.096875 0.1140625
0 0.6296875 0.9234375 0.090625 0.09453125
0 0.75078125 0.8578125 0.09140625 0.096875
0 0.675 0.48828125 0.11328125 0.17109375
0 0.7671875 0.4859375 0.1 0.134375
0 0.58984375 0.0875 0.096875 0.14609375
0 0.48828125 0.071875 0.07890625 0.14140625
0 0.2 0.259375 0.07578125 0.084375
0 0.27265625 0.11015625 0.09296875 0.13359375
0 0.2703125 0.26171875 0.09140625 0.1234375
0 0.16796875 0.15546875 0.08046875 0.09296875
0 0.0421875 0.390625 0.0375 0.09453125
0 0.1515625 0.29609375 0.08046875 0.0875
0 0.0484375 0.36171875 0.05078125 0.0890625
0 0.34609375 0.2203125 0.09453125 0.09453125
0 0.7703125 0.27265625 0.09609375 0.09453125