0 0.4223684623661878 0.3734375 0.2600129549649321 0.15625
0 0.7656373149224829 0.90234375 0.10943316162790725 0.0984375
0 0.8380549305924717 0.81328125 0.13453329117755644 0.1
0 0.8736431747323756 0.746875 0.10757027297895902 0.09375
0 0.8107288579549661 0.4234375 0.18391152991878953 0.1390625
0 0.7911301519102997 0.28828125 0.14541023442229636 0.1234375
0 0.9558802159145448 0.48359375 0.08823956817091058 0.1125
0 0.9479797316445193 0.35859375 0.10338342072720579 0.1015625
0 0.5546209554263575 0.328125 0.20668769586563335 0.153125
0 0.5708386358711708 0.23984375 0.16486114126984147 0.134375
0 0.14384414173126694 0.30625 0.17559838217054297 0.13125
0 0.10932704425987552 0.4015625 0.16874760487264706 0.121875
0 0.2251160371631617 0.72109375 0.13150842072720587 0.1015625
0 0.11387005166113118 0.61875 0.1570486412698416 0.134375
0 0.2505177529254355 0.66640625 0.1583107526208936 0.1296875
0 0.12894194401070697 0.73203125 0.11734579117755653 0.1
0 0.3382632865448528 0.9140625 0.10516716378737553 0.05625
0 0.2635462839239592 0.784375 0.09683303207825791 0.096875
0 0.3130933058231843 0.89921875 0.09629281153562212 0.0640625
0 0.2174165538205995 0.5765625 0.1259593275747511 0.1125
0 0.37265265730897057 0.1828125 0.13270997532299775 0.1203125