0 0.8621509737402644 0.266142767341298 0.0871105099247977 0.1663467528747221
0 0.7846745988427081 0.0752921748814367 0.0999700748547749 0.10833876324231462
0 0.6669627140203547 0.054129541352199675 0.09132282092583352 0.10825908270439935
0 0.58624140694826 0.05029606856713016 0.09255998924663303 0.10059213713426032
0 0.3087220667920042 0.23753293694597283 0.1250471575674325 0.17900257775694425
0 0.18725798159814716 0.3563109141845374 0.13133139081820958 0.14687358294074054
0 0.31454834346602467 0.052320907987616 0.08641699710451593 0.104641815975232
0 0.1957918813076969 0.15637926470291705 0.11363446856846857 0.13443237153638865
0 0.23562486104381725 0.32017863308175976 0.17617300992479742 0.1741387119699997
0 0.21835166212005577 0.523987138265556 0.14263276385373888 0.1556429901980554
0 0.530609643718203 0.869361969509353 0.12780828453190338 0.17146347983046262
0 0.7795502196064351 0.6530658603668071 0.13118584160399785 0.1437485829407404
0 0.7350831280024372 0.7892275357674089 0.11443498924663302 0.15161987153638848
0 0.7290429514094701 0.6349207445798626 0.11781254631872748 0.12390497464666658
0 0.8378485630724597 0.7211036694148165 0.1017508986760924 0.11316296427907382
0 0.9440965248165029 0.4612707566908815 0.050261173283198346 0.11021433006601847
0 0.8406739642297516 0.5769141720067147 0.09782537799792798 0.09570206220555537
0 0.9393169795312325 0.4803625092827796 0.06701202564056316 0.10234304147037018
0 0.6571272560003653 0.7089043401972699 0.13231169396136266 0.13451028397749987
0 0.7042697756450723 0.782586556502594 0.09601032092583353 0.12355366013203675