0 0.2117173316825073 0.43557019349151976 0.2613835233378593 0.14084736697916025
0 0.22628872533350658 0.8232296901575399 0.10283769970043757 0.09996779121570647
0 0.17270172654145458 0.7086571360649556 0.11677265394280308 0.09955320303441759
0 0.1471918013868242 0.6243140869733412 0.11913237939699584 0.09043329454968649
0 0.2861755845574452 0.33998636864615017 0.1752865266718391 0.15089230455162622
0 0.3672186772806623 0.23950774971013594 0.13781847758022464 0.1292087521260319
0 0.0926487251643287 0.3459181489418332 0.11575228788172678 0.0870532030344175
0 0.17429772470528673 0.23384832576345352 0.12873052000387936 0.11294602333785926
0 0.3905122692549733 0.3632481386500295 0.16469971303635714 0.17330943849054997
0 0.5533633424333531 0.2857443762321938 0.14783120636839725 0.13778652667183913
0 0.9444347525850738 0.6270058156408277 0.11113049482985246 0.1248719384905499
0 0.7908136109394202 0.8654312315424244 0.1260837521260319 0.13756338606495574
0 0.9319822276648135 0.8291743513965224 0.13603554467037285 0.11265898091420468
0 0.7459158280586633 0.8097712918439264 0.17882611485312835 0.13721244182452982
0 0.8872738938201771 0.9253001812428622 0.10921524545807201 0.10204047424624463
0 0.6459470053393256 0.994514436449107 0.10449605242559432 0.010971127101786137
0 0.7385653268507153 0.9193695613887638 0.11039510818516848 0.09748052000387944
0 0.6699106638240565 0.9885992118284092 0.10003169303247787 0.02280157634318165
0 0.8529155139641393 0.7230521550300648 0.17528652667183914 0.15089230455162622
0 0.7888862542520638 0.3189387398773741 0.10621779121570682 0.10334788273097573
0 0.7714573173078175 0.9742096663002956 0.07656224212409235 0.05158066739940885