0 0.24637711725588435 0.5200764421678843 0.2808073439616777 0.15176672433401847
0 0.22539839043449011 0.11710795106513286 0.10343261646291486 0.09932352076024667
0 0.15284728177349133 0.22218938190149168 0.11724945499752559 0.0952090237259962
0 0.1146645290599579 0.29624630581776834 0.11552318068726608 0.09202035672980183
0 0.1952882507929695 0.6172671185556189 0.17447545680654794 0.14587486859279988
0 0.2224129155377191 0.7393357781374394 0.13270403663473135 0.12234452669174552
0 0.03476234509333144 0.561307573117974 0.06952469018666288 0.08675985376405215
0 0.06952361092430628 0.6964518942587814 0.1290877137039529 0.11284219269935694
0 0.2160068645423509 0.5938150311031889 0.1968417797373264 0.15614120653952135
0 0.4399312861845055 0.7390479821683218 0.15062852103089916 0.13710736364988385
0 0.8983933186353653 0.49974547125672586 0.15293464947960161 0.12160969764227278
0 0.7713139987568046 0.2172579179104155 0.12004026232447185 0.11871019072219058
0 0.9032390281554467 0.28828138924150337 0.14142393939369313 0.11022652866891214
0 0.7320976905253472 0.2664103423209837 0.1449583751693421 0.1181663626613009
0 0.8731155161696591 0.1788082301539744 0.10812011646291494 0.09951452174882984
0 0.6563451752601992 0.03094502760596679 0.10574538896415202 0.05420202174882984
0 0.7328114207376434 0.14866442680766406 0.10795634215265544 0.09638952174882984
0 0.6838969651742909 0.04073652167446774 0.09850609905006032 0.06482118676785789
0 0.8072880410457455 0.3787246585188753 0.19059177973732638 0.15588653855474383
0 0.6833603816165212 0.7649897637658023 0.13015889077317447 0.10353085969555131