0 0.4433574593014106 0.23515625 0.10930446403563483 0.2625
0 0.8360903993077737 0.18828125 0.08541133601209046 0.0890625
0 0.7249989053150918 0.134375 0.07307496801399935 0.103125
0 0.648754578652137 0.10703125 0.07314769334818116 0.109375
0 0.349462008633047 0.24765625 0.10328972668681721 0.1484375
0 0.22115464795513845 0.33046875 0.11090223201781735 0.13125
0 0.37829717532622764 0.05234375 0.06838746801399935 0.103125
0 0.25325117464990987 0.1234375 0.08848179201145401 0.084375
0 0.27366202995704747 0.31640625 0.14858404535327183 0.146875
0 0.23390754459741228 0.51015625 0.11711586935072651 0.128125
0 0.5032809692075512 0.9265625 0.10170904535327167 0.146875
0 0.7685530752307775 0.75546875 0.11377269334818116 0.109375
0 0.7138099365452328 0.89453125 0.0921158693507266 0.128125
0 0.7277195372374589 0.70625 0.1112294960216353 0.159375
0 0.819833217218369 0.846875 0.08546588001272673 0.09375
0 0.9515757552514582 0.603125 0.026181786680454167 0.1015625
0 0.8402649905713225 0.70234375 0.08232269867918127 0.0921875
0 0.9450348539147312 0.628125 0.05417951734563573 0.090625
0 0.638420132558914 0.79375 0.10744996801399935 0.103125
0 0.5943968652132783 0.884375 0.07144083736472577 0.23125
0 0.6788264092139146 0.8796875 0.09649428668045382 0.1015625