0 0.4230696777397043 0.3258597819462298 0.1686853245555056 0.2688965453532718
0 0.9501024866037373 0.72395709587846 0.09979502679252547 0.10586928668045381
0 0.8637887253335066 0.8008746792250504 0.10162588606495575 0.11669769867918127
0 0.8022611650320044 0.8422542045671865 0.11138352333785936 0.12149428668045381
0 0.47230285593845045 0.7757143312778662 0.14384507909743344 0.17494655068427195
0 0.3264962773000589 0.7234534919637289 0.14700203000581896 0.15625109468490841
0 0.5519578892782493 0.9468257152689574 0.09684279121570682 0.09634883601209054
0 0.414824680034914 0.9241796506206384 0.1082904742462448 0.10272610534690826
0 0.3794299586636071 0.7204915766231839 0.1874675333397989 0.17389312802354445
0 0.2881996965356356 0.5416949619669106 0.15130689273291545 0.1516181386855447
0 0.43150483363936126 0.07758755597550113 0.14113466727872254 0.15517511195100225
0 0.7336568781890478 0.18383317723586812 0.14027379788366634 0.13119655068427197
0 0.6431757862147368 0.06615861262732 0.12697657242947358 0.13231722525464
0 0.7086247983427084 0.24120987257323154 0.15516521637033698 0.17976132001909
0 0.7575251997004375 0.0834604598981865 0.11049070303441759 0.11055678668045392
0 0.9513063769810998 0.2923434692075512 0.06010806576151388 0.10528748400699968
0 0.8171229534934594 0.2196155885582777 0.10711061151914833 0.10739542401336306
0 0.938519463495399 0.26981448854236934 0.07847542848861053 0.10081816000954502
0 0.6006530595525961 0.18303484058723093 0.12506338606495576 0.11697041868236288
0 0.3873559630363571 0.156583070615866 0.1693550042520638 0.2579772266868173
0 0.6019448793969959 0.07432291191918552 0.13596893515656988 0.13582950668363558