0 0.48808528639894105 0.17081403239192033 0.11582602966144577 0.30378859621281207
0 0.8138892622966403 0.16880312226002064 0.09117042154477702 0.09427724082661784
0 0.7000994730690286 0.12126452604720854 0.08033291549465282 0.11140110831306052
0 0.6259079941462675 0.11614523399092672 0.08176815046753809 0.08953519867214013
0 0.32736997931554457 0.2659760205862595 0.12273858411256366 0.1491465480082102
0 0.20911942818407647 0.31372719847574837 0.10539654800821019 0.12248405405833437
0 0.34165571399384237 0.09339703863843628 0.09748405405833438 0.1052511022629363
0 0.2280790273237548 0.143519237605164 0.09269656010845857 0.08803633118569745
0 0.3219729104264873 0.5222032946885605 0.1260817527304745 0.1866647287263694
0 0.23674848273339016 0.5334266201187213 0.11957722267624522 0.14287836729005096
0 0.434494073681645 0.9218212391667929 0.11184653590796181 0.1563575216664141
0 0.537569076706707 0.9295453686061903 0.11021131303532491 0.14090926278761948
0 0.7980440101553409 0.7437303993873837 0.1366465480082102 0.12266586123992677
0 0.7448912181972549 0.8824883723582164 0.09919199980360816 0.13026019262201594
0 0.742807064311871 0.7035639416400572 0.10396131303532492 0.14434996369925485
0 0.85227699220136 0.8221735619551703 0.07869769262201594 0.09889201795398109
0 0.9607490641154793 0.5751400015521242 0.044331782981095455 0.10025453005422928
0 0.8577780793389858 0.6823570830324093 0.08640110831306061 0.08018746974937904
0 0.955857031036188 0.6102689804748852 0.05992042154477702 0.0940954336450254
0 0.6641775493829523 0.7898281736860764 0.12246587334017515 0.10227154800821019
0 0.24175310353948257 0.7475254815550397 0.10373405405833439 0.10528746369925468