0 0.8324948837399997 0.3811890637561682 0.263810539703264 0.1447376415249675
0 0.7634059237276041 0.0663450558802604 0.10527068787965277 0.10060552000387935
0 0.8088073830744096 0.1593299102724071 0.07878092306201409 0.10156224212409222
0 0.8500123049021525 0.23160365193745736 0.09571384992375016 0.0920277454580721
0 0.7560018528704509 0.5519636914861741 0.16679006933854162 0.1305798045516262
0 0.7216606076201035 0.6873271066388649 0.1291445989738195 0.12126870636839726
0 0.9381246750587842 0.499668383600568 0.09945709897381931 0.11884533697334128
0 0.8884493705378812 0.623807256329604 0.09600479065319475 0.10452774545807202
0 0.49757045060999944 0.6331012186170552 0.19371624525034736 0.14837308243141328
0 0.5002577330950688 0.7186560813441515 0.14985714247680554 0.14011430121764618
0 0.08434440520715224 0.6309633443902071 0.16522756933854177 0.13045225879399175
0 0.06707382475378451 0.5315691222699941 0.13414764950756902 0.12748675546001173
0 0.20695394234496506 0.2209350269617032 0.1258377610179168 0.11320111485312827
0 0.07205030585208307 0.3216201663606387 0.14160823138263898 0.12072657242947367
0 0.23916572388010388 0.2775677931725607 0.12754573138263897 0.1195786606107628
0 0.11623867657739566 0.19870895378332348 0.1034899823325695 0.0911029742462448
0 0.3439668991263194 0.02962488756276769 0.10414329255305557 0.052168020003879344
0 0.25286716080982624 0.15792497286911894 0.11152068787965286 0.10111570303441746
0 0.31718619357923605 0.04116816544255479 0.09665810087368065 0.06559279121570664
0 0.1745927711828122 0.3717321234779421 0.10603440729444458 0.13341802000387942
0 0.2924809474758674 0.7675871442307274 0.1024002610179168 0.11128792848861017