0 0.54765625 0.8578125 0.09921875 0.26640625
0 0.16015625 0.80390625 0.08671875 0.0859375
0 0.271875 0.85703125 0.07265625 0.1140625
0 0.34609375 0.878125 0.07421875 0.0859375
0 0.646875 0.75390625 0.10234375 0.153125
0 0.775 0.7078125 0.096875 0.115625
0 0.6296875 0.921875 0.090625 0.09609375
0 0.74609375 0.87421875 0.084375 0.078125
0 0.675 0.48828125 0.11328125 0.175
0 0.76484375 0.4859375 0.103125 0.134375
0 0.58984375 0.08671875 0.096875 0.146875
0 0.48515625 0.071875 0.0984375 0.14375
0 0.1953125 0.25390625 0.06953125 0.1015625
0 0.271875 0.1171875 0.1 0.1390625
0 0.26328125 0.27578125 0.09921875 0.15859375
0 0.1671875 0.15703125 0.07734375 0.09296875
0 0.04296875 0.39140625 0.03203125 0.096875
0 0.1515625 0.296875 0.08046875 0.071875
0 0.053125 0.3515625 0.046875 0.08359375
0 0.34140625 0.20859375 0.09375 0.1
0 0.7703125 0.28203125 0.09609375 0.1