0 0.8476065984639032 0.40445387889892837 0.10156747840045348 0.13945200361804472
0 0.7679910534507118 0.17408694821166232 0.1005307680561673 0.10976450361804461
0 0.6630679404740204 0.15293456524040405 0.0924454495445131 0.10154256784239588
0 0.5732613960089832 0.12474761024287843 0.09913195916315995 0.11437011646291487
0 0.29545631062228794 0.3027276888278665 0.1382143065307547 0.16164790818602892
0 0.17773060808255 0.3568242893482648 0.12171628729346104 0.13582903663473136
0 0.286860104539171 0.12304351085413386 0.10996033175849824 0.11181832654882311
0 0.1813615834877787 0.18560770861557022 0.10165675843752049 0.09734639077317438
0 0.3128793904818696 0.5658385204650722 0.14539188947037926 0.18853795680654778
0 0.2185564716073956 0.5773315411572872 0.12242561542376221 0.15614153663473154
0 0.452236979327126 0.9322304030976462 0.1242063702330856 0.13553919380470775
0 0.5577602930294567 0.93472630031597 0.11477680653075488 0.13054739936806
0 0.6317260718853973 0.9159701537750149 0.13065477767481415 0.12382035956551007
0 0.7638590148064884 0.8751514812283491 0.11919148801910051 0.15285276232447204
0 0.7543625076349123 0.7212485532546165 0.13138395317271012 0.18936347241038015
0 0.8724825358578807 0.8127510577771722 0.089702395460829 0.11231629353213642
0 0.8159721302302506 0.7276080958822415 0.09035715988879929 0.13106629353213642
0 0.858397732407169 0.6781746619156153 0.10053076805616712 0.10976450361804453
0 0.9415847438399142 0.6269640439823623 0.08038195916315978 0.11338747060135787
0 0.6835564451137077 0.7989364620064723 0.11949902286549072 0.1169971494796016
0 0.25095227623923383 0.7927009136130959 0.11270338584218217 0.10104460085908258