0 0.2075769628810507 0.7360017741928211 0.12223204274124866 0.11312504631872748
0 0.2862132935896632 0.8696726069054789 0.1044525468904336 0.10451202564056317
0 0.40180332740784214 0.9054175159206534 0.09673513527271585 0.125950377997928
0 0.4822012224288203 0.9185040208830522 0.09640324855010754 0.10102315260503403
0 0.7432184649556431 0.7570572144301302 0.13778711037760658 0.1745719685684687
0 0.856877300638633 0.6954005845701753 0.12557053029369394 0.13663532092583353
0 0.7684463757481682 0.9256081612869771 0.11441954274124874 0.11276117328319835
0 0.8711677114311582 0.8634421091772811 0.10386055103961844 0.09669952564056317
0 0.705003456857766 0.48903280644841285 0.15495129958972598 0.19561221463952716
0 0.7934856164008913 0.4752485963569996 0.13324132033565023 0.1556764193542568
0 0.5223854080932326 0.10295825764848587 0.13227081618646536 0.16341614474715102
0 0.4163130068484772 0.10035333436528757 0.12254061867597632 0.15829199710451589
0 0.18551698320276783 0.3215946718354562 0.0985577444009226 0.10890842721213971
0 0.21633816286711754 0.17355958622731438 0.11437292116548728 0.1532406240689866
0 0.2552966869370342 0.3178382791552198 0.12291912697434615 0.1427397717116218
0 0.12985713382282335 0.22402615901517464 0.10180114357108563 0.11061647642635145
0 0.06724334772955928 0.4764554921421172 0.05781434523075959 0.10545378742738745
0 0.14916600872257701 0.3658326693542569 0.09869945435896632 0.09023120181924557
0 0.06655626349646182 0.44684076674922296 0.0698407485501075 0.09978598428423421
0 0.32344211307689896 0.27196716108208924 0.10203794191141169 0.11374147642635143
0 0.7471397222051057 0.27457435421488247 0.12306083693238978 0.12406254631872767