0 0.17421875 0.734375 0.059375 0.1734375
0 0.16171875 0.81171875 0.084375 0.0890625
0 0.27421875 0.86640625 0.07109375 0.10546875
0 0.35078125 0.90625 0.06953125 0.13359375
0 0.64453125 0.75703125 0.09453125 0.15703125
0 0.775 0.653125 0.10859375 0.0984375
0 0.62109375 0.94765625 0.06796875 0.10390625
0 0.746875 0.8640625 0.09453125 0.1109375
0 0.71484375 0.6875 0.13046875 0.15390625
0 0.76015625 0.48984375 0.11640625 0.128125
0 0.4859375 0.07421875 0.1 0.1484375
0 0.22109375 0.24375 0.11484375 0.1125
0 0.2765625 0.10703125 0.08984375 0.12890625
0 0.26953125 0.271875 0.09921875 0.11796875
0 0.1703125 0.153125 0.08515625 0.09296875
0 0.04140625 0.39453125 0.02109375 0.1015625
0 0.15234375 0.296875 0.08125 0.0765625
0 0.04765625 0.37109375 0.05234375 0.09140625
0 0.34765625 0.20546875 0.11171875 0.10546875
0 0.0546875 0.31328125 0.03203125 0.11796875
0 0.32265625 0.11875 0.09140625 0.121875