0 0.46121020179790734 0.8454827178322063 0.12973227360693612 0.09072193361304173
0 0.2228232650085567 0.8078330429417413 0.10040879465362354 0.0947223493799445
0 0.18717492036905056 0.7077388771748387 0.0921412683452643 0.08631785352912935
0 0.14540537834626294 0.6238025076736698 0.106385778868608 0.09050844606059663
0 0.2807311444136272 0.320071088582775 0.14864887357870132 0.12171182448483524
0 0.3179364708490433 0.1909154622331288 0.12475634727034209 0.11212333693238982
0 0.10227992072198641 0.34144029356644123 0.1008638209619828 0.1025348493799445
0 0.1488980445124492 0.22569597178089845 0.08799979991529541 0.09533765601864026
0 0.5440200996894164 0.28678037882522395 0.17713789462538862 0.13009300954776962
0 0.5415937787274336 0.1912310804848979 0.14488683674699843 0.11053752614450914
0 0.9316465077160399 0.357298985454631 0.13670698456792038 0.1125736228251613
0 0.9414723168745546 0.46098009250824534 0.11705536625089082 0.10319862282516112
0 0.9354010467903493 0.5396145779860981 0.1113308841020448 0.12199524440092269
0 0.9143667519249643 0.6769612126341141 0.14157982622365495 0.10717572780418312
0 0.7608700256024876 0.6956547808951721 0.17944384727034207 0.11626730788809567
0 0.8671493886578452 0.7958897340047384 0.10097023677523324 0.07765324855010754
0 0.7785272334385256 0.7563079383637048 0.11824874203690498 0.08051813942190086
0 0.7336011412886811 0.806794113053677 0.10031778939195171 0.09315984937994451
0 0.6915872175123357 0.9072802877436492 0.10409523677523325 0.07789004689043359
0 0.8274135125188952 0.6121426186527544 0.10453485253201374 0.11214664772027057
0 0.7593728129283006 0.18492984583223757 0.08872784200867016 0.10783765601864026