0 0.14686258900274252 0.6326339068087565 0.16134146276527797 0.22420637023308565
0 0.7180758931423957 0.07093988322547547 0.10865026101791671 0.1068353317584982
0 0.7962716686936109 0.1657861025554364 0.11940592306201392 0.09940477767481415
0 0.8299186636596179 0.22940216925299212 0.11475479065319441 0.10080358656782167
0 0.7720814477602078 0.5678669577275796 0.18343336189159737 0.1672123257680484
0 0.7504402242613535 0.6927404721555497 0.14044577488562524 0.13136410580511537
0 0.9405606504574996 0.47299342342934336 0.09749455547083344 0.09707838584218216
0 0.8996784644777078 0.6196154522852839 0.13401393692972227 0.12333335099579194
0 0.7519514389264926 0.5271973177090461 0.21802656743868082 0.17778772721932726
0 0.5332157034597911 0.7354537949283733 0.15803331838861112 0.14915180653075488
0 0.07279649468166645 0.5870882830322918 0.1455929893633329 0.13519843393541642
0 0.2227237594993053 0.2576314176085296 0.157233231382639 0.1147768065307547
0 0.0642592556995832 0.3757514789486078 0.1285185113991664 0.12349704210278442
0 0.2086417692829511 0.3260366772271765 0.11508209897381957 0.11486608656782167
0 0.07744762709048589 0.2611433419252992 0.11337412860909732 0.10856152286549073
0 0.28718956905420134 0.07037446506879168 0.10766833605604172 0.0646478317584982
0 0.20991594139503453 0.20421624092950733 0.10389002583555565 0.10354664065150568
0 0.2642423783247569 0.08366563875258907 0.10327177678548623 0.07698414065150563
0 0.15753125133118018 0.44257190199943297 0.18317878875333343 0.1562748257680484
0 0.31927918360815905 0.8045932084453696 0.11508209897381949 0.11486608656782167