0 0.5331235841561807 0.09862743580159976 0.13328658510611113 0.0913189849563052
0 0.773385561454757 0.10961744543501821 0.10054682028847246 0.09348923871722889
0 0.821752285903542 0.2059325042896491 0.0941149823325695 0.08549488229073816
0 0.8728621506449308 0.28575038493103466 0.10679682028847211 0.09367109514371963
0 0.78233394851632 0.5948418915949523 0.16511846656500015 0.117228267088759
0 0.7542115613578478 0.7301261737274058 0.12594686379145853 0.11140416442319179
0 0.9491966999896704 0.557923250133014 0.10160660002065924 0.10290970282385156
0 0.9001591877827437 0.6860087977048739 0.1211502610179167 0.10658027210332363
0 0.5329346669811812 0.6615138807078925 0.1514560100679862 0.13400659012915472
0 0.531955354860834 0.7537923089211379 0.14633209897381966 0.11512019780928676
0 0.11483797720166719 0.6345902971761485 0.15875936379145844 0.11235891066226814
0 0.08589339997934073 0.533019436988734 0.1491661582443751 0.102711126022532
0 0.09266877042031288 0.45464438440230925 0.12311280452090287 0.12381323620994653
0 0.10345818721406277 0.3136102074427051 0.13997299620027787 0.11025084138279588
0 0.26474052611989607 0.2901546724072576 0.14596842306201402 0.09949519780928666
0 0.1251312058314238 0.20353051379005355 0.10679682028847229 0.09367109514371963
0 0.16679137575930572 0.17964673291124117 0.14353310087368057 0.06194973370266399
0 0.2704612364166321 0.16646711982083287 0.09898432028847229 0.09344377461060623
0 0.28228712955902785 0.06996419286122874 0.10167290919430556 0.07478470282385159
0 0.21337935429215307 0.3674817020324288 0.11620818787965286 0.09550637978345566
0 0.3200372363197229 0.7849754274218226 0.09309799620027785 0.10888691818411544