0 0.14379355290538226 0.3647987464853434 0.09520601006798621 0.13398120181924558
0 0.21817138459302096 0.1329622415229446 0.0961138934267362 0.10592897642635143
0 0.3224224734988542 0.10933634284685216 0.08971842306201391 0.099387877997928
0 0.4178070554708334 0.07439195450984193 0.10588893692972227 0.12355312406898658
0 0.6891586446610072 0.24085374669474033 0.125729964665139 0.17130141935425683
0 0.8125065321038198 0.2984585773404834 0.11704464247680554 0.13343754631872756
0 0.6976400258355556 0.06761529983789347 0.1055252610179167 0.1079281240689866
0 0.8046180308695486 0.1275467638582481 0.0974218202884722 0.09506425103345731
0 0.6821689879352435 0.51178483085514 0.1385572729857639 0.1859461162111037
0 0.7762281124602782 0.5206996044287887 0.11748105357097227 0.1521875463187275
0 0.5487824450009382 0.8965323201017732 0.11613675911805572 0.16148977171162143
0 0.44567562879652856 0.9021166941707598 0.11137652393569457 0.15814644789030438
0 0.3714016741993757 0.8695996007047351 0.12605596656500015 0.11824919396136266
0 0.23831576405513957 0.8304365550051799 0.11264808320625012 0.14571922249740998
0 0.243345490119445 0.6769112946660977 0.11668227298576406 0.1849272717116218
0 0.12592356040791733 0.7731035521096958 0.07591049620027786 0.10967040653397539
0 0.18115461464447974 0.693103528950332 0.07932643692972237 0.12231595574818695
0 0.13860278552229222 0.6458133060386373 0.09429682028847228 0.09491870181924558
0 0.29127515026368117 0.720040556452922 0.10683449430041678 0.16417812406898663
0 0.7452554418668063 0.7692848076957763 0.12064242116215293 0.15389559553293938