0 0.8300849522855114 0.2790457761212872 0.3005416181871083 0.16252884648015942
0 0.33247469457878154 0.8662240381678565 0.10647288273097573 0.10589664772027056
0 0.24409810760544035 0.7754465954312522 0.11677265394280303 0.09891294191141178
0 0.20438216123898262 0.7029921775897573 0.12222542848861026 0.1086431394219007
0 0.2568066910756238 0.3822284690816061 0.17895366061076282 0.13778711037760658
0 0.269339028797871 0.24685873152916069 0.14068838606495557 0.12557053029369403
0 0.10125806380465985 0.4411801844382345 0.11961061151914842 0.11465634108157463
0 0.1146832218303488 0.3167479468857891 0.10035042848861027 0.10698555103961845
0 0.5078432904668005 0.2893143055897886 0.20691916394474283 0.156987396270378
0 0.4874194780392666 0.20282069853617432 0.16202125212603188 0.13960971950581333
0 0.9168522088688823 0.2722378238369133 0.16629558226223545 0.13418851369695445
0 0.9404649231131874 0.3619389412634898 0.11907015377362526 0.11761632033565031
0 0.8579216204823179 0.6778384736317763 0.12531847758022466 0.1275115385920639
0 0.8268304724585687 0.855490799566504 0.10915160151720862 0.06262024440092233
0 0.8045416579050026 0.640220997076993 0.17946384364130097 0.14403711037760658
0 0.9506205928923949 0.7009664750816688 0.09875881421521022 0.09855774440092269
0 0.762736021550183 0.879213564713351 0.10915160151720862 0.06262024440092269
0 0.8260974066970548 0.7502113037156889 0.09346269970043757 0.09869945435896632
0 0.8057367224585686 0.8570891883637047 0.09741687606301604 0.07104805103961845
0 0.8719528142637017 0.5030510385688418 0.20235920970237728 0.158194698759889
0 0.6893807197043169 0.14428245765973666 0.11530574879205205 0.11898864357108563