0 0.6888878021164493 0.8736142183679518 0.1326317813494537 0.12180487765916652
0 0.8931384027689043 0.7737090566081952 0.10744996801399935 0.10559799620027785
0 0.9174833274188142 0.6508716218626743 0.121421561346272 0.09811280452090294
0 0.9228151700747691 0.5721108422273966 0.121421561346272 0.09811280452090294
0 0.7175078627068618 0.3127137391695145 0.17652723201781734 0.13532317021222245
0 0.6263732380251352 0.19968510267663248 0.19233404535327187 0.15131184612402793
0 0.9078783240372255 0.2952755852935424 0.11826019867918128 0.0949150693385418
0 0.8090039246896807 0.1883151108447576 0.10748633068109008 0.10872299620027785
0 0.6276908373647258 0.24579703647222276 0.16311926002545327 0.19124586189159737
0 0.4435249227004984 0.25947441071291705 0.15319882001909005 0.144152656344514
0 0.09857878608367797 0.6185337540840626 0.1718579133513628 0.13677656743868064
0 0.4120173141310849 0.9696072512342709 0.11798747867599957 0.06078549753145808
0 0.3380060074394951 0.7896866279435072 0.17347495735199914 0.1415004350298613
0 0.25348665145603977 0.9095614104285765 0.11373633068109026 0.10886846656499997
0 0.5183036767981758 0.9740051169255904 0.11166475334181776 0.051989766148819075
0 0.3946020001193127 0.887852677430417 0.1246556493475448 0.10756053970326392
0 0.4706837894652667 0.9766391544446529 0.10065452800763594 0.04672169111069415
0 0.277067960097041 0.7210989756830558 0.12781701201463563 0.11075827488562506
0 0.22471566677272242 0.7862687275829169 0.12616360534690846 0.10290940729444457