0 0.732023858711319 0.8312846169834067 0.10729583148532633 0.10198414065150559
0 0.6105814982162101 0.8682712402117172 0.09790542093374803 0.1281646947351895
0 0.5335639719078509 0.8787573616259291 0.09470482622365459 0.09998513103285873
0 0.268756561215098 0.7133605732361596 0.13795356826055974 0.17322422359113004
0 0.15470103746698746 0.6502926327621393 0.1232694419804353 0.1352877139724832
0 0.24720924295453822 0.8825198010036411 0.11271137357870128 0.11464783175849824
0 0.14487246920642777 0.8190426327621394 0.1022443104386391 0.09557044954451292
0 0.3030229583301482 0.4462995588081894 0.15181864718563745 0.19709823320977696
0 0.21578826883937446 0.43141365798988274 0.13373650512049748 0.1543650961864685
0 0.47821673428557165 0.07154015018533447 0.1310665314288567 0.14308030037066893
0 0.5820319790238997 0.07049351615725079 0.1295040314288567 0.14098703231450158
0 0.8103789739739895 0.2757687377646464 0.1298988735787013 0.11524803248413758
0 0.7818506975244558 0.13642598476942153 0.13088452090551322 0.15894346878180676
0 0.7498664082030914 0.29737340845321897 0.1346465577372161 0.16999009618646851
0 0.8746682581042693 0.18932031707607389 0.09993835779368573 0.10952382213985135
0 0.9416381372975783 0.44504947270370393 0.048011836746998424 0.10147321996293317
0 0.8571482871846389 0.329491449290059 0.09710178413027962 0.08759425843752044
0 0.9370794399142968 0.429615445661862 0.06621580517696728 0.09275298439090332
0 0.6937521870716994 0.21668889284412232 0.11776289462538862 0.12106152286549073
0 0.25799669759504307 0.22878716579443106 0.11923438936371686 0.11955358656782164