0 0.3675328873473083 0.14724050137712585 0.11787827469461662 0.24410042848861027
0 0.8505242473239296 0.9164992660901714 0.10421574855010754 0.10478283697334093
0 0.7367111236735757 0.9465710150874983 0.0973504419114116 0.10685796982500335
0 0.6574380207691464 0.9463160525101832 0.10348204274124875 0.1073678949796335
0 0.3700177632959692 0.7538254701633589 0.13610621120744354 0.17726361485312836
0 0.24629499814912217 0.6785069925831342 0.12388963112353099 0.13899834030732094
0 0.3748147749183312 0.9195939913751863 0.11297544191141178 0.11792056576151388
0 0.2622663081118103 0.8482933340984034 0.10530465186945541 0.09866038273097573
0 0.36383400519809206 0.4877858819820696 0.15374399710021497 0.20510157242947363
0 0.2759312634964618 0.465082092433353 0.1379288203356503 0.16033120636839732
0 0.48097915809323266 0.11768016032089874 0.13070831618646536 0.16750597758022465
0 0.5791798597529066 0.12259054305187447 0.11593542116548719 0.15698306576151388
0 0.844856094405567 0.3601215913945829 0.12774833693238996 0.12844347758022473
0 0.9841176587179327 0.4760809154910465 0.031764682564134714 0.11084164727484343
0 0.7914476744894795 0.39302994411973957 0.14079371120744355 0.17764625212603188
0 0.8990331863123343 0.28612585306351246 0.09699524440092269 0.11195760818516849
0 0.9876812892167637 0.5486096197334118 0.02463742156647264 0.10876896424430527
0 0.9026578616270065 0.4261768971541571 0.09869945435896632 0.09346269970043757
0 0.9795902743822665 0.5045407553393255 0.04081945123546689 0.09936201333591957
0 0.6873736358974158 0.2696246529040329 0.15424090456874778 0.1911666181871082
0 0.28584702469461665 0.2578115974343228 0.11730774440092259 0.11361570303441741