0 0.41752823341022366 0.5328617157421173 0.22990677068745352 0.17174668061464224
0 0.8762101533656803 0.16698317148229475 0.10434314934754489 0.11310552000387934
0 0.9033731847151341 0.2836286664813249 0.127671561346272 0.10564370636839734
0 0.9081885013924064 0.36143480208723855 0.10107269867918127 0.10035042848861027
0 0.7222077374283592 0.6417115887610173 0.17343859468490824 0.14840503333979882
0 0.6508878154439495 0.7624862164910232 0.13577496268299924 0.13128143515657004
0 0.8904219354312227 0.6490941698153048 0.11533519334818117 0.11868584030732095
0 0.8189656534452222 0.7581500475453107 0.09647610534690836 0.10778029121570665
0 0.45699127009067764 0.6312993446800711 0.19547722668681722 0.16425317394668237
0 0.4353531747692226 0.7206487581657719 0.15621473201781733 0.14387703000581897
0 0.08543280140036055 0.48724516636063875 0.16086586935072647 0.1411346672787225
0 0.08972885538667937 0.38601750620891784 0.16233746268299926 0.13344971303635714
0 0.31900563335454446 0.1303582112001893 0.12294769867918127 0.10213606909549373
0 0.1795800540260897 0.17771105650848024 0.15774086935072645 0.1408795757634535
0 0.3314516366963623 0.19190161801793032 0.1812147320178174 0.1459177621279716
0 0.241770424013363 0.07879545332428156 0.11050224267981756 0.10580320303441748
0 0.3818050780155902 0.08378635801599064 0.09017156134627217 0.10258260818516851
0 0.49103408000477256 0.01626350241589598 0.09453179734245402 0.03252700483179196
0 0.2673078680378619 0.25735101695976353 0.13561133068109027 0.11721893515657004
0 0.23566171009704098 0.6962858422641751 0.12167610001590837 0.1270085233378591