0 0.11953125 0.56953125 0.07421875 0.12109375
0 0.1625 0.8078125 0.08203125 0.09140625
0 0.26328125 0.84296875 0.075 0.084375
0 0.3484375 0.88359375 0.07890625 0.09609375
0 0.6515625 0.74921875 0.11171875 0.14296875
0 0.775 0.709375 0.096875 0.1140625
0 0.63046875 0.925 0.090625 0.09140625
0 0.74765625 0.86953125 0.09140625 0.11796875
0 0.675 0.48515625 0.11171875 0.1640625
0 0.76953125 0.4859375 0.09453125 0.134375
0 0.5953125 0.08984375 0.09453125 0.14140625
0 0.49140625 0.071875 0.08515625 0.14140625
0 0.41328125 0.09453125 0.10859375 0.0984375
0 0.27578125 0.1171875 0.09140625 0.12890625
0 0.27109375 0.2765625 0.08125 0.14140625
0 0.1671875 0.153125 0.08515625 0.0984375
0 0.2140625 0.2171875 0.034375 0.1359375
0 0.1515625 0.2984375 0.08046875 0.090625
0 0.05390625 0.33671875 0.07109375 0.096875
0 0.34453125 0.20546875 0.096875 0.09296875
0 0.77109375 0.27109375 0.09765625 0.078125