0 0.19133794552890446 0.8314171298812788 0.09600826294241811 0.22704428903121973
0 0.864246697595043 0.23317246819725482 0.10113683674699843 0.1005545119038567
0 0.7659071791086044 0.16501788671696982 0.09248987884037305 0.11299996974937895
0 0.696079797496221 0.1302797932346322 0.09248987884037305 0.11299996974937895
0 0.3657559896884178 0.2235768379231927 0.15201606826055966 0.16957722267624523
0 0.24008886077745747 0.2625762262904825 0.13026289462538865 0.1179056383672898
0 0.44175558951900856 0.04648359367872931 0.08836382096198285 0.09296718735745862
0 0.2995079053604939 0.10056658479993472 0.11509292093374794 0.1256272347764936
0 0.38235966076334005 0.2469097987937771 0.16707962613895014 0.1868465359079618
0 0.21374065045175789 0.47359553952219907 0.14127598933548197 0.14608518052176755
0 0.3992498850902654 0.9223637958669109 0.12748650512049747 0.1506908672900508
0 0.6920960797015366 0.7886735553348806 0.12079688936371688 0.11628859621281204
0 0.6134033903519371 0.9195559166730032 0.11582096302712266 0.1381272347764934
0 0.6565904901825279 0.7412400191323313 0.12454351564384111 0.15379768657189175
0 0.7263430061087179 0.8845355011783503 0.102972352532014 0.10525110226293641
0 0.9010300058969563 0.66093839901361 0.057659852532013646 0.10498748184962743
0 0.7736414822900203 0.74290199220136 0.09993835779368573 0.10679542154477702
0 0.8895086769718787 0.6844349863476274 0.07126732622365495 0.09725679508134384
0 0.5360967086830841 0.825506455704223 0.15706758930724707 0.17585449375348397
0 0.1543678375234572 0.715265409935508 0.11923438936371684 0.11627950585373252