0 0.3668816919114117 0.13235473164451922 0.1715934253146722 0.1509383436138801
0 0.7590575365174713 0.16759343383167416 0.11418274440092269 0.11149630937615385
0 0.6333704522843739 0.12999569940937777 0.10419243776222675 0.12329540252860856
0 0.557944399794863 0.1298269162513857 0.10324524440092268 0.1107954025286086
0 0.31510939482048544 0.3109617905592477 0.14907980788809566 0.18214877081949093
0 0.20852935332863667 0.3818774629844966 0.13385662697434614 0.14541023442229636
0 0.27605578236828643 0.14441583821520926 0.12137993776222675 0.12439682757475116
0 0.1809576925361116 0.21295748226282804 0.11214664772027047 0.1051461798265045
0 0.37652510457803656 0.5776777236249547 0.16996099295103004 0.21147532541528272
0 0.29254119088572644 0.5979518483942421 0.14945831618646538 0.16662390036914018
0 0.5899312120558581 0.9333188494739761 0.14356351369695447 0.13336230105204763
0 0.688794764545369 0.9358418746124038 0.13527741701630233 0.1283162507751925
0 0.8928623448297742 0.722719827260984 0.13423513527271566 0.12988536397194572
0 0.9892563672260838 0.6192117003322284 0.02148726554783238 0.11786742288667415
0 0.8328594601817583 0.6901087839239592 0.1589284045687478 0.18899954811738695
0 0.9573866168134876 0.802906777445554 0.08522676637302488 0.11558303207825782
0 0.9349421784381718 0.6624424637504637 0.10386055103961844 0.09839553207825791
0 0.9872794701305132 0.598017820782579 0.025441059738973593 0.09775518198597286
0 0.7624662950395557 0.8076584268918439 0.1632607070582587 0.18461243676633501
0 0.3564297825920011 0.804962114433371 0.12571224025173774 0.12000971622369923