0 0.48668057751011934 0.9077189368943342 0.10217397483619664 0.18456212621133156
0 0.8578095093289002 0.8644694975773369 0.08751936525911966 0.09663433540139543
0 0.7486351067311124 0.9130166221991847 0.0768273271096728 0.10993201089576346
0 0.6742487613574951 0.9376492324450236 0.08195120373287815 0.12470153510995274
0 0.3600890296214397 0.7812871128929052 0.12770008035608366 0.16342835149293897
0 0.2389719602224047 0.7267802933309516 0.10673301542127547 0.12450796312533612
0 0.4056175381428563 0.9607839527337759 0.07367505357072238 0.07843209453244811
0 0.2737851111953394 0.888395136526017 0.0973034683433748 0.12072739926336595
0 0.38232253976770947 0.7586526422260003 0.1340864480508353 0.17167789406758568
0 0.24922980153883226 0.5097948891239072 0.1195057508107789 0.14100704827463026
0 0.5074636724832902 0.10493169854640214 0.10555234496658024 0.14627370248167454
0 0.7998671810047068 0.3165511676238231 0.08474892126547431 0.11672831411407199
0 0.7189330064928218 0.15015063544073637 0.09442393019392785 0.13457137797604238
0 0.7297592325468344 0.323353188659045 0.09456029788867966 0.14238387797604232
0 0.826014849430807 0.20523660920973436 0.0891636858759707 0.10143109604505715
0 0.9630274744291596 0.4551487639209818 0.04080800649282175 0.10273151609154337
0 0.8496177650142386 0.3504616278991678 0.08444891233702023 0.0995408141140719
0 0.9555325742670038 0.42809459102450403 0.05317163879807012 0.09579310124083733
0 0.6213506688298421 0.23696258456821623 0.11552736282348768 0.1813042663436449
0 0.2298995543815013 0.2517256630091207 0.09927507142762992 0.14427415990702758