0 0.5171875 0.10124357731923568 0.1359375 0.10316398043270843
0 0.27734375 0.09666975256545116 0.1046875 0.10087412860909731
0 0.21953125 0.18864035343913174 0.0984375 0.09135365824437507
0 0.15703125 0.265876307086354 0.11875 0.11057643692972227
0 0.2203125 0.5784659196435415 0.1703125 0.13208906743868062
0 0.23515625 0.7156204275273261 0.1328125 0.12340374525034736
0 0.05859375 0.5298862153307291 0.1125 0.11199346656500016
0 0.09375 0.6610991945291665 0.125 0.11697190729444458
0 0.471875 0.6624544874634719 0.1921875 0.1529107137152085
0 0.45390625 0.7527164647620482 0.153125 0.1316890239356944
0 0.88203125 0.6599392447785757 0.165625 0.131979964665139
0 0.9203125 0.562954488794652 0.1546875 0.11141289152687506
0 0.8015625 0.24306217572437433 0.0984375 0.09447865824437507
0 0.928125 0.3440226508387492 0.14375 0.1252208183886113
0 0.784375 0.3122122192273604 0.140625 0.11889808320625014
0 0.91015625 0.2335033781373256 0.109375 0.10254573138263898
0 0.7140625 0.06384876083048552 0.103125 0.06333776101791674
0 0.77578125 0.18819349097885352 0.1046875 0.10087412860909732
0 0.74765625 0.07712935762010353 0.1 0.07420252583555564
0 0.81484375 0.3904093011993396 0.1203125 0.11373780452090294
0 0.66171875 0.7994420751350342 0.1125 0.11824346656499998