0 0.1125707575747735 0.41875 0.17679487336031982 0.0640625
0 0.20261473993477636 0.81015625 0.10014384215265534 0.0921875
0 0.1520238404551747 0.69453125 0.11379690637700661 0.084375
0 0.12202540196599247 0.6140625 0.13542624491161734 0.0796875
0 0.27690217322403426 0.31953125 0.16954229534115867 0.134375
0 0.32951816089956243 0.20546875 0.1293333751693421 0.1125
0 0.08203673055098053 0.34296875 0.11346935775648759 0.078125
0 0.16783703245085987 0.22109375 0.12571705223856364 0.103125
0 0.29560458559393465 0.3484375 0.18837418249628843 0.1359375
0 0.5471084526226764 0.24296875 0.1472578595655099 0.1265625
0 0.9395416140880656 0.5515625 0.12091677182386888 0.1125
0 0.7559854014001657 0.81484375 0.10129690637700647 0.084375
0 0.9147152702379296 0.7578125 0.13969766508343398 0.1015625
0 0.7399642537295863 0.74765625 0.14126016508343398 0.1015625
0 0.8621844917437986 0.85859375 0.10647572930778501 0.09375
0 0.6138465682926217 0.96484375 0.10558161465389251 0.046875
0 0.7164182903643177 0.86484375 0.10154256784239593 0.0890625
0 0.6409856004047974 0.9609375 0.09669793758467105 0.05625
0 0.8270338065339768 0.65 0.1845940852552502 0.1234375
0 0.795583574173974 0.25859375 0.1299132293077852 0.09375