0 0.9422792689947344 0.577975663715532 0.09807673111680729 0.1490546518694554
0 0.7862351503841128 0.19886573632626744 0.09553822930778519 0.10061715186945541
0 0.8613756705105008 0.311165749398522 0.10721935775648746 0.08593934523075966
0 0.8839743668015991 0.38602403944047825 0.09644563206674697 0.08823555103961844
0 0.7961998863621602 0.6859629946246372 0.1651889880142125 0.1230142153566284
0 0.7664006009706242 0.8152118641258062 0.12736143939369332 0.11392263527271602
0 0.9527138610916188 0.6695478570768362 0.09457227781676245 0.10468934523075965
0 0.9282930913596859 0.7862375269929236 0.08920634215265544 0.0985810551888033
0 0.5361974445936177 0.7137281840372491 0.19248847241038014 0.13908950124939992
0 0.5447303188584487 0.8023054319626567 0.1482471494796016 0.12639932448483507
0 0.12617731343138175 0.6258539502097815 0.16025582654882312 0.11797151784613931
0 0.09766280981333712 0.527202962657336 0.14586577792830413 0.11065592531467203
0 0.2410255489592033 0.24859547842888302 0.11214587516934212 0.12055114357108562
0 0.2924198733603198 0.08596634648015944 0.10944359905006032 0.06898864357108563
0 0.28949402645796607 0.2974007539486922 0.17036781094499087 0.1327444128671175
0 0.1451874265033946 0.2016477782191016 0.1026956320667471 0.08870914772027054
0 0.2829397320213186 0.18718530436361072 0.08419129353213642 0.09197585767831425
0 0.31593926051544957 0.08930483403260478 0.09028416327441154 0.05975535352912935
0 0.20513339382539209 0.4100648520792368 0.1738203595655099 0.13923121120744356
0 0.3372420454527003 0.8075928927458931 0.10227955223856364 0.11046574855010753