0 0.5287757386694262 0.8895437704203129 0.19964879788366652 0.13408797853284754
0 0.8954213626064103 0.8341367571212853 0.09776756242753422 0.0896093202884722
0 0.7861418285177052 0.8900756729651047 0.08329047424624499 0.10330814437666688
0 0.7131985360940506 0.9039732123840283 0.08628792848861018 0.10181837955902787
0 0.4064069179069424 0.7564747376509031 0.1174420757634536 0.15868662860909738
0 0.2749817036626373 0.7035107789696877 0.11125597758022465 0.12111389342673622
0 0.4309918139738377 0.923916810789167 0.10191292848861036 0.10218205547083344
0 0.3120665997295326 0.8712437928373961 0.09725737939699589 0.08335932028847245
0 0.3651291162302542 0.4896138927611461 0.13354530788560606 0.1840139369297223
0 0.27562020607853327 0.4820721900638544 0.12216152667183913 0.14008209897381968
0 0.4317599251546304 0.09270448480111147 0.11393443849054989 0.1539263934267362
0 0.5283320362147368 0.08169620924989626 0.10353907242947358 0.14120818787965286
0 0.8164213228885157 0.27710485391090345 0.11766547424624463 0.104108231382639
0 0.9747922546265169 0.3566319658025008 0.050415490746966184 0.10606946846486114
0 0.7697375125870135 0.31656609099312566 0.1270721672787225 0.16202983415618064
0 0.859151214703347 0.18920611682868124 0.08603283697334092 0.09869337955902786
0 0.8807865828904553 0.3300675061713549 0.090624742124092 0.07852634992375007
0 0.976163371521088 0.38074161302895915 0.047673256957823894 0.08710126291777787
0 0.6527895154619514 0.21169479340607694 0.13539485030926066 0.16846167211208343
0 0.25931032455550557 0.27271537385944467 0.1076527454580721 0.09607752583555565