0 0.8015625 0.3822305398015299 0.2640625 0.17315254877883318
0 0.87265625 0.704602930514921 0.109375 0.10764824505632156
0 0.90703125 0.5818866963543629 0.115625 0.10027278763096845
0 0.9015625 0.5080503586071788 0.0984375 0.09907092055068922
0 0.709375 0.2488331677775723 0.159375 0.1502070856534969
0 0.64609375 0.14232072384587255 0.1328125 0.12803715471124746
0 0.8828125 0.22498648633111973 0.115625 0.11746028763096843
0 0.81640625 0.12494256368674343 0.0984375 0.11000842055068931
0 0.4546875 0.2978926526944351 0.196875 0.16064184110137864
0 0.43203125 0.2158831820275303 0.1546875 0.14519180372251178
0 0.0796875 0.49364645717325145 0.159375 0.14083208565349709
0 0.08203125 0.5966075662077589 0.1546875 0.1373793037225118
0 0.30390625 0.8107800548077926 0.1359375 0.15325567599857096
0 0.16015625 0.7895820340246722 0.1375 0.12367743664223277
0 0.3390625 0.7466029403254035 0.1609375 0.13625384629715853
0 0.2359375 0.881939142807078 0.10625 0.09805472376899793
0 0.5 0.9345678440282448 0.103125 0.06346120248167467
0 0.37421875 0.8566445758430146 0.0890625 0.1015403566887187
0 0.4625 0.9348463494761263 0.1 0.07261768119435104
0 0.240625 0.6894238608760928 0.11875 0.14111630891829172
0 0.2203125 0.26740674924369534 0.115625 0.12371028763096845