0 0.430211425729701 0.10956653001652741 0.1200591298696164 0.07776393692972232
0 0.19502394805083537 0.1580267862847915 0.09209777110331836 0.08648432028847228
0 0.16162684131313226 0.25962630708635404 0.08724662986961632 0.07700021751493065
0 0.11555245657225202 0.351360518617361 0.11095686525911974 0.09317073138263901
0 0.25578158481701524 0.6388397219802429 0.15799550649282174 0.10363675911805573
0 0.3041526753193686 0.7682356280404165 0.11419095941492108 0.09949346656499998
0 0.08522362296646219 0.6287412894189235 0.09220686525911972 0.09273432028847228
0 0.135652091309837 0.7416763940923262 0.07803527110331836 0.0861570119678472
0 0.5273935320570716 0.6622174449104162 0.16597164772652384 0.11319359707395851
0 0.528248694394092 0.7559856287060065 0.13595686525911965 0.09375261284152785
0 0.922069058031654 0.571748260546145 0.14530459172016919 0.09240831838861112
0 0.9328200028393738 0.4705851508387492 0.13435999432125242 0.09077308320625015
0 0.9111201010523649 0.39224259850204785 0.09878414772652384 0.11162979065319449
0 0.8851325251605082 0.24669436236975617 0.12701824188232536 0.11853440729444456
0 0.7291416237805363 0.2651748714878119 0.15368983603812653 0.125402656344514
0 0.8452012260540126 0.15305411835367985 0.09160684740221221 0.05835932028847228
0 0.7558620365245938 0.18405150484656188 0.11504434740221221 0.05890483415618068
0 0.7120205332781829 0.13505161360402718 0.07016822402541756 0.0828501740119445
0 0.8400148940730758 0.21413708871840206 0.09544095941492108 0.09905705547083343
0 0.7814282414719929 0.7532190789347564 0.14234323295387127 0.10171058320625015