0 0.4197129807226281 0.08691382163279611 0.0931955375661607 0.17382764326559222
0 0.8036303828900749 0.1460149200542487 0.09607118676785795 0.09692163879807007
0 0.6874443087835178 0.1043240722449994 0.09195668973360753 0.11090231818121903
0 0.6124588962359476 0.08611558888409088 0.08583402372599629 0.1139182240254177
0 0.3089306951336338 0.2545788112846555 0.14262253460041113 0.16643529788867956
0 0.19627684482962265 0.33695670901117925 0.12591519566510648 0.13960006249917623
0 0.3372015696579328 0.058911755278301045 0.08414418973360735 0.11076595048646734
0 0.21472705038056086 0.1523907942385269 0.10802735870696815 0.12211255357072241
0 0.344376105209746 0.28518788311932247 0.16363537155854946 0.18397735389503397
0 0.22044522079961532 0.5293663514626973 0.13216519566510643 0.13970915665497757
0 0.5139034717510175 0.9145911907505301 0.11867569863085592 0.15352619480442442
0 0.7727067632715107 0.7133387877490005 0.12346135771838504 0.11769778896022594
0 0.7221908156292379 0.860991083609085 0.10710152866891214 0.13771028003177221
0 0.7260201056668565 0.6712155174564609 0.13031353558899425 0.17090460957707698
0 0.8252959109903333 0.8022006903467881 0.09626218775644099 0.10160913879807013
0 0.9416052963890472 0.553471089698165 0.04638952174883002 0.10386138555165907
0 0.8375942756288005 0.6536540961909868 0.09326452174882967 0.10467959172016954
0 0.9347040389746732 0.5887227970844913 0.06463018577927464 0.09168866801906325
0 0.6245610819408604 0.7854064768713821 0.14099636760421674 0.16484552434972918
0 0.2240663334237351 0.7853708896121443 0.10891869665368963 0.14398755357072232