0 0.4785996898870506 0.7921732007392077 0.15465332670272575 0.2779969384905499
0 0.7878474205522326 0.7778566407275698 0.09484088001272681 0.10140274545807201
0 0.6677707305458692 0.8344888911866116 0.08404883068109026 0.11300992515463051
0 0.597430958545551 0.8425722002801658 0.08855451734563573 0.09776756242753386
0 0.3148922732336409 0.7079730281696512 0.12222154002227174 0.17388352333785928
0 0.19373543590868603 0.6562028472651449 0.11241018801718106 0.13561824879205203
0 0.3106213018778238 0.8737893468061031 0.10281701201463571 0.11610297424624463
0 0.20113776121900523 0.8249688227193378 0.09789315467854491 0.09540783697334101
0 0.3145308359325486 0.4707281196849203 0.13753745735199913 0.1485964809142045
0 0.2353433226050483 0.4342642033242815 0.12358404535327183 0.15682356909549372
0 0.45923809265595505 0.06245284726514494 0.11589881468808994 0.12490569453028988
0 0.5600829773233641 0.05271131438438801 0.10795904535327186 0.10542262876877602
0 0.8069836072963199 0.2065237746664934 0.12957950668363552 0.1354587521260319
0 0.9280228132956836 0.20132647844981694 0.07489200668363552 0.13099465060882318
0 0.7548574859564111 0.25917028466843306 0.12220335868872638 0.1723210233378592
0 0.8703108579726375 0.130328194361112 0.08711928668045417 0.10857751666989945
0 0.963577410606321 0.3654528802665881 0.05750451201463562 0.11240414727484324
0 0.8663398786203202 0.2703632629975638 0.09002611067790837 0.09008260818516849
0 0.9586450099459116 0.319805540418309 0.07452838001272681 0.0997446506088231
0 0.6553943826384558 0.15411573603586062 0.13472154002227174 0.1749038893989355
0 0.2565659839672288 0.22023365423266714 0.10906701201463571 0.11661315727678297