0 0.11948606670568271 0.5110303786090974 0.12297816191590934 0.14807643692972228
0 0.10423182508545992 0.2819241068576043 0.10621655925034235 0.10865026101791671
0 0.19876542359439187 0.20371014751079874 0.09881323620994645 0.12253092306201394
0 0.2619270016493526 0.14740690254479188 0.102711126022532 0.14916615824437507
0 0.5875013146606186 0.22837249391916714 0.1395124440483631 0.17969011284152786
0 0.7353908968722145 0.29349161369454924 0.1384213054894186 0.14219011284152785
0 0.5099804052519918 0.05949390092927126 0.0949608105039836 0.09745818787965284
0 0.6548442758642474 0.10112096931788248 0.1225689849563052 0.13401393692972233
0 0.674802737859299 0.27724771143409777 0.17692151583511767 0.17743793502986122
0 0.7676675024407755 0.463659296540209 0.14972251834239997 0.15494468597979177
0 0.615704466480891 0.921707479624948 0.1377226235152495 0.15658504075010385
0 0.3125590829365117 0.8410848205728128 0.11704641066226813 0.15886846656499998
0 0.40283239344049526 0.9333788105048265 0.12127926959604132 0.1332423789903469
0 0.3556354815245859 0.7921212969214586 0.1255121285298145 0.12783667211208324
0 0.2907271985342025 0.9225523729095141 0.1079154515702104 0.11337412860909737
0 0.10457543520636733 0.7230394161281598 0.06094952335696498 0.10915810087368065
0 0.23679455331134056 0.7862323599917362 0.1027733105039836 0.09764002583555556
0 0.11357836216597147 0.7373019378796528 0.07322220282385158 0.10163654160312507
0 0.4457891200835302 0.8316942496187505 0.1366769490629279 0.13590374525034726
0 0.43204252032095714 0.9227186399113545 0.10198370031656907 0.12416615824437507