0 0.5780365580653551 0.5455802939210945 0.15289878278470379 0.23145108935390812
0 0.10865179557232327 0.25731196598504613 0.09747496369925476 0.10425224267981754
0 0.2059585876286051 0.18196597330522857 0.09442268657189175 0.11671588001272673
0 0.27643471409203824 0.15302281329568354 0.09121587334017515 0.10261701734563582
0 0.5812671389564651 0.2588433625875491 0.17753516842151917 0.16924199069063528
0 0.7298273588040398 0.23602238590073185 0.11795109016268804 0.13261360001590833
0 0.5442539940480716 0.04481996196691061 0.11461701190385672 0.08963992393382123
0 0.6736506025575238 0.08981100457514057 0.11636131908544911 0.12790791868236293
0 0.6707831151487517 0.4484138452419133 0.16070219242562409 0.2299794960216353
0 0.7543314133533535 0.455253643897232 0.1399624455488823 0.15630563868554465
0 0.6323684922995557 0.8746132659134584 0.13091469847574827 0.21244655068427187
0 0.5586855526044061 0.9176552885900945 0.11963176483072288 0.1529442813494537
0 0.2486116367169698 0.7728358739656379 0.10998405405833438 0.10596019334818116
0 0.3516315767067071 0.923970565284866 0.11489881303532475 0.14507723734881778
0 0.3019093535394825 0.7425302086250929 0.1322590298578376 0.17496473201781731
0 0.23693327245198095 0.900306893300456 0.1006272347764936 0.10897610534690827
0 0.06868376308220706 0.6819670679901367 0.042732921544777064 0.09424089600572713
0 0.1924252692305271 0.762552901973274 0.09908291549465287 0.11208292401336309
0 0.07710934143923412 0.7107733206556368 0.06463519262201592 0.0991829346753633
0 0.404570745226422 0.8210177406110934 0.1271897347764936 0.10928518801718105
0 0.8023366004162245 0.6632746818905505 0.10686814441741399 0.10748633068109026