0 0.8392047318322884 0.32318295805647634 0.25465529121570674 0.11113296884459274
0 0.26932111927436997 0.8364021676448867 0.09933006242753403 0.09340764342930977
0 0.20179916623995248 0.7307820257567365 0.11237219636645772 0.08180880937615384
0 0.17061319699467753 0.6566028485511255 0.10924719636645767 0.08160855027685514
0 0.2684777725889532 0.33541136412882927 0.16814370636839734 0.13667558451458142
0 0.32434552212991125 0.21167467304355775 0.12806084030732112 0.1216723457733484
0 0.08239662243917198 0.3936708544112217 0.10586710485118862 0.07828329117755661
0 0.146682778797871 0.2576146360280543 0.12353283697334119 0.10428458667404979
0 0.29513586743820214 0.35412179133444005 0.17866661818710822 0.15133886181247735
0 0.5212045466757184 0.20848341456256794 0.1426335233378591 0.1288235117201923
0 0.9463640433417385 0.4397417975083032 0.10727191331652293 0.11389941856773755
0 0.8255076042714604 0.7230117797711313 0.1185582945496865 0.11950906847545255
0 0.9461803256185215 0.6522813703026924 0.107639348762957 0.1036232526208936
0 0.7816461629059727 0.676346333287189 0.1520404742462448 0.11077441856773759
0 0.924518931242862 0.7622163772425228 0.10414510818516867 0.0952705320782579
0 0.7020216621570665 0.9131232449150962 0.10462359818322878 0.04400842072720579
0 0.7811833904861972 0.7957471753599096 0.10376247091226495 0.09058303207825773
0 0.7218239791265285 0.9055715607696551 0.09690669303247787 0.06372014342931002
0 0.8620993242656414 0.5651701989571777 0.17413861485312837 0.13395110271317884
0 0.7414214518264695 0.17395251851236432 0.10841802000387943 0.10953329117755657