0 0.17649023642229736 0.4528317699207318 0.2700534367187635 0.14957856058738805
0 0.23815869461127126 0.14949512759904604 0.10233531570031093 0.1010907485501075
0 0.17238104714328512 0.24873626577154692 0.11419827886860805 0.09110044191141169
0 0.15768078128768243 0.31684672572959066 0.09719278939195171 0.09292305103961844
0 0.2681148362528881 0.6371135267692091 0.16941639988706053 0.13106351369695446
0 0.3086172808641594 0.7716311593426325 0.13127936305535756 0.1172844336130419
0 0.10434846786527155 0.589702962657336 0.11363683674699834 0.10816954274124875
0 0.14182462301400395 0.7123242464755151 0.09617632096198278 0.1021796518694554
0 0.5292035256730747 0.7128993898461081 0.19670694198043534 0.14557629958972598
0 0.5311293176958622 0.799381341505782 0.15250191567207594 0.13444862282516112
0 0.9280730931476203 0.7004067707691464 0.14385381370475941 0.1261392153566284
0 0.9419122971432852 0.6023603570768362 0.11617540571342957 0.1280802236549981
0 0.8042225813441523 0.3067257805174086 0.1327354472421071 0.1422844336130419
0 0.932367573557525 0.3872914641304505 0.13526485288494997 0.11307053029369403
0 0.7504297234092921 0.3446509103915398 0.16629139988706054 0.1308267153566284
0 0.8860494340173404 0.2693693357062119 0.10473227360693613 0.08882754689043351
0 0.6698644499435302 0.10987224607452975 0.1059461631118273 0.05625184523075958
0 0.747692589307247 0.23088440831694731 0.08643729991529536 0.09521925684847724
0 0.6977542315135613 0.12131923155238264 0.10087923151356151 0.07609074855010749
0 0.8333247943712749 0.44582416931460944 0.11665542093374803 0.1332879419114116
0 0.7438414202984633 0.8458339794777903 0.11243835779368574 0.11430114357108545