0 0.9085158844323302 0.39274541743889363 0.08519409084927716 0.12611112141421188
0 0.844415907561239 0.1592533603599847 0.08914961733238078 0.0935168762235354
0 0.739668423400681 0.12845228286265575 0.07944683540139544 0.08850199400955021
0 0.6486010269873066 0.09169138204434911 0.09594592055068922 0.1015476310328588
0 0.3665911923422159 0.2362425125290537 0.11394180372251181 0.15828870435383652
0 0.2417986419738988 0.2883729861201839 0.10652278763096837 0.11906251324684387
0 0.36879891250491764 0.06622018920807601 0.09885239926336578 0.09853175843752049
0 0.2546378595387105 0.13599203058522108 0.10285148441265975 0.11114088584218221
0 0.36105601240837254 0.504275749915182 0.12753441015912914 0.1743502139724832
0 0.268305783695696 0.5106472902038679 0.11106817599857095 0.13948414065150558
0 0.4811049765421149 0.8994939914776616 0.11037976114786474 0.1519295769491748
0 0.5852133223350706 0.909955287123825 0.09119271857321784 0.14502481252120453
0 0.8560946328428463 0.7070559432996093 0.08257183540139543 0.08861112141421187
0 0.7934357317378951 0.8525619054579939 0.10216306956195371 0.12358632213985139
0 0.7842742631646772 0.7103471236068286 0.10125613342392406 0.13290675843752062
0 0.8961729656463518 0.8098163555506612 0.08947739926336595 0.09820437622353531
0 0.9000742257858103 0.6640127822296835 0.08925887797604233 0.09507937622353531
0 0.9852563879510129 0.5846303278758471 0.029487224097974263 0.09231647477225664
0 0.7136229095780514 0.752755367616379 0.10252370248167449 0.10645338584218215
0 0.28483699187735373 0.7246552265015371 0.10488387797604233 0.09562501324684405