0 0.4054015876883793 0.2687021794296402 0.187086126022532 0.15965849530842302
0 0.7811099445105814 0.08415902655997815 0.09983016693047411 0.10833665990702757
0 0.6618203869095917 0.05836257207223017 0.09077341567683313 0.11672514414446034
0 0.5885420112827712 0.057082346374033296 0.09367109514371955 0.11102461733238063
0 0.2935835492877195 0.2531314457732851 0.15201244404836292 0.1868330005042031
0 0.1846655388628782 0.325459549864114 0.12096102084968252 0.13788204827463008
0 0.3016330446688659 0.0591459530243149 0.10648934389007839 0.1182919060486298
0 0.1942176982715051 0.1579442679331288 0.10612563103709696 0.11033620248167449
0 0.3275721043814267 0.26400896161272697 0.16666597743445788 0.20812884629715872
0 0.22997672420225954 0.5366976986232768 0.14034751834240006 0.16106817599857096
0 0.5559659450393069 0.8819020299141729 0.12159751834239999 0.15975704827463028
0 0.8044418636191338 0.6220525104684348 0.10295516693047438 0.10855518119435104
0 0.7563811336773935 0.8000571781691324 0.11346676959604132 0.14827324505632128
0 0.7457571854058884 0.6292747846057498 0.11792694906292774 0.14078852698730665
0 0.856659929995612 0.7298925076184432 0.10152905925034225 0.11313342055068923
0 0.9531330793751092 0.4689771509297243 0.04670516693047446 0.10462179802252862
0 0.8570045739648326 0.5840719092275976 0.09835859514371954 0.11135239926336596
0 0.9502210280423256 0.48867229189521694 0.06375627461060632 0.10113616510280768
0 0.677699855701575 0.7174574816395427 0.11912573620994635 0.12839778763096846
0 0.2487254095416409 0.749793278324689 0.10773359514371963 0.11200796312533612