0 0.4100749576491306 0.14415587855802445 0.08638292759490121 0.08156778939195171
0 0.1900442587805987 0.17976163666229375 0.08954428903121973 0.08799979991529536
0 0.1484612676593933 0.2812107445971538 0.09884656615858281 0.07604583148532651
0 0.11535385187015283 0.36284788147120905 0.10048178903121974 0.08863683674699833
0 0.25220545383850157 0.662126086605824 0.1552511022629363 0.10588452090551304
0 0.3006252940011894 0.7961517470868154 0.11619769262201593 0.10517188936371688
0 0.08261057132494423 0.6413145157144283 0.09584883118569745 0.09773882096198286
0 0.13485484825591557 0.7615051893495994 0.08017837939029934 0.08901626834526422
0 0.5187707851223948 0.7049862337208742 0.17411018657189176 0.12572658404557516
0 0.5232088211285525 0.7966199968750539 0.13652837334017515 0.10947995776545091
0 0.9174532039366973 0.6360505780780317 0.14901928298109582 0.10864549985882554
0 0.9297905478609163 0.5345258754330784 0.1404189042781674 0.09265647881213823
0 0.735515840064492 0.23886622298576907 0.0879454275949012 0.08165879465362354
0 0.8851345658639952 0.3163072254754306 0.1364738311856975 0.10010495776545092
0 0.7351436562230749 0.3091332203549332 0.1255363311856975 0.09946792093374786
0 0.8400033521647405 0.21058857551778293 0.09579428903121964 0.08836382096198284
0 0.5993823764634332 0.06302551785115411 0.06272725897699054 0.04270271046687397
0 0.6969573341125637 0.18898034407480876 0.07548178903121965 0.08718075256024878
0 0.7808924934588964 0.3867723729434167 0.09899201190385672 0.1010458314853265
0 0.7357088211285525 0.8089967124624253 0.09901019262201594 0.10417083148532633