0 0.159784294001701 0.5096999466536897 0.15046133538669526 0.19804486364988402
0 0.22349704210278443 0.1448508794672148 0.09853175843752046 0.09607118676785788
0 0.16923118275429008 0.24405770060802232 0.10278274881887364 0.08376218775644109
0 0.14534230416850202 0.3195378616727177 0.09976687622353535 0.08675985376405224
0 0.26985375316486093 0.6234043023949083 0.15169645317271013 0.1887335306460784
0 0.29596736377929966 0.7680138068435325 0.12725695916315996 0.11440469269935694
0 0.06984382948106352 0.5926305103801234 0.10203870435383648 0.10713602076024671
0 0.13113104826287025 0.7168293557412186 0.09557044954451306 0.1006313527754692
0 0.4223711179556509 0.6569237510257642 0.20411212504240908 0.1705857085166876
0 0.5179242093327959 0.7793982703031361 0.1481696598887993 0.1324198636498842
0 0.851423634661056 0.2094438449411658 0.1603224303072195 0.07830536661563352
0 0.9370635234984629 0.5573812792375656 0.12587295300307416 0.11048119665368965
0 0.7562673912844777 0.2547152411771135 0.09740576805616748 0.10850751977166358
0 0.9233854586150058 0.34890027577752464 0.13948414065150558 0.10710152866891214
0 0.753762439377712 0.31702424018853037 0.12725695916315977 0.11440469269935694
0 0.8812574676006804 0.237184184370762 0.10321925843752063 0.09626218775644106
0 0.6479761977304145 0.08023255292638089 0.10114583774894789 0.036887187756441064
0 0.7379786935540633 0.2001404877170724 0.10623513103285873 0.09326452174882985
0 0.6693154843909033 0.08812330737500518 0.09565972958158006 0.058507519771663484
0 0.8160565974524129 0.4030373360439173 0.11766370435383644 0.10777269072219053
0 0.7400001059747513 0.8165321502646424 0.08937501324684387 0.1019391847906916