0 0.541122754691577 0.14003590673315205 0.14110487328446536 0.2800718134663041
0 0.17279337177185608 0.1505746005991248 0.09728989926336587 0.10271015394280303
0 0.29169619108170813 0.09426121453416922 0.08432000569998319 0.11718724212409223
0 0.36962444912747977 0.06848022241007698 0.08744500569998319 0.1174423336393613
0 0.6593703741176447 0.2017401640654289 0.14719134629715871 0.17203398091420458
0 0.7641182222563887 0.2700919381521942 0.1284741972858944 0.14875597758022466
0 0.6472467045753614 0.03274975862481381 0.08253898441265975 0.06549951724962762
0 0.7620579675648117 0.08849112284972227 0.1114288089182919 0.12716802000387933
0 0.6326222038190569 0.22878089618758146 0.15689412822814397 0.17748675546001175
0 0.7208277721205028 0.46704655754725033 0.13450567599857094 0.14614116061076282
0 0.39156769895225285 0.8877566387707156 0.11986402179152655 0.1589282030344176
0 0.147303518766308 0.715051688780414 0.13141352698730663 0.12413861485312835
0 0.18697838794027405 0.8586264745361089 0.10939641535490922 0.14253792848861044
0 0.200980175823344 0.6695002016572916 0.13022236758448216 0.17375597758022465
0 0.08934927111209652 0.8106669487823537 0.09761768119435103 0.10739765394280312
0 0.010105206542997649 0.5743464246955885 0.020210413085995298 0.10487868969849785
0 0.09108065193813047 0.6637122004493436 0.09460194183801278 0.10870506242753386
0 0.015871746393703767 0.5951213103015021 0.03174349278740753 0.09859673879011233
0 0.2933319307670225 0.7707122731686814 0.14272236758448215 0.17477634364130096
0 0.6950418962381473 0.724715536335423 0.11295845792955603 0.14904302000387942