0 0.8682769610315713 0.45784741648132493 0.11509292093374804 0.13380065727678297
0 0.8337599349349736 0.6900380342093911 0.10113683674699843 0.10778029121570665
0 0.7250227007905763 0.768114849970905 0.09267188936371688 0.1226400166698994
0 0.6526625824029597 0.8090106590644591 0.09248987884037305 0.11951501666989942
0 0.34626764021076284 0.7430497877125489 0.12701606826055967 0.1783159318225902
0 0.21196052964506684 0.7128037915055707 0.14189761561560632 0.19352634364130097
0 0.38593854301100794 0.9163120734682437 0.08836382096198285 0.10207242515463051
0 0.2556741903378198 0.8834034628671793 0.1041708314853265 0.10647288273097573
0 0.2710093059534261 0.7002083255942757 0.16231653142885677 0.17031198424818453
0 0.21469693472321208 0.5189740431725607 0.13309946828879457 0.1492661606107628
0 0.44931048428557163 0.06283548453804855 0.1295040314288567 0.1256709690760971
0 0.8880482186417303 0.15843734784487312 0.07686487884037305 0.1182395590935541
0 0.6831332054875509 0.17905209209499723 0.132993052475544 0.17413861485312832
0 0.7716636264212987 0.051858690592336 0.102972352532014 0.103717381184672
0 0.9199968976797475 0.25068874966164423 0.06096686305535783 0.11227660151720871
0 0.8011250713149186 0.20907481875713801 0.11838452090551321 0.16361570303441744
0 0.906411810791575 0.20359048011680692 0.055733331485326686 0.10251896424430511
0 0.6014050633518236 0.15384454012844487 0.10856990514873247 0.1286029742462448
0 0.6462163053887288 0.07865335042994695 0.09597889988706054 0.1260201081851685