0 0.16265756259671185 0.5590767654212755 0.09001870636839734 0.12795345048646745
0 0.2172645406359785 0.7979716700476581 0.09359024545807211 0.0952500446422686
0 0.32045318457684185 0.8387796765404799 0.08526756242753394 0.08886367694751698
0 0.4076182157906089 0.8839888108743231 0.09253792848861023 0.10147277110331814
0 0.6970797153315669 0.7696804435833131 0.1143170757634536 0.15802278003177223
0 0.8258585485118862 0.732141307624617 0.1111284318225902 0.11896028003177221
0 0.6914509529137313 0.9396520243464341 0.10140274545807201 0.09538641233702023
0 0.8091329183659844 0.8808554971540357 0.1044957945496865 0.1141636858759707
0 0.7184772568371376 0.5157293291349724 0.13191916394474265 0.14428756249917604
0 0.8091820051701477 0.5087310811635672 0.11278652667183912 0.1392727800317722
0 0.6160551768216204 0.10202929342115744 0.11068189273291544 0.1517182329538714
0 0.5121171048511887 0.08071162661991015 0.10235920970237729 0.14533186525911973
0 0.43474140394280314 0.098084312902918 0.12091802000387938 0.10508869480442447
0 0.2972094530344175 0.11440696793633773 0.10915134364130097 0.13296823295387142
0 0.3027892575860437 0.278333100241586 0.1005416181871082 0.14217959172016936
0 0.19279289106592543 0.14456998051823944 0.09253792848861027 0.10147277110331836
0 0.19013014773388523 0.17884952313191324 0.06367934697528085 0.14933752678536125
0 0.1822534880412063 0.2926120142034595 0.09177265394280307 0.09209777110331832
0 0.09258508122346532 0.30274889894433976 0.06403029121570665 0.09629434740221221
0 0.36981751879593133 0.22021268303330163 0.0933032030344175 0.11084777110331834
0 0.8018644863742164 0.2948458591667445 0.10688747091226496 0.08612050649282174