0 0.42933207698228504 0.8616206605332227 0.12388292759490124 0.08159219269935676
0 0.19155936620989644 0.8244230439547703 0.09267837939029935 0.0881313527754691
0 0.15737474286972128 0.7242293843729496 0.0863829275949013 0.08006418479069151
0 0.11781681829988214 0.6406648092778094 0.09890110831306051 0.08369852076024671
0 0.2574731741770557 0.334121696122217 0.1397170058537325 0.1181663626613009
0 0.2965987858097659 0.20906068771926 0.11619769262201593 0.10314885771838496
0 0.0794527133064713 0.35934848368837763 0.09272383118569745 0.0959438527754691
0 0.128012412273199 0.24406172330825432 0.08018746974937897 0.08918451680591397
0 0.5206453398681002 0.304643807263462 0.16629768657189176 0.1223737015966055
0 0.5200908279642437 0.20933130726346202 0.1364920119038567 0.10085152866891205
0 0.9141140596174793 0.3745690577205726 0.14275110226293605 0.10266869665368965
0 0.9298905418107921 0.4785880542605314 0.14021891637841577 0.09329369665368965
0 0.9073605864502546 0.5569186427015446 0.10064541549465318 0.11501218775644109
0 0.8839417880492612 0.6954054811425576 0.1333488311856975 0.0975991946765232
0 0.7308804205628184 0.712582346769608 0.17087610226293623 0.10381470258518863
0 0.8369582246211529 0.8129723245264866 0.10040906615858276 0.074387187756441
0 0.7437258542078439 0.7714480108000529 0.12070338544042372 0.07208985870696819
0 0.7002667456983916 0.8232306866934958 0.09266928903121965 0.08656885277546919
0 0.6656695527817881 0.9207569441078697 0.1004636083130606 0.08376218775644091
0 0.7975997670702182 0.6293759159332492 0.09590337334017499 0.10544618676785796
0 0.7357294635028631 0.202889011788636 0.08026019262201593 0.10168451680591399