0 0.47945446864173036 0.1917905634663041 0.15793286831702957 0.12174693849054989
0 0.14607282124433146 0.18868037847891192 0.08790879465362353 0.09425992515463037
0 0.2555080054028462 0.12531976695976352 0.08008088410204497 0.12005715060882319
0 0.3325633290662521 0.09725879771448856 0.08156778939195171 0.09218724212409224
0 0.6303344291791915 0.19113737497575417 0.11838452090551303 0.1636157030344175
0 0.7543942844832158 0.22377491860735682 0.10526289462538863 0.12522288273097573
0 0.6182424948089154 0.038186557716428225 0.09773882096198286 0.07637311543285645
0 0.7335265895895958 0.061418310881230245 0.09057876834526439 0.08670251666989945
0 0.6453777873258131 0.4534939827018808 0.12572658404557516 0.18287588606495558
0 0.7367385346949773 0.44681380588026043 0.11260495776545092 0.14448306576151387
0 0.5437734298144761 0.8629962705836075 0.10864549985882554 0.15660042848861017
0 0.44051962719775756 0.8869755177086696 0.10065098933548207 0.15283769970043756
0 0.16441069545831727 0.7415663913557895 0.08458637357870132 0.1173147878817268
0 0.22942250347788198 0.8668855136257836 0.11113346302712268 0.14591802000387943
0 0.22533278490673872 0.7101571525656772 0.11333299985882564 0.15698306576151388
0 0.12475739028135005 0.8349973980237493 0.08523882096198278 0.10181733363936125
0 0.014410173952813281 0.6096461959074156 0.028820347905626563 0.09968100666795969
0 0.11415236120098053 0.6966841971153637 0.08708974729857691 0.08019742515463033
0 0.020944747651512753 0.6331634442404258 0.041889495303025506 0.08820137272903601
0 0.30133457180902884 0.7669335689263159 0.10729583148532651 0.10672797424624499
0 0.7327658533084728 0.6485198270920878 0.104534852532014 0.11272288273097572