0 0.3830977313956785 0.06443789806750073 0.11486608656782167 0.12220577360990718
0 0.24886906433530304 0.1028250377471764 0.10165675843752046 0.10079966531583313
0 0.18665429573098152 0.20622273129106516 0.12164187622353531 0.09320177879370348
0 0.15718753974053173 0.2824626025446299 0.09675100362819711 0.09413956220555537
0 0.24940484390903378 0.5894166486331486 0.16982640507947594 0.13480280989648108
0 0.28141379045832193 0.7206181304898616 0.13205358656782168 0.123709485014259
0 0.08395096949959695 0.5639265074928705 0.10828870435383649 0.1122839694628702
0 0.11951150198373457 0.6846299867576854 0.09233632213985135 0.1015419590952776
0 0.5110715194069297 0.6323492765311121 0.19068454210278443 0.1522049233743516
0 0.5032987141421194 0.7239311837884268 0.15096727767481433 0.13003739745537005
0 0.9184747419637838 0.5676957054185665 0.16305051607243257 0.12956850574944417
0 0.9335665012659444 0.46282298623852025 0.13286699746811123 0.11937329952888867
0 0.7910243372007939 0.16666903058361263 0.10930556733052796 0.09679567049962942
0 0.9221776226801562 0.2421782955693536 0.15047620435383635 0.11597489745537007
0 0.777046171954517 0.23763564146958477 0.13808533175849824 0.11800628916129605
0 0.8943576683263199 0.14117216163912208 0.1062896947351895 0.0996472684261109
0 0.6709325480932342 0.015545494980857073 0.10314484736759474 0.031090989961714145
0 0.7564112350238755 0.117977252355557 0.0859771947351895 0.09787015494824058
0 0.6994122121583848 0.022772234613264514 0.09738592068857255 0.04554446922652903
0 0.8166295163268869 0.3164544171057423 0.11330358656782166 0.12206907257314796
0 0.7036360200399019 0.7385330516016216 0.1194990228654909 0.12105337672018486