0 0.7293866801906326 0.5884615109535666 0.23960006249917604 0.12722304420664762
0 0.8464597629856435 0.17547211447706354 0.09544095941492117 0.09960284639736088
0 0.8875677784069189 0.29152301181149654 0.12337504464226896 0.08948370031656908
0 0.9006092950460104 0.3669632810118264 0.09522277110331814 0.08710284639736088
0 0.7461844423654972 0.6551943698873399 0.16610801542127546 0.12196123119538153
0 0.6865930284036237 0.7788652020989357 0.1284989212654743 0.11462009263643722
0 0.9149889894433979 0.6534092463720903 0.10958528003177222 0.10469952335696497
0 0.8551930239393968 0.7653613285836862 0.0891636858759707 0.09785848997087018
0 0.47892875851812133 0.6590624821198183 0.1898182508107789 0.13826819279472174
0 0.4671884634688156 0.7477301770261111 0.14738528896022576 0.12297816191590946
0 0.08830198416839212 0.5359853126155546 0.1598034683433748 0.11865437476889085
0 0.0834587512145207 0.4376387408288 0.15338982710967278 0.10909751834240003
0 0.2922398672877146 0.17362039027480397 0.10835006249917623 0.1234040592503423
0 0.1547359131477993 0.22217521371091128 0.15358074188232518 0.12003501834240007
0 0.31833080884572823 0.23539296456884112 0.15349892126547413 0.11534751834240006
0 0.2022364301939279 0.12230559435229682 0.10467959172016936 0.09206313103709696
0 0.452121607548482 0.019939112298985477 0.10068183847375849 0.039878224597970954
0 0.3428887037328782 0.11977632475625552 0.08280459172016937 0.09142663354437941
0 0.43269945170428337 0.03148319180544321 0.09187958279171564 0.06296638361088643
0 0.22950981655636596 0.29660090069964523 0.1144909683433748 0.11733591567683303
0 0.25825379423193634 0.7342683852602391 0.10185460064862309 0.10915970282385157