0 0.3885795296142478 0.37353985565696 0.13220693244739817 0.24120039462538861
0 0.7719010603082298 0.7684009744680995 0.08695738433001132 0.09379477360693614
0 0.6609845442691007 0.8231178375234572 0.08240958667404978 0.11999325256024881
0 0.5840017396733088 0.8462815927145417 0.08373225478036198 0.09205026308359265
0 0.2957879457179752 0.7284163424321932 0.11782545496493206 0.16252936305535748
0 0.1731607765319288 0.6865235159967771 0.1091723457733484 0.12466534200867016
0 0.2966927043558485 0.8964838029696545 0.0999580320782579 0.10233531570031076
0 0.18437197949427608 0.8516556923333714 0.09270673658176469 0.0863462946536238
0 0.2948912839331844 0.4630566529414194 0.1300646391103733 0.18347889988706054
0 0.20461673735695704 0.4628662081183867 0.11662390036914028 0.14377936305535766
0 0.4196430690937613 0.06839899491479608 0.11117493676633483 0.13679798982959215
0 0.5226877259413065 0.05864143970253525 0.10149954811738696 0.1172828794050705
0 0.7882161890826866 0.21016354023899772 0.08845932757475125 0.11723227360693614
0 0.7312023303525284 0.07961076122921538 0.11369915946843889 0.14672235253201388
0 0.7264776526854921 0.22621274544419984 0.11309838217054295 0.1373473525320139
0 0.8329860734126979 0.11882590869720151 0.08745803207825809 0.10160727360693614
0 0.9338722432170531 0.35423351670264874 0.04068316162790708 0.10043961575678076
0 0.8356430991694344 0.25954961923466263 0.0891812183831675 0.07991428413027979
0 0.9293244455610917 0.3280350377493361 0.05238212523071297 0.08866765785015547
0 0.6525883721483937 0.1768112558969564 0.10015829117755662 0.10546031570031093
0 0.2199272640365441 0.26038595022587896 0.10680880937615385 0.11207433674699833