0 0.5790523171679011 0.20965407713052397 0.14927990063313815 0.24788723370266394
0 0.9072886289255259 0.30350834336135296 0.10447220282385175 0.10295516693047428
0 0.8048790312745238 0.2177861405375014 0.10483591567683312 0.11545516693047428
0 0.7391941953020041 0.1869931301126601 0.09670516693047429 0.10429034639736087
0 0.42201270698048676 0.23162470236163318 0.13308058762187222 0.17404055674305985
0 0.2857940621533362 0.2448340930321486 0.12422241316955063 0.13787573620994645
0 0.4740429052519918 0.06140914225336104 0.11683581050398359 0.09863137978345574
0 0.3475857053311341 0.08817256756361254 0.10598923871722885 0.10143813103709695
0 0.340960249933493 0.4774934803374517 0.1557739415410805 0.2028020542357773
0 0.2554175550272002 0.4617344365265156 0.14204641066226814 0.16025084138279588
0 0.3452639343484375 0.8936724098043382 0.1361601235152496 0.17256898495630538
0 0.4440113229073819 0.9270124440483631 0.13267141066226812 0.1459751119032738
0 0.7464112457103509 0.83743339931299 0.13198944906292773 0.13654055674305993
0 0.6552216075471179 0.939524467405328 0.12275084138279588 0.12095106518934387
0 0.7002432878719344 0.7798876722742436 0.12802937476889084 0.16140416442319178
0 0.7763919138944664 0.928854021178887 0.09376202335696497 0.11044941818411544
0 0.9445866697669612 0.7268920190673158 0.05617109514371954 0.10623327962517112
0 0.8170587148315385 0.7973372482176334 0.0996483105039836 0.0981312746106063
0 0.9320555775262352 0.7522868241610231 0.06844377461060631 0.09878449247815269
0 0.6036925482967757 0.8418671835570148 0.13608591567683312 0.116364449062928
0 0.2044102991547055 0.6671062466347877 0.12064277210332379 0.12215980799670109