0 0.9289682177474627 0.5779455649254682 0.09652379788366616 0.1336901033908223
0 0.9266714915443639 0.8167704704259862 0.09697033697334093 0.10102315260503403
0 0.8318690456369483 0.8567169201783174 0.09021015394280311 0.09448205417661057
0 0.7537279412448016 0.9005525033052596 0.09748052000387926 0.10727315260503403
0 0.4406224212409223 0.7832364549196175 0.12251221303635713 0.16603172249741008
0 0.3043502103305971 0.7442017260120666 0.11619856909549373 0.12682367328319835
0 0.48330361306545216 0.9509108175136205 0.10647288273097573 0.09817836497275892
0 0.3530582615482434 0.8927869292790543 0.1095659318225902 0.12184507485477489
0 0.36683500850412754 0.5276371182780183 0.13724439273291544 0.1558219685684687
0 0.2728299169888585 0.5201456418516669 0.11941916394474275 0.14720894789030403
0 0.3775028598521585 0.11486744458053529 0.11887703000581898 0.1596361732831983
0 0.47624337773000586 0.09456140673886307 0.10873675546001174 0.14982452564056314
0 0.5550220819723715 0.09667402439770886 0.13191916394474285 0.14779114474715102
0 0.6987879284886103 0.13216637634078895 0.1157839809142045 0.14081339867609244
0 0.731137527130881 0.2901073089296122 0.11240388939893542 0.13754284946188075
0 0.8102674334895802 0.163041848838199 0.09722542848861045 0.10414815260503389
0 0.8620689206127026 0.2160427243549276 0.058386069095493556 0.12413101282028158
0 0.8517529160707745 0.3089558163732103 0.09697033697334093 0.10102315260503385
0 0.9595652871328207 0.35211296504930273 0.07834788273097573 0.10171235731976358
0 0.6468583798560378 0.23014580396721346 0.10398561151914834 0.11068925103345731
0 0.23432617107174444 0.3058819346557378 0.11039510818516848 0.09386562406898662