0 0.842603572994274 0.465625 0.26012040944452863 0.128125
0 0.7804500484009937 0.1375 0.0958306504675381 0.0890625
0 0.8189489461380575 0.234375 0.08026928298109573 0.1
0 0.8622353378249968 0.3140625 0.09266928903121965 0.0828125
0 0.7627701063681529 0.625 0.16159200585373235 0.1125
0 0.726069016205465 0.75625 0.1240556444174139 0.10625
0 0.9473360039088249 0.5921875 0.09905564441741391 0.10625
0 0.8942968414392342 0.71171875 0.09273292154477701 0.09375
0 0.5038854648776051 0.675 0.18824540944452864 0.128125
0 0.504171290307766 0.76015625 0.14446813836728972 0.1234375
0 0.0908951063681529 0.625 0.1600295058537325 0.1125
0 0.06973928649713695 0.521875 0.1394785729942739 0.1125
0 0.23775803347207486 0.22421875 0.09432269262201594 0.0984375
0 0.08568192818407645 0.3125 0.13965337334017516 0.1015625
0 0.27257339500658917 0.2828125 0.16631586729005096 0.11875
0 0.13010915993550798 0.19609375 0.10046360831306052 0.0796875
0 0.358284677791293 0.053125 0.10178975897699045 0.0390625
0 0.2685404008603217 0.1703125 0.10364315046753828 0.0890625
0 0.3332392259958949 0.0609375 0.09406816256778665 0.0546875
0 0.1853137686413519 0.37578125 0.0975931383672898 0.1234375
0 0.29620425420341245 0.78671875 0.09901928298109546 0.1