0 0.4505253848570076 0.19635193202753026 0.1644760566776581 0.3020209579295562
0 0.8165332800058189 0.09847289883603734 0.10165783697334127 0.1034306386197041
0 0.6966832945496865 0.06442531678883659 0.09174070303441759 0.11516581411407197
0 0.6086412895487168 0.05728620914088769 0.08909393515657005 0.11457241828177538
0 0.33399146016141923 0.241429121267653 0.15726985030926074 0.17567697921687964
0 0.22880949470916606 0.3100694966458053 0.12426616061076282 0.13297602698730665
0 0.340640717578285 0.05061236917396604 0.0886157030344175 0.10122473834793208
0 0.22888975879399168 0.14742203117468058 0.11450852333785919 0.12763296312533626
0 0.3736119406165818 0.25515848549794046 0.1727353536432406 0.19384782500983525
0 0.28697203638391466 0.5220724699106002 0.13973166394474273 0.15114687278026223
0 0.6341646113984621 0.8867205698909297 0.126179346975281 0.15641352698730665
0 0.8692898130557538 0.6196377046522361 0.10417680121764619 0.15332137797604234
0 0.8359505098812534 0.8176106649275807 0.11422148091420459 0.1431487024816743
0 0.8087029994202718 0.6474456303987054 0.1117661606107628 0.13210194183801285
0 0.9301949753335066 0.7497351140550605 0.10204047424624463 0.10811813861970414
0 0.9916605034185689 0.4878910418952168 0.0166789931628621 0.10651207995351371
0 0.9222394698734948 0.6041494624459063 0.09866038273097573 0.10477461733238051
0 0.9882165745555056 0.5147266935043712 0.02356685088898871 0.09946440445914603
0 0.7228608363936131 0.7508762690184095 0.15385780788560624 0.19097419728589457
0 0.31978376275619136 0.7507766241176446 0.10921524545807211 0.10085194183801285