0 0.5692232195529872 0.25534124397104063 0.22116699375348398 0.1622807507563046
0 0.20321187929210346 0.16336800335419469 0.09588519262201593 0.10510239926336581
0 0.32407837031511305 0.13277320323797914 0.08189541549465282 0.11661905347041027
0 0.3951266685197149 0.12993206252458808 0.08652837334017516 0.10757183540139544
0 0.6922339935570923 0.3248557044984869 0.14152494554888229 0.16452095792955612
0 0.8019089754067197 0.3840664495548084 0.11479881908544912 0.13453852698730664
0 0.6816636113381226 0.11873139063651647 0.10065450585373252 0.11949268119435104
0 0.7907846021647404 0.21695000537100703 0.10215337334017516 0.10866444183801283
0 0.6571004694547914 0.3263035900160978 0.15578743344863372 0.1998793037225118
0 0.7586367401392468 0.5973587712104489 0.13210449375348415 0.15605289406758588
0 0.4374127425751337 0.9385292174003237 0.11336358411256367 0.1229415651993527
0 0.18604918871319104 0.7033538649865921 0.09901928298109555 0.10688342055068922
0 0.2362815137505684 0.8810143252619367 0.10704995159900639 0.14492972376899793
0 0.2446611194313503 0.7105761391239072 0.11167381908544902 0.1343200056999832
0 0.13514573974646332 0.8130295137457548 0.09591246369925477 0.10978989926336587
0 0.036030487114184676 0.5554194735168965 0.04121587334017516 0.104403276735205
0 0.13278328814745696 0.6754202531020932 0.08955337939029935 0.09060285668871888
0 0.03926457142314009 0.5743879948042199 0.05836701190385668 0.09935514381548423
0 0.31464688738533114 0.7935632377668543 0.11005677693097135 0.12483574505632156
0 0.7427082548717738 0.8125631541301697 0.10215337334017516 0.10866444183801285