0 0.839185173641065 0.49220050988125347 0.26420790041956294 0.2079073212215256
0 0.8544227777948944 0.311859305638888 0.1090216477202703 0.1067279742462448
0 0.8714424892028305 0.4295888106398579 0.1337848493799445 0.1056437063683973
0 0.8701508311095978 0.5088776979127614 0.10542305103961844 0.10022288273097572
0 0.6610196717669653 0.7582884112389827 0.18182053029369402 0.14528003333979883
0 0.579661082759983 0.8672012835089766 0.1434917361025528 0.13128143515656987
0 0.8273900329697644 0.7930933301846952 0.12078794191141178 0.1185582945496865
0 0.7468602381539233 0.8910687024546892 0.1028900468904336 0.10778029121570683
0 0.39860310475530725 0.7046381553199289 0.20343542116548727 0.16412562818904775
0 0.3692573016410964 0.7910699918342281 0.16463303029369403 0.14387703000581914
0 0.0641888641025842 0.5003186065181786 0.1283777282051684 0.14126221303635714
0 0.07026218796271946 0.39685876666989944 0.14052437592543893 0.1301971672787226
0 0.3127340304941867 0.17802824470916606 0.13305114357108563 0.11645366061076282
0 0.15959645248486654 0.20719010197625068 0.16439623195336797 0.14075203000581898
0 0.3191840174219321 0.24851608789142512 0.18182053029369402 0.14528003333979883
0 0.23232540269464802 0.11879702379690119 0.11671574855010751 0.10580320303441745
0 0.49763201659673956 0.0720646424430513 0.10715057178554269 0.061543020003879345
0 0.3717664109930177 0.14590114198400936 0.0962848493799445 0.10258260818516848
0 0.47251361742657655 0.07158641032089874 0.09680506763635784 0.06846269970043757
0 0.23392010103032965 0.3052287313732466 0.12642263527271586 0.1314409318225902
0 0.17395737965041652 0.7334654306146422 0.13075493776222685 0.12713606909549374