0 0.4733967329112412 0.12644775692722263 0.1012061134861197 0.25289551385444525
0 0.14066914944600403 0.2004313525446299 0.09169941818411552 0.09841695909527762
0 0.252757623977468 0.12438767945310233 0.076438131037097 0.10954994872768502
0 0.3211355509370721 0.10437868435407469 0.08843802586424747 0.09345605702175909
0 0.6266377416867298 0.1836302295941216 0.11552937476889084 0.16751827360990718
0 0.7559698890211628 0.2112781930247237 0.10662573620994635 0.12933476842611089
0 0.6048489728821113 0.038421139420093134 0.09826766693047428 0.07684227884018627
0 0.7217265843231669 0.04907071894370509 0.09459709765100204 0.09087786116879612
0 0.6612016436400163 0.41516390212000126 0.12265991316955063 0.1447642787937035
0 0.748732735880742 0.4332215435431033 0.11971676959604131 0.15074087672018505
0 0.584500121998911 0.8551436446271309 0.11075094655564541 0.16398317049962935
0 0.4815426065595047 0.885191312534862 0.11502926959604132 0.15033077360990746
0 0.2102168390085275 0.7561940455228708 0.1284552721033238 0.12968608294074038
0 0.22340349762573153 0.8921903341185189 0.09705215940862688 0.1752528611687964
0 0.2547768327403213 0.6977472670119912 0.11704641066226813 0.1660924746466666
0 0.15861122341083672 0.8425313781807873 0.08250627461060622 0.103846752874722
0 0.031268788071455375 0.6393755668237038 0.04831313103709696 0.10708933006601846
0 0.141541046846944 0.7060955921770373 0.08664820533113407 0.08550685598499985
0 0.03968904183237908 0.6713678606031482 0.06366534639736086 0.09908134043361105
0 0.35765412866282853 0.7775824470307414 0.12569398495630518 0.1419126808672221
0 0.7612996173800574 0.6440811311019923 0.10451766693047429 0.11044806738935158