0 0.1410409955889859 0.5382714398368191 0.23425989258219665 0.16404287967363834
0 0.8855124491161736 0.8608105518880329 0.1000619549975255 0.0978473493799445
0 0.9178568803692665 0.7504300815570271 0.12646068068726599 0.09673513527271585
0 0.9255631597679086 0.6747555753332497 0.09660940637700648 0.09136055103961845
0 0.7513256411118586 0.3790851099766213 0.17036781094499104 0.1327444128671175
0 0.684000943011738 0.25259254234026335 0.1323764880142125 0.12052783278320493
0 0.9198709232240343 0.38796597035422786 0.11313516508343398 0.10973204274124866
0 0.8523791287873866 0.2731329531327884 0.09241322930778537 0.10038035352912936
0 0.48434285899968305 0.36274510187874415 0.19289790818602892 0.14690200124939992
0 0.4663940411572872 0.2726762089323585 0.1515359237898611 0.1297611228251613
0 0.10306296076327678 0.4669166580932327 0.16379026232447186 0.12602081618646538
0 0.10612376300184043 0.5698640593379881 0.15877521370395287 0.11941561867597628
0 0.32843361148607386 0.8473890985547519 0.12185506784239593 0.09794243776222693
0 0.18654600463409743 0.7829453224102428 0.1544971494796016 0.12687292116548718
0 0.3423046817033189 0.7854102394265452 0.17036781094499087 0.1327444128671175
0 0.2448708389848367 0.8861896441957857 0.10779256784239584 0.0968768452307593
0 0.5022506490253165 0.9878705433659487 0.10229284034363299 0.02425891326810259
0 0.3862361454072718 0.8961235190955392 0.08591756784239575 0.09521925684847724
0 0.4746202939823623 0.981632198759889 0.08880355042954129 0.036735602480221986
0 0.28006695330004494 0.7114390205454317 0.12983134215265535 0.1016594336130419
0 0.2650738805964091 0.27687476639624686 0.11815021370395291 0.11633724025173767