0 0.15625 0.6131379549649321 0.1546875 0.2302253254152827
0 0.71328125 0.1378966394149151 0.1078125 0.11159643892580315
0 0.79296875 0.23128449644703047 0.11875 0.1044848457733484
0 0.8296875 0.30629379086378955 0.10625 0.10212130937615385
0 0.78828125 0.6372341077980825 0.1875 0.1682655459579186
0 0.771875 0.7627452475267646 0.1375 0.13537390036914038
0 0.9515625 0.5695726457364365 0.096875 0.12027053207825791
0 0.92265625 0.7005327490679241 0.109375 0.11794656847545255
0 0.715625 0.6099218337393891 0.215625 0.1810053778516064
0 0.5546875 0.789452240125509 0.159375 0.15708821406423076
0 0.0796875 0.6004191070321154 0.1578125 0.1398005845145814
0 0.2078125 0.2851922301033597 0.1078125 0.12253393892580319
0 0.0671875 0.3910243206349208 0.134375 0.12892364126984165
0 0.22265625 0.3486434608250283 0.1375 0.13849890036914028
0 0.0796875 0.2762003570321154 0.1125 0.11345932757475108
0 0.2765625 0.10444168028792984 0.103125 0.05973355027685519
0 0.21328125 0.22929268352713233 0.1109375 0.11023419802510181
0 0.259375 0.1134965052417873 0.1 0.07515829117755654
0 0.17109375 0.4367454356866006 0.1296875 0.1379982526208936
0 0.35 0.8403977691214479 0.109375 0.11794656847545255