0 0.8067629087364512 0.5841217813391189 0.26248291335136276 0.15564157313879576
0 0.8746883947724042 0.8546386243646278 0.10427042401336309 0.10745976842611071
0 0.9076634320894051 0.7373335471733317 0.11822383601209055 0.09931507775694434
0 0.9300394063693392 0.6567766142798593 0.13992118726132147 0.1032014953818516
0 0.7317703573758617 0.37698393312981343 0.1716942813494537 0.13365041300675892
0 0.6132828920273624 0.2550126053728692 0.1327408693507266 0.13960788708777755
0 0.9230584287078163 0.38357356013282234 0.11506247334499946 0.09591667568342573
0 0.824883463359317 0.26337934585374845 0.14038973734881743 0.12622889227157383
0 0.6474857167011348 0.3102954276631932 0.17214881468808993 0.17271291300675892
0 0.44738571936663474 0.2842039449580084 0.14845677601845364 0.14878739745537004
0 0.08964868141308724 0.5947451549482405 0.16393632535009015 0.13765440782296282
0 0.30641110944458577 0.8455044469842588 0.13123291335136278 0.14415868605101814
0 0.1599628234404496 0.8022541500472682 0.1434601933481811 0.12181479434509228
0 0.3464361254375861 0.7974961739399993 0.17814427601845378 0.15138471715379592
0 0.22592472545349448 0.9040209930727773 0.1089942866804539 0.11099487153638847
0 0.4862815174649485 0.9935913409992588 0.10045453333863605 0.012817318001482291
0 0.3649235907860854 0.9107186353443512 0.09171588001272664 0.10167866013203693
0 0.4620264047978576 0.9839723332235645 0.09921929734245402 0.03205533355287109
0 0.24016739676158655 0.7195188539587496 0.11715223201781741 0.14136587672018502
0 0.21924746411517654 0.8667554389257404 0.196294292011454 0.10146262959490712
0 0.17285317476922257 0.7698223588597218 0.1232567813494538 0.12941268086722194