0 0.20340017242853983 0.4790346455228727 0.23219539734428024 0.17461929895920325
0 0.14926562168985516 0.7895903652197195 0.10054542154477705 0.09899077792830405
0 0.1030814889799061 0.6732969798736119 0.11142837939029934 0.09018898801421252
0 0.10272294067710833 0.600681673451177 0.09424996974937896 0.09085072930778501
0 0.2715967022863774 0.30207599785229344 0.15076359016268787 0.13911116689245615
0 0.3261710936787293 0.18440714100031697 0.12720791549465282 0.1175703595655099
0 0.09813193120913856 0.3158529720716959 0.10996587334017513 0.10729460085908257
0 0.1558040515242516 0.20270784090945995 0.09118860226293628 0.10162445499752559
0 0.5277876149523599 0.2988027544110141 0.19139768052176756 0.14280273292582973
0 0.5446892895221991 0.21278668928215172 0.1476022287263694 0.13269739258219665
0 0.917626298891973 0.4134872156285761 0.16003859621281222 0.12241498982323473
0 0.9224905400131783 0.517106860585622 0.14911018657189173 0.12340427973732648
0 0.7202730132785987 0.7745043600197952 0.12734427088084707 0.1410078595655099
0 0.8595854981532882 0.7242476532132472 0.13185905405833437 0.11156602103089916
0 0.6815468565645446 0.718739038898039 0.15220791549465282 0.11888055404758582
0 0.7933559892744937 0.8315931637286968 0.10205337939029953 0.08969766508343388
0 0.552199203268336 0.9356100356186786 0.10028180113146803 0.053678277928304395
0 0.6535304199926528 0.8357970641128096 0.0833306504675381 0.0934025192218769
0 0.5717349984478759 0.9338051961795568 0.09726588544042354 0.07226450361804453
0 0.7725900130822071 0.6421145839005133 0.11167381908544911 0.1323764880142125
0 0.7578660003927834 0.21957784260694063 0.1084397347764936 0.11346271370395285