0 0.54765625 0.18515625 0.0875 0.26953125
0 0.16171875 0.81171875 0.084375 0.0890625
0 0.27265625 0.865625 0.071875 0.10390625
0 0.34765625 0.89140625 0.07578125 0.10546875
0 0.64765625 0.75546875 0.10078125 0.15546875
0 0.775 0.67265625 0.10859375 0.125
0 0.62109375 0.94765625 0.06796875 0.10390625
0 0.74765625 0.8671875 0.09453125 0.1140625
0 0.72265625 0.6859375 0.146875 0.1515625
0 0.759375 0.48984375 0.115625 0.12890625
0 0.4859375 0.07265625 0.1 0.14453125
0 0.22421875 0.24375 0.10859375 0.10859375
0 0.27578125 0.10546875 0.08984375 0.128125
0 0.26328125 0.29453125 0.10859375 0.159375
0 0.1703125 0.153125 0.08515625 0.09296875
0 0.04140625 0.403125 0.02890625 0.1
0 0.1515625 0.28984375 0.08046875 0.075
0 0.04765625 0.371875 0.05390625 0.09140625
0 0.37109375 0.1859375 0.12578125 0.1609375
0 0.79453125 0.24921875 0.11328125 0.1140625
0 0.26328125 0.13671875 0.09765625 0.0875