0 0.54375 0.74375 0.11640625 0.23046875
0 0.16171875 0.81171875 0.084375 0.0890625
0 0.27265625 0.865625 0.07109375 0.103125
0 0.34921875 0.8921875 0.07109375 0.1140625
0 0.66328125 0.7546875 0.13125 0.153125
0 0.77734375 0.70625 0.10234375 0.11640625
0 0.61875 0.94765625 0.06953125 0.10390625
0 0.74765625 0.865625 0.09453125 0.1109375
0 0.62265625 0.7359375 0.13984375 0.171875
0 0.759375 0.48828125 0.115625 0.13203125
0 0.4859375 0.06953125 0.1 0.1390625
0 0.20625 0.29140625 0.07734375 0.1390625
0 0.27578125 0.103125 0.090625 0.1265625
0 0.2703125 0.27421875 0.090625 0.1125
0 0.1703125 0.153125 0.08515625 0.09296875
0 0.0421875 0.39609375 0.03828125 0.1
0 0.1515625 0.29765625 0.08046875 0.09140625
0 0.0484375 0.3703125 0.05 0.090625
0 0.37890625 0.1859375 0.12109375 0.18203125
0 0.76953125 0.26171875 0.09453125 0.0875