0 0.3492375620891782 0.862881747888429 0.16281796182840919 0.27423650422314205
0 0.688921944361112 0.8947745378719343 0.11010806576151388 0.10764266693047446
0 0.5618971876931522 0.9255351413954311 0.10149834030732112 0.11674488229073816
0 0.49281234784487304 0.9180432386507219 0.10165783697334127 0.09960284639736088
0 0.24171158876101737 0.7227916084715548 0.14840503333979885 0.17578491316955064
0 0.13286248936984052 0.6460124966347877 0.13128143515657004 0.13787573620994636
0 0.20872426133057384 0.8870670571387713 0.1203758860649556 0.1188529515702104
0 0.11036625178767616 0.8160749440483631 0.11090529121570665 0.09831313103709709
0 0.2871986583155531 0.482135516230829 0.15350712152108806 0.16190426959604132
0 0.21277248528695458 0.4345498108996949 0.15025457576345352 0.16025084138279594
0 0.49974516636063876 0.09441787054574868 0.1411346672787225 0.16310305674305986
0 0.6033325519665523 0.10134748363615698 0.14413212152108806 0.1616314849563052
0 0.8084672357459965 0.3320676008832003 0.15172148091420468 0.1400292695960413
0 0.8123729699941811 0.17869254829677564 0.15350712152108806 0.16190426959604126
0 0.7474023189263159 0.37022917893816115 0.14814994182452992 0.17265991316955062
0 0.882574157566647 0.2684430215745984 0.10255065727678314 0.11054034639736088
0 0.9311719278603905 0.5173184422659963 0.06167056576151388 0.10623327962517112
0 0.8540350851371734 0.4070054164017488 0.10258260818516832 0.0918358105039836
0 0.9309326828613603 0.4914689961060623 0.07053538273097573 0.10025606426490725
0 0.6895416346878298 0.26360945440669725 0.1439409318225902 0.12109741316955054
0 0.2697073668099823 0.22633414561857332 0.12506338606495557 0.11898934389007838