0 0.5973967178937878 0.7846339099839021 0.12326180942249501 0.2729454631253363
0 0.1229847598873571 0.20908043303593646 0.09260239926336586 0.10132183540139543
0 0.23215194627748822 0.13769746991060022 0.08911676634364492 0.11818155347041022
0 0.304556824001429 0.11397611062399127 0.08936813861970413 0.09954081411407194
0 0.6094467837725707 0.18983486221347512 0.1268788462971587 0.16902278763096837
0 0.7381837889683507 0.2165944681458894 0.11488159084927715 0.130867223768998
0 0.5888004200464863 0.029590038968350708 0.11302415990702759 0.059180077936701415
0 0.705813321403539 0.0680366358465871 0.11444454827463009 0.12461722376899798
0 0.6405828972465535 0.4449869019381305 0.1412362772394083 0.19645937278026224
0 0.7257937775683844 0.4382509468585659 0.13661447921687966 0.1526001121366006
0 0.5608475766761937 0.862600372857137 0.1236445856534969 0.16724176634364482
0 0.45457579734309855 0.8925770859824731 0.11463021857321784 0.14950796312533612
0 0.17344540168602893 0.7326493369908793 0.10800887797604238 0.09928944183801285
0 0.24947303410154675 0.890593240945822 0.1112866972858944 0.1461644418380125
0 0.22648292037546236 0.707949985750042 0.13948810694082042 0.17145937278026224
0 0.13456358212407532 0.855092419542283 0.08355518119435104 0.1053537715394249
0 0.014841983026101213 0.638472638115501 0.029683966052202426 0.10251299480421991
0 0.119178518766308 0.7193405898408709 0.09627370248167452 0.10935285668871889
0 0.02247970239406103 0.6621450848971924 0.04495940478812206 0.09757412252816078
0 0.3195830743304052 0.7885119348775219 0.12541489926336577 0.1036163089182919
0 0.73760609067405 0.6473310159163164 0.10532092055068923 0.10532092055068923