0 0.34090559545843785 0.4225536793302781 0.24938436379145842 0.113558579406528
0 0.8197112344198618 0.8654952066844451 0.0941149823325695 0.08495818787965277
0 0.8757774368328132 0.758265241353716 0.11112064437666688 0.07754573138263901
0 0.8889482776385076 0.6867357334699313 0.09247974715020817 0.08179682028847228
0 0.7677577297671183 0.37783089931375063 0.15875936379145833 0.11144925911805573
0 0.7217886534947224 0.24792454055628532 0.12111389342673622 0.10432643692972228
0 0.9530918984607293 0.4049058116421883 0.09381620307854135 0.10236389342673621
0 0.8764949905006947 0.2858817482875702 0.11482752583555537 0.10261846656500007
0 0.5060019589655559 0.33660126158659764 0.1840139369297223 0.12296864057694457
0 0.5008949252462155 0.25137227640423654 0.1402275693385418 0.120387848023889
0 0.09675555195545173 0.3996928351061112 0.1571241286090973 0.10828789152687515
0 0.08122343056454903 0.5039621078075347 0.14128092306201395 0.09854921561506949
0 0.2846991483638201 0.792138174296285 0.0897547906531945 0.09891158510611131
0 0.11414895260038253 0.7108667244487848 0.13659342306201397 0.09844011284152784
0 0.2840620623077784 0.7312188580918753 0.12111389342673622 0.10432643692972228
0 0.16684015434774374 0.8276554873665626 0.09698540919430561 0.0740934230620141
0 0.4034342306201397 0.9619986922480559 0.10076371941479163 0.035140025835555734
0 0.30630269785072983 0.8480797029816323 0.10196384992375007 0.08670252583555538
0 0.3790700102554174 0.9551849945847571 0.09335126291777787 0.05214568787965277
0 0.20786127858843803 0.6443351475107988 0.09175370174736122 0.1176979526972918
0 0.2888124993344099 0.23081946779927107 0.09593205547083343 0.09593205547083343