0 0.7890513954235064 0.5430752888531055 0.25443553970326394 0.1322222560752678
0 0.8354250876715623 0.160515759997165 0.09745818787965277 0.09551588584218225
0 0.8772833197197916 0.2738044444807356 0.11141158510611149 0.09131945916315995
0 0.8934700577519441 0.3497394619039308 0.11141158510611113 0.09131945916315995
0 0.7240056640408674 0.6546328369463398 0.16562761284152785 0.1400496250424091
0 0.6627570798846868 0.7707414757837469 0.12605596656499998 0.11681053248413757
0 0.9206449279085758 0.6243475923038174 0.11122974715020853 0.08350695916315978
0 0.8256207557964924 0.7494418507413378 0.12274912860909737 0.10888890507947586
0 0.7097801630909369 0.6285886921184829 0.1892469507974308 0.14868058057737202
0 0.44800490207302024 0.7407712667054049 0.1435707748856252 0.1314732332097769
0 0.06887336730684011 0.44587300599044977 0.13774673461368023 0.11762898801910052
0 0.2768677052627429 0.17845978358044595 0.10690592306201392 0.09896826805616735
0 0.11936302336701368 0.23782240381353156 0.13673889342673623 0.10625497840045364
0 0.29418118541111093 0.2395237691524757 0.13837412860909737 0.10943454210278443
0 0.1795212329981596 0.1350222968272899 0.10214568787965286 0.09567957694917477
0 0.4359186629940277 0.02179064868772202 0.1041796601442361 0.04358129737544404
0 0.3265417033628818 0.12364330880818941 0.1020729526972918 0.09255457694917477
0 0.40455956022048606 0.02773683108311701 0.09665810087368065 0.05547366216623402
0 0.18883776234909694 0.33843747350631215 0.18299695079743067 0.1484623257680484
0 0.20149357798482576 0.7337673316736801 0.12718205547083342 0.09811509618646852