0 0.9107602398507524 0.6481149637180292 0.1270146311235308 0.13377977767481414
0 0.8201389303122715 0.8580752954765274 0.11117614357108571 0.10985120435383636
0 0.6986550166199615 0.8881670779606651 0.10442923610255299 0.12364088584218216
0 0.6164228570768362 0.9090549860353658 0.11245522365499809 0.14729664065150558
0 0.3509834207645019 0.7036953965571374 0.1445107070582587 0.17958335099579195
0 0.24025664047080797 0.5759647553574776 0.1390410344428789 0.12796628729346118
0 0.3427718695243909 0.8951115702409348 0.10106743776222675 0.12040675843752062
0 0.22822227221903885 0.7996304338505984 0.13683991701630235 0.16061509618646852
0 0.2900799643309432 0.6235738761387173 0.18189230788809568 0.1793303798517325
0 0.2767125134964618 0.43682784428755195 0.1516594336130419 0.12996529691210784
0 0.623332601454537 0.07828741338976938 0.14559961037760658 0.15657482677953877
0 0.8660216219999686 0.30580097814599955 0.0950775468904336 0.10305556733052797
0 0.8279744024941553 0.1551660610856241 0.11714272365499809 0.14746033175849815
0 0.8050249224148871 0.307147712536903 0.13530072780418304 0.1403025961864685
0 0.9223173209603501 0.2114036482015999 0.11477474025173748 0.11621033175849822
0 0.9836449846526604 0.4584125682572003 0.0327100306946793 0.11791667549789583
0 0.9127791454451855 0.35430047633190104 0.1072223493799445 0.09880457694917481
0 0.9843311462703781 0.40676822270370394 0.0313377074592438 0.10212798439090345
0 0.738049064736573 0.22958819692780633 0.13963303029369384 0.135778787293461
0 0.7871126041538293 0.15345971734622638 0.11271533278320475 0.13016370435383648