0 0.5068555200038793 0.07990990033323149 0.1548784318225902 0.12395553846084476
0 0.7355066784886103 0.06612342039222338 0.1145404742462448 0.1065111732831983
0 0.822448311219586 0.16088580273337758 0.1279652454580721 0.09935364474715103
0 0.8840552330402364 0.22389091687756674 0.15478283697334091 0.10371581306795061
0 0.8303870675976818 0.5463524218399655 0.18402379788366624 0.1377654813887501
0 0.7800039145729626 0.6977009061241997 0.14834138939893543 0.1392166654253156
0 0.9716031594028148 0.4728313769689799 0.056793681194370296 0.09506425103345731
0 0.9471450354658308 0.6169474040572851 0.10570992906833823 0.12486306699689216
0 0.7899371529040329 0.636853297356694 0.18564994182452974 0.17675520678164425
0 0.6108871238162978 0.7298884756022911 0.16329670970237728 0.1508091368892682
0 0.13025952184004716 0.5773929458233896 0.17633884364130098 0.1389641083532208
0 0.19177200925303364 0.2741715924325674 0.16348815727678295 0.11501718610347993
0 0.10125832168056761 0.3662200053766835 0.15149834030732107 0.12068498924663303
0 0.24547083622443516 0.31715530500517997 0.1332585233378592 0.12606169396136266
0 0.10848127713088104 0.25295587200207204 0.11935552000387935 0.10829199710451591
0 0.2924423336393613 0.06636974689962809 0.11240414727484324 0.06127144789030416
0 0.24052863152302772 0.1989682311838624 0.10191292848861026 0.10436647642635144
0 0.27908133530635126 0.07561846836358081 0.10561201333591956 0.07340757485477485
0 0.21361467153078642 0.4072559201828264 0.14196384364130096 0.137363066996892
0 0.12080541819680653 0.39432573469851906 0.12822033697334118 0.10247864474715093