0 0.5162796240734957 0.8608036461786192 0.16222613399378397 0.26773811542376225
0 0.8460634774643179 0.7862426781146027 0.09840757485477489 0.1032738221398514
0 0.7486041265546952 0.8290080422724205 0.10876287799792798 0.09115576805616721
0 0.6705668637344135 0.8747992027093741 0.09364730024766903 0.10154763103285873
0 0.3576537948754947 0.7887500529873757 0.13122438296032674 0.17149803248413775
0 0.22611485049984723 0.756768388289253 0.1201027923897862 0.13367065027015243
0 0.3939251269689799 0.9590005216843643 0.11850175103345731 0.08199895663127137
0 0.2747235167537322 0.9227951815731638 0.10451202564056317 0.10036707694917482
0 0.30158369313730243 0.5309077819359834 0.14808655128112633 0.19860616950744614
0 0.21609995740532603 0.5349653101589518 0.13979886228216232 0.1546379146981227
0 0.34203548862746047 0.11601939191744999 0.12958910835322088 0.16988096878180675
0 0.44341820616247174 0.08982396886662476 0.12566358767505648 0.15258434137714505
0 0.7462969954518861 0.25690486377929966 0.11210620181924558 0.09595239546082901
0 0.6542829315553659 0.0987525686812903 0.11607026385373889 0.14756945916315992
0 0.6887006652204277 0.28384682049538884 0.13761993217453838 0.17484128729346102
0 0.7729580028954841 0.1381102237607662 0.08761562406898663 0.10601687622353535
0 0.9206548325077698 0.3608086576961826 0.05160534946188093 0.1031994110699257
0 0.8010379993808275 0.27446687521204505 0.10033394789030403 0.11114088584218215
0 0.9116265889179107 0.3362352436310321 0.06544952564056317 0.09900298439090341
0 0.5931934201828264 0.20069452539737948 0.1330008986760923 0.10916172359113022
0 0.18508120554329924 0.32729665389834955 0.10956339867609248 0.1083432680561673