0 0.3874127349563052 0.1513532965843541 0.1322789540774929 0.09585913387576941
0 0.16059783386094856 0.21123182835784543 0.1011198822907382 0.09734639077317438
0 0.1410104110579795 0.31551321460846404 0.09455163354437943 0.08608134215265535
0 0.11088029334871771 0.40598108435073926 0.11384720282385156 0.10581398801421234
0 0.2852427620076869 0.6881395663720579 0.16738137978345574 0.12266065128862387
0 0.3497946584841901 0.8155519154221181 0.12818248746358768 0.11592597241038013
0 0.11511211843417764 0.6854638664629149 0.10764266693047428 0.10704893939369331
0 0.19729178411101067 0.8020991677969672 0.12023359514371963 0.11082903663473127
0 0.5523847979010642 0.7005797698992453 0.18823944906292792 0.1424751843053107
0 0.5690842160851798 0.7919417542954131 0.14867684389007838 0.12324050542706697
0 0.9277159634465486 0.5872940343714239 0.14456807310690287 0.12233310266810485
0 0.9302582902478681 0.4843328086816833 0.13948341950426374 0.10309177973732649
0 0.7073675337818063 0.20946452623082346 0.09464256175762494 0.08920634215265535
0 0.8667485454602888 0.27164137889892837 0.1484949874635877 0.11699050542706697
0 0.7164674006331383 0.28092676842890735 0.13585859514371953 0.11164790818602892
0 0.8053132887963711 0.1709143605815627 0.10580738229073816 0.09759205223856364
0 0.5587672462390764 0.06204621438132142 0.1030628155185486 0.056885165083433865
0 0.6623672708496825 0.16420293588719043 0.10111988229073816 0.09734639077317438
0 0.593187710345699 0.06541023179417596 0.09873902837152997 0.06913950361804462
0 0.7737774469513569 0.3471150124360135 0.117063131037097 0.10910276232447184
0 0.7809249865391509 0.7804221573930594 0.10782452335696498 0.11329893939369348