0 0.15973676390635158 0.5875312953759315 0.25621013568479173 0.1795612767345796
0 0.16714090739305942 0.7586341357350112 0.10836577792830412 0.10059996369925486
0 0.13455970149102264 0.6439449218393646 0.13155761646291486 0.09604881908544911
0 0.1264772065794053 0.5642801477370637 0.10326884215265535 0.09276019262201593
0 0.30165983378491235 0.29833646428842997 0.17875352103089917 0.1322499394987579
0 0.3682973778828756 0.18307001259122774 0.14068031094499087 0.12109427088084716
0 0.1325856071906607 0.2782199278894889 0.11823210085908262 0.11002950585373253
0 0.19979636137453222 0.17389097619228663 0.10055327792830412 0.10055451190385667
0 0.5681822704650722 0.3288268984244348 0.1999667797373263 0.14955561416679294
0 0.5862118962002413 0.24041383821778028 0.16156602103089918 0.1321499455488822
0 0.9310773388732951 0.4993378236816449 0.1378453222534098 0.12906130698520074
0 0.9316610546691837 0.6056196399384236 0.13667789066163252 0.11811471662612086
0 0.7202050316578903 0.8437246696980655 0.13056832654882305 0.1069772287263695
0 0.8680759656245168 0.802226995226422 0.16148413387576924 0.13058744554888202
0 0.7048832468321813 0.7750428473911625 0.17875352103089917 0.1322499394987579
0 0.8073641949323018 0.8963587903077659 0.11453389077317447 0.0990738251355733
0 0.5507700361804462 0.9658410850945224 0.1059910504295413 0.05528746369925486
0 0.6659203233810045 0.8815519226249314 0.09405761646291495 0.09583065046753844
0 0.5756881490253164 0.9641331393492484 0.09554487336031983 0.0645988311856975
0 0.7812543170494264 0.7112979890781019 0.12341092378986111 0.11943177693097126
0 0.7868194058111797 0.2806656126146688 0.12801653663473153 0.11789654800821019