0 0.5120338972014189 0.9166754358164557 0.1406824874635877 0.1149776956651067
0 0.2845310228282396 0.9019431378701718 0.10603470282385156 0.10420202174883002
0 0.20659858795107663 0.7981058720528409 0.12138691818411554 0.0954636917107738
0 0.1507601134196127 0.7295031106841345 0.14808581050398356 0.1012335306460784
0 0.23132918566858574 0.41441396296531197 0.17560305674305984 0.13512836958138302
0 0.30364079169936503 0.2714398957788372 0.12243259263643722 0.1314011917107738
0 0.06042330377355898 0.4675350098858317 0.09629598997087015 0.0913200197716634
0 0.10403324828414036 0.33041435326976065 0.1314438797834557 0.11928319368794008
0 0.27965537391096096 0.3321081403416297 0.17200669530200416 0.17243736859279987
0 0.45474865063313824 0.26199059440969313 0.1290463054894186 0.1441558596955513
0 0.9241147645814763 0.46946744376230215 0.15177047083704737 0.13318386760421674
0 0.836856737792792 0.7629216720134724 0.14059155925034225 0.11185269566510651
0 0.9344194302583094 0.6853152782489825 0.1311611394833811 0.11373353064607841
0 0.7948450825408003 0.7136100801124182 0.1237223079967011 0.12208985870696817
0 0.9251750917120003 0.7946120238003583 0.11076766693047446 0.10595552273741297
0 0.7277641972805613 0.9558983977931845 0.10944920783841638 0.060643022737412976
0 0.7896838725908127 0.8312286616333491 0.09344377461060631 0.10056768577927463
0 0.7501021985342025 0.9458840692380033 0.0985571719450391 0.06175985376405215
0 0.8337053425699302 0.6277972555115696 0.13185305674305986 0.13334569368794008
0 0.9257253580093364 0.6526155247889415 0.1215233105039836 0.1001511917107738