0 0.05498356856713016 0.6049261435710857 0.10996713713426032 0.10781434523075965
0 0.10061480362787197 0.8365206083030141 0.09556536116879613 0.09881785352912935
0 0.21179701993319613 0.8960633968950779 0.08456907257314797 0.11505816016782511
0 0.2796195069737054 0.9208634099673325 0.09339726842611089 0.1095185551888033
0 0.5881530513187977 0.8011125527132256 0.11550600574944418 0.16707094606059664
0 0.7238061702632883 0.7067966354964306 0.12179567049962933 0.11477474025173784
0 0.5542196743157889 0.9680747404638413 0.0810339694628702 0.06385051907231727
0 0.6780665688964369 0.9329680491887405 0.0852922425071295 0.0701008576783142
0 0.6605351907156495 0.7468287170302356 0.1462092016024071 0.16318892946385724
0 0.7184822661635195 0.5609037950395557 0.13443237153638865 0.1172844336130419
0 0.4644637497171761 0.11147859980415173 0.1179475005656478 0.1594952444009226
0 0.24320461291222245 0.15054906473657292 0.08804538708777754 0.13705155933798818
0 0.2361652180487505 0.2939322118321435 0.12148260367592564 0.16441954274124865
0 0.14417179062189847 0.17686126577154693 0.09597546427907391 0.10350535352912935
0 0.015158233882963298 0.4067478300839126 0.030316467765926596 0.11136447510489074
0 0.12222029524004689 0.3199008707505688 0.09759675287472205 0.0865546518694554
0 0.02084159736083363 0.35902072510489075 0.04168319472166726 0.09550267676456467
0 0.3184985558904634 0.24276172075521316 0.11609247464666642 0.12055114357108562
0 0.28270661032032435 0.15747449357573 0.10244007775694416 0.1241730510396184