0 0.5960547841594459 0.678125 0.1277442466803503 0.203125
0 0.1896542723537851 0.83828125 0.09586701190385667 0.0953125
0 0.30426167301771506 0.87890625 0.08351245764913048 0.1203125
0 0.3815281549655383 0.8921875 0.08335792154477702 0.09375
0 0.6683656005144204 0.7375 0.11969539734428025 0.1625
0 0.7913672841594459 0.678125 0.10853972872636941 0.125
0 0.6681650917338218 0.90625 0.10061814441741408 0.10625
0 0.778671320558387 0.84609375 0.09268746974937887 0.0859375
0 0.6699200519170351 0.4703125 0.13076925273047452 0.1859375
0 0.7590507296101322 0.45859375 0.11802381303532491 0.14375
0 0.5456301416869395 0.0796875 0.11184653590796181 0.15625
0 0.44409036758463855 0.07578125 0.10556926483072289 0.1515625
0 0.17969100341784555 0.26796875 0.06802381303532483 0.14375
0 0.23276198214421498 0.14296875 0.11492608411256366 0.1484375
0 0.23810294623625322 0.29921875 0.11820562021691713 0.175
0 0.13168529547412738 0.19375 0.08809087334017515 0.1015625
0 0.031806973560007994 0.44140625 0.04589428298109553 0.1
0 0.1300859131569618 0.334375 0.08952610831306052 0.0796875
0 0.037548434332396526 0.39453125 0.05676815046753821 0.0890625
0 0.30644894613805734 0.234375 0.0991556383672898 0.1234375
0 0.7446120214700223 0.2546875 0.1068863251355733 0.109375