0 0.4106257766917457 0.15017836540384483 0.1427445514063251 0.2514854472421072
0 0.7843816116727177 0.17974112294341676 0.10263952174882984 0.1088583314853265
0 0.6650121877564411 0.13849522568719216 0.10002385771838504 0.12117632096198276
0 0.5812446828135253 0.11023444681858416 0.0994163626613009 0.14452281570031095
0 0.3104878083264073 0.2939900076101591 0.153878369581383 0.1804294945971538
0 0.2054766561589605 0.3564606445548015 0.12722302768032884 0.1383484104104042
0 0.30871576680591395 0.0974790286568465 0.09058519072219058 0.1190677893919517
0 0.1996047050566466 0.19322489718563746 0.11765702669174569 0.13311487884037315
0 0.33837272779405964 0.30886384968941644 0.16414470752810448 0.20285052616718496
0 0.2695404506452034 0.5706288313441521 0.14204953163466155 0.1579174577654509
0 0.6258129442565938 0.9372321379071245 0.12817803262324468 0.125535724185751
0 0.8585140618236295 0.7366505465785878 0.10432935574121842 0.11207433674699843
0 0.8245104294278462 0.8967844097751196 0.11666752965749519 0.1470863735787013
0 0.7917258098464631 0.7234078229575343 0.11666752965749527 0.1470863735787013
0 0.9171170820895845 0.8359294807371025 0.10432935574121842 0.11207433674699843
0 0.9802850079272559 0.5790795122365464 0.03942998414548811 0.10787268415851478
0 0.9041648014435062 0.6902074570595792 0.10120435574121842 0.1118923262236546
0 0.979518345379686 0.6141902596057105 0.04096330924062812 0.10033319994353018
0 0.7084278315952929 0.8214365283039108 0.1513263725471326 0.19430998407381006
0 0.31706800254582 0.8189067076242764 0.10847302768032882 0.137256347270342