0 0.8837497286003767 0.35480765388291446 0.10304794724210709 0.13392156134627217
0 0.7870057182887946 0.12999910522759578 0.1013188472703419 0.10423406134627214
0 0.6797091577795683 0.11326668590868602 0.09470482622365459 0.09791133601209036
0 0.5860655735928187 0.08933938458786726 0.1063703683170294 0.11053860534690847
0 0.32929817605424544 0.27135464262413833 0.13161256299888785 0.1686056440165447
0 0.21285339967529904 0.3391608553071376 0.12317843671876345 0.1310329186823629
0 0.303708099901178 0.10044270595959277 0.11252936305535757 0.10904883068109025
0 0.20168213929312967 0.18762562730745574 0.11481990514873237 0.12156701201463571
0 0.34753775476756166 0.5174029392902747 0.14990753669052861 0.16101132001909005
0 0.2701253863093579 0.5573926873010924 0.12739549985882573 0.14981928134945371
0 0.532553851755555 0.9155211712683211 0.1263790314288567 0.15917610001590815
0 0.6371958491247192 0.9135217719207762 0.11673101564384111 0.15437951201463562
0 0.7695687333679384 0.8775831772358682 0.10697658404557515 0.17456474267981753
0 0.8378413202561111 0.8283184265595503 0.11921897881213823 0.1434783746817267
0 0.8060390414580902 0.6715508058959594 0.12197995776545092 0.13726473734881744
0 0.9307498860975963 0.7725127745465056 0.10306335779368574 0.10737724267981755
0 0.9152551467621144 0.6272820905474601 0.10306335779368574 0.10737724267981755
0 0.9837469694983317 0.538736663868597 0.03250606100333649 0.09756589067472703
0 0.7473535571725186 0.7511933999045499 0.11252936305535748 0.10904883068109025
0 0.3175673466350575 0.7679211072963199 0.1150173262236546 0.09814769334818116