0 0.879964661596168 0.4265154557308993 0.09916169467652339 0.1388202729789592
0 0.790232363649884 0.1940150339239592 0.09788835475263546 0.1075702729789593
0 0.6839996096955513 0.16850628932263004 0.08982118676785796 0.10081962523071261
0 0.5914791872621494 0.13530496066814474 0.10289418973360753 0.11568316162790722
0 0.3282655573378241 0.29220129857881216 0.1270612015966055 0.17333497532299774
0 0.20981398767989137 0.34928500848098987 0.11928319368794008 0.13543445712440044
0 0.30882585475263546 0.12108776218161763 0.1090168557412186 0.1129586798265045
0 0.20475512007567467 0.1868851380306391 0.10732702174882984 0.10973355027685523
0 0.3509031971851623 0.5609210202011822 0.1450127055509382 0.1931864003691402
0 0.2601336171471062 0.5706884415466968 0.12323586463846718 0.15594721622369914
0 0.5101879442565938 0.9344109801033597 0.12049286661563344 0.13117803979328074
0 0.6140941942565938 0.9394529819536735 0.11086319863085592 0.12109403609265286
0 0.9676841902464896 0.7306906184385407 0.06463161950702094 0.10723031153562204
0 0.8171290109487771 0.8923524043743098 0.11523236364988412 0.15075906847545256
0 0.7959822283255322 0.7367136736526414 0.1323217045623551 0.1876978639719457
0 0.9126205830781677 0.8454855012273924 0.09957818874502422 0.11079540252860873
0 0.9957568048663662 0.6092254310538969 0.008486390267267652 0.05346496144333699
0 0.9028251359301865 0.7007039273532691 0.09393568380210837 0.08705751387966068
0 0.7302882441428631 0.8073079734680713 0.10914418973360754 0.1160836798265045
0 0.3001059956257378 0.7867535325396832 0.11351335475263546 0.10857156847545255