0 0.339798819085449 0.11077041025802896 0.1723295179539809 0.08613020678164432
0 0.25221700585373247 0.10078328825595695 0.10369769262201593 0.10324062406898663
0 0.17937037919390764 0.20576619478993224 0.11770565046753818 0.0945205955329393
0 0.1274266049934108 0.2769541441279785 0.14427724082661783 0.09732026385373889
0 0.22535206234795377 0.5873222557909683 0.17100336729005097 0.12668243217453856
0 0.305108260921898 0.7297408881321225 0.1179147287263694 0.13045809553293922
0 0.05002026424154773 0.5384417617868242 0.09424087939029935 0.08874147642635144
0 0.1023918061996337 0.675102699752331 0.12721700585373247 0.11839474317557439
0 0.2789361254814745 0.6637541691493691 0.1774533551898025 0.161348530602962
0 0.4692525741536146 0.7361620543860075 0.14766586123992678 0.1427783130679506
0 0.9209766170936593 0.516547143718203 0.1580467658126814 0.1324957845319034
0 0.8023493369412341 0.2322342638582481 0.13202268052176755 0.138925566996892
0 0.9278084000747547 0.3053185452897795 0.14283291549465282 0.11755998924663302
0 0.7697913669954634 0.2775125306074711 0.12568177693097127 0.12300946856846862
0 0.9005913942210222 0.19405571361057908 0.10683178298109546 0.10494867328319826
0 0.6839800902608838 0.034567359391187394 0.10335225897699055 0.0438656240689866
0 0.7612789093463329 0.15756390364300038 0.08960792154477701 0.09789815260503384
0 0.7059141775949012 0.04370476489170538 0.09881929508134384 0.07020980024766903
0 0.8187333819243822 0.3619752677871895 0.12419199980360815 0.13543669396136276
0 0.7489101986721401 0.04639096319629431 0.11602497579950324 0.07413532092583344
0 0.9077458849494443 0.34923336518215564 0.13658291549465282 0.11726889081820957