0 0.1478629061764286 0.5730300825119967 0.27558633636823104 0.19857241208933268
0 0.10844167115361639 0.23946541332595023 0.10925063103709695 0.10993380937615385
0 0.09983589779665139 0.34762836674972286 0.0968415592503423 0.1122577729789592
0 0.0824234257724699 0.4368608474713914 0.10585284639736088 0.10035855027685514
0 0.2677769379131708 0.6862135980897003 0.1773474131695506 0.1454893800110746
0 0.3418472722363378 0.7937571853820589 0.13948370031656915 0.130586270819491
0 0.07619719167409451 0.7312419031469174 0.12689277210332378 0.12666023442229637
0 0.16804605938335632 0.8173715653931335 0.10617109514371963 0.11129605027685514
0 0.5305640944188038 0.632723148523439 0.20441001834239997 0.16437908235511306
0 0.5547624608744244 0.7122709461794006 0.16194973370266402 0.15230058451458142
0 0.9046561269469688 0.42549882480619916 0.1664099131695508 0.14478847316352944
0 0.9023016682506224 0.3188180282299718 0.15823370031656908 0.13178782541528272
0 0.6422603931777978 0.11714011644518105 0.10327341567683312 0.11890829117755657
0 0.8234278251519669 0.13516252391103514 0.15350073620994636 0.12992493676633482
0 0.6365355789128906 0.17989044031930437 0.1806542695960413 0.15193963911037328
0 0.7465590997625732 0.04568992520302605 0.11040395407749273 0.0913798504060521
0 0.4873719678675464 0.015303770436507371 0.10471624373179385 0.030607540873014743
0 0.6076413522698556 0.07413059608711545 0.11701766693047429 0.10887195712440045
0 0.513130485814235 0.017162011877075813 0.10186402837152997 0.034324023754151625
0 0.7480891928612288 0.23200604796972862 0.11627352084968265 0.1368968275747511
0 0.7622854558598595 0.6553038456256901 0.11577341567683312 0.11970932757475125