0 0.5012141345186519 0.7483463787744569 0.12821982122152562 0.2569089389258032
0 0.17677030984246014 0.17232199028239253 0.09996779121570665 0.10122014342930993
0 0.2960303639350444 0.1352003269564423 0.09017820303441751 0.1145817365817647
0 0.3756859130266588 0.12145680443890834 0.09043329454968649 0.1177067365817647
0 0.6484224271114843 0.3014992620247341 0.1258923045516262 0.17127182757475107
0 0.7603009316534124 0.40290917257290715 0.1311538893989354 0.14052247532299766
0 0.6540818510581667 0.10709841995201352 0.08705320303441759 0.11438147748246603
0 0.7662154471153637 0.2053833305001866 0.11463606909549373 0.12858367982650448
0 0.7096950248356713 0.3878861474344796 0.1701844384905499 0.16167558451458142
0 0.7142556237678062 0.5821565815799208 0.13778652667183913 0.14561049352159508
0 0.37299418435917236 0.9367850084809899 0.1248719384905499 0.1264299830380203
0 0.14343358542703746 0.7442668414544118 0.1268809775802247 0.12625971622369897
0 0.17082564860347746 0.8897388301956447 0.11265898091420459 0.1424459207272058
0 0.19022870815607354 0.7001454040697681 0.13577748758216437 0.17812260487264703
0 0.07469981875713802 0.8262492242432635 0.10035042848861027 0.10590764342931003
0 0.005772541505570739 0.5623591000922851 0.011545083011141478 0.10396560919158375
0 0.08063043861123614 0.6766299560446662 0.09748052000387933 0.10883238433001133
0 0.012700208929225387 0.5907344239664083 0.025400417858450774 0.09931768198597286
0 0.27916404921230065 0.8228598156976753 0.15296498758216437 0.17922402991878955
0 0.6929393778506922 0.7951875077057975 0.11973815727678297 0.11492169802510173
0 0.11675977299950349 0.8305152220837952 0.10937474212409222 0.08317105027685515