0 0.39778570870463464 0.2842782867202248 0.2047795013526354 0.1445510733609078
0 0.8915940841024497 0.7649599534531764 0.09805678668045417 0.10268974267981754
0 0.796318494111995 0.8341543014401314 0.08880905601527207 0.11351815467854473
0 0.7208554174490402 0.8606162567631774 0.08868178668045382 0.102580654678545
0 0.39263896343885873 0.7818072673854066 0.14426017202418073 0.1797795013526354
0 0.2688560181014953 0.7506834420353166 0.11869655068427196 0.13105110001590853
0 0.45326902279594855 0.9546073260264079 0.10735906134627218 0.09078534794718429
0 0.32538892345635795 0.909913538709407 0.10428860534690845 0.10119996801399936
0 0.40214977609799546 0.7264566960534522 0.16344652402927143 0.21749767735518083
0 0.24754245007158762 0.5301527660327713 0.13770108935390812 0.1531442760184536
0 0.9507016233688621 0.2727457287953122 0.05076361600890848 0.06620680267345422
0 0.45007327267663594 0.07866463339431537 0.11889654535327185 0.14823860001590833
0 0.7605215186982712 0.2416304467695407 0.11053860534690844 0.10127269334818116
0 0.6594664540101813 0.08266343208940498 0.11101132001909005 0.14189769334818114
0 0.6981396973663166 0.25105944342772296 0.12185791335136287 0.13421246268299925
0 0.7723209900143175 0.11444123810467702 0.09967383068109044 0.107395424013363
0 0.9381203547103617 0.332747437460176 0.041806786680454164 0.1020352146721816
0 0.8153453786998621 0.2539855434436313 0.09653064934754463 0.10579656134627217
0 0.9293084287078163 0.31389744012567605 0.06206474267981754 0.09758407200827239
0 0.6100215320257716 0.19691628874917802 0.11077496268299925 0.12158519334818112
0 0.20369990137649802 0.32029596069381694 0.10428860534690845 0.10119996801399936