0 0.8907931528696622 0.4366276906852337 0.10303715471124733 0.13991645020978147
0 0.7952082292168796 0.20324558300691953 0.10085194183801285 0.10866645020978145
0 0.6884283514929388 0.17650363902091543 0.09416489926336577 0.10194285352912935
0 0.5943287902288585 0.14217433798129703 0.10608574505632155 0.11683414772027048
0 0.3361988519971419 0.29591003154309387 0.13189412822814398 0.1747417361025528
0 0.218803538387273 0.35073739627037803 0.12302187278026225 0.1367681394219007
0 0.31178944183801277 0.12465033818178968 0.11211722376899794 0.1141827444009226
0 0.20898650595208473 0.19923409585545954 0.11455380891829188 0.12680114357108563
0 0.36465625981048255 0.5583983761491536 0.14839321337743777 0.18842572780418312
0 0.27561553914357767 0.5741874742796982 0.12756726114786482 0.15731743776222676
0 0.5362841494385928 0.9368408396316822 0.12353532500983526 0.12631832073663568
0 0.6409716494385927 0.9425177107948473 0.11528578243518836 0.11496457841030541
0 0.8217410481977556 0.9153058605897101 0.10831451659574647 0.16938827882057977
0 0.8417586172555062 0.902286734251675 0.11920845792955612 0.1489129419114114
0 0.8119732922456707 0.7430534442097187 0.12011539406758587 0.13965634108157482
0 0.9356453750491763 0.855780432386864 0.10263296312533612 0.1119098493799445
0 0.9207966351886349 0.7101127348763749 0.10263296312533612 0.1119098493799445
0 0.9869227947559474 0.6303203363309118 0.026154410488105385 0.10125576929603178
0 0.7517566941069267 0.8154244290628718 0.11211722376899794 0.11418274440092242
0 0.3216157260379119 0.7874929576829586 0.11447739926336578 0.10348204274124857