0 0.4907889697456941 0.18046875 0.11167695966092542 0.240625
0 0.8301153098964811 0.165625 0.09896376324231468 0.0953125
0 0.7260142787937035 0.11875 0.0841589694628702 0.1046875
0 0.6364049746466665 0.1125 0.08904195909527761 0.0890625
0 0.36076857054689765 0.25703125 0.11863100574944418 0.159375
0 0.23827770735185125 0.3125 0.11535018086722201 0.121875
0 0.3503212116871757 0.09296875 0.10589726842611089 0.103125
0 0.2412776938267127 0.14140625 0.09984275805851832 0.0875
0 0.37052144524083236 0.5203125 0.14126742337435153 0.1859375
0 0.28639045301652677 0.53203125 0.1311897943450923 0.1421875
0 0.520360660651202 0.9203125 0.12460760367592556 0.15625
0 0.6249504158349982 0.928125 0.1219514953818516 0.14375
0 0.8655775414238874 0.740625 0.1339634798304626 0.1203125
0 0.8268943331770817 0.87890625 0.10992038708777736 0.13125
0 0.8094061623946283 0.696875 0.12249829952888866 0.15
0 0.9292387917067113 0.81640625 0.08673716531583295 0.0984375
0 0.9232930051373135 0.6859375 0.09277255183796278 0.078125
0 0.9908904327288189 0.596875 0.01821913454236217 0.0921875
0 0.7397860209715263 0.78515625 0.12722546427907383 0.096875
0 0.3113684950525449 0.74609375 0.1122839694628702 0.1046875