0 0.81015625 0.596292587526792 0.240625 0.14105471741393635
0 0.7484375 0.9179964911771137 0.103125 0.10263952174883002
0 0.81953125 0.8247995895039584 0.115625 0.10783635771838504
0 0.84609375 0.7508819284392629 0.0984375 0.09463602076024671
0 0.77578125 0.4331731636105154 0.1671875 0.1286873685927999
0 0.7515625 0.2954675751695023 0.13125 0.12097302768032892
0 0.93828125 0.48432578121473213 0.1234375 0.11284219269935676
0 0.91328125 0.3606508592756218 0.0953125 0.10388368676785795
0 0.52265625 0.34707786022702397 0.1953125 0.15014587452429895
0 0.53125 0.2614905287060931 0.1515625 0.13742569863085594
0 0.10703125 0.3449861892393158 0.165625 0.1317487015966055
0 0.075 0.44211851581733075 0.15 0.12798703163466155
0 0.19453125 0.7446452910262018 0.1296875 0.13184686068413462
0 0.071875 0.653709931824942 0.140625 0.11823002965749527
0 0.25078125 0.7063123028891998 0.1625 0.13318386760421674
0 0.10625 0.7754231057412186 0.1046875 0.09176568874502422
0 0.3234375 0.9475540682122391 0.1046875 0.05270318874502422
0 0.23203125 0.8149232989348671 0.09375 0.0960075197716634
0 0.2984375 0.9340353962731289 0.096875 0.06800985376405251
0 0.1796875 0.6041967045623551 0.1078125 0.137205522737413
0 0.32265625 0.20767848471414183 0.1140625 0.11714769072219058