0 0.6753625726014905 0.1510226869442462 0.11726126463433122 0.2906883860649556
0 0.11744344994868636 0.7517701809045063 0.09589428298109555 0.10778029121570647
0 0.21938267896964336 0.8129471837794442 0.08659200585373253 0.11951501666989942
0 0.291857121788051 0.8382663060494382 0.0850022347764936 0.11469997091226496
0 0.6173707270760495 0.7234555384614549 0.1431692587805987 0.18035666394474265
0 0.7418894589256768 0.6617531507295094 0.12577268052176754 0.1430161606107628
0 0.549928176140973 0.9070012331609227 0.08336701190385672 0.10207242515463051
0 0.6893088387087596 0.8409621607314491 0.10853972872636941 0.13380065727678306
0 0.5987752631804029 0.6984235875530693 0.15729539129415607 0.1924420757634536
0 0.7555393893492484 0.4630765346684331 0.13364881303532491 0.15459138939893546
0 0.5448761627641783 0.05516663468782975 0.11962267447164336 0.1103332693756595
0 0.2558085967037914 0.18917497286911894 0.12413745764913058 0.13038861485312828
0 0.3323670724050987 0.06127279113111772 0.1086124515990063 0.12254558226223544
0 0.29929952147002237 0.23013494165535198 0.11651585518980259 0.1625633860649556
0 0.22122958450534713 0.09282600241589598 0.09748405405833438 0.11259533697334119
0 0.06058647941374047 0.3238044196946186 0.04903746369925477 0.10707891848667064
0 0.18134440700864177 0.23742089635675936 0.09435905405833438 0.11234024545807211
0 0.06929385890223569 0.30357166802762864 0.06618860226293628 0.10223192182065048
0 0.414602334603543 0.1418540784692136 0.14008062021691714 0.18635157242947362
0 0.8006165817748727 0.23138025345466612 0.10677724082661788 0.09929811151914843