0 0.14802979641934386 0.34843891705925956 0.11582286397194572 0.13443237153638865
0 0.2178557333425622 0.1262816615926393 0.10172079117755659 0.10833876324231465
0 0.3348837446013292 0.07676153228055618 0.09334708667404978 0.1231435570217591
0 0.41210757865448533 0.05793662947673646 0.0931468275747512 0.11587325895347292
0 0.6974907734403846 0.2060916984913439 0.1280014913621267 0.17900257775694425
0 0.821978436148026 0.2729778191792608 0.1429651573089707 0.19429538708777747
0 0.6867373388335182 0.03642941246435247 0.0899216980251019 0.07285882492870493
0 0.8063570288390555 0.09050707177115894 0.10630816162790709 0.1071863663525924
0 0.76356515885013 0.26866075753935326 0.16343834361388013 0.17433420160240712
0 0.7888316764304186 0.46678589924527925 0.13391152991878955 0.14999858294074042
0 0.48543867519380085 0.8814306169647231 0.13072597316352946 0.1730259798304629
0 0.08129738355481894 0.643389123562639 0.07752182757475112 0.11865154665416658
0 0.28235803824289585 0.6792214424125931 0.13395110271317864 0.17486188190398125
0 0.17611613509597843 0.7867201670592594 0.10358367982650449 0.11316296427907382
0 0.06541396282761307 0.5426468297831945 0.06159643892580315 0.11259703628657398
0 0.17374569940937779 0.6148745613570836 0.12261308451458142 0.1676549746466664
0 0.07194336751569 0.595498427709676 0.056308161627907215 0.10281193317629622
0 0.3584186929309728 0.7259898442032876 0.10927247532299766 0.12919806738935158
0 0.30196723626799765 0.789065334118519 0.0966723457733484 0.1265419590952776