0 0.8927367714035424 0.522346278777683 0.10158177601845395 0.13651928298109545
0 0.9016465053707708 0.2810082064707802 0.10123633068109043 0.10683178298109555
0 0.8103578866963623 0.22344971564416233 0.09333292401336299 0.09897383118569747
0 0.7346215426877718 0.1597321284083407 0.10766814401654479 0.12249314441741399
0 0.4158720900302259 0.2250606499765589 0.1347397213558171 0.16639768052176757
0 0.2816334500318167 0.23599762909571176 0.12185791335136278 0.13351245764913058
0 0.46940452800763605 0.05897710772388533 0.11064769334818117 0.11001132513557324
0 0.3477658853437268 0.07858055971567514 0.10110906134627218 0.09589428298109552
0 0.33209871606458796 0.4776811350476401 0.14589539735836254 0.18521131303532473
0 0.239647586728179 0.45448855386194265 0.12363858935390812 0.1522715480082102
0 0.32505256878576727 0.8791754573545429 0.12527381468808993 0.15853063836728998
0 0.42240937412472157 0.9211453096174793 0.1190056333545444 0.15693177693097127
0 0.5043860801240851 0.9169350534691592 0.1295067813494537 0.11949540944452863
0 0.6420042587921306 0.92666580830134 0.11891472668681721 0.14666838339731997
0 0.6895139634388588 0.7813026013791735 0.1318510786919081 0.18669199980360834
0 0.7683304014560399 0.9083150741536146 0.08721019334818117 0.10987496974937905
0 0.7461457714433131 0.8144423543060398 0.08888178134945371 0.11925906010845858
0 0.8027770321053133 0.7803991524124458 0.10123633068109035 0.10683178298109564
0 0.9141321554344044 0.7497991130866385 0.08406701201463562 0.10829428903121965
0 0.5947469034452222 0.8276230894753169 0.12007723734881744 0.11475336729005088
0 0.19134808875713222 0.667474367191855 0.11528064934754481 0.10535109621281222