0 0.6138103461909867 0.897803329939725 0.13444891233702022 0.1007104081860291
0 0.8425450466774542 0.8300304110111039 0.10319891233702032 0.09907266508343389
0 0.8631496473260774 0.724763056872661 0.0968125446422686 0.09093261646291495
0 0.8920888993546722 0.6347898320874317 0.11109323295387127 0.10416960085908258
0 0.722588471593081 0.3553469142904644 0.16772506249917604 0.12899253844375372
0 0.6598584208617323 0.2308548473525797 0.13011596834337488 0.12077724672063965
0 0.8931191599046837 0.3517726141996073 0.1080773271096728 0.11025582654882307
0 0.8247021708617324 0.23949394221876846 0.09862050649282175 0.10507700361804462
0 0.45441517005095344 0.35302201718571197 0.18677507142762995 0.1471626843053107
0 0.4403856720795483 0.2607968956344144 0.15048301542127546 0.12496677973732646
0 0.07527886931960479 0.4760103013340524 0.15055773863920957 0.12077060266810484
0 0.07276861384108047 0.5806978013340525 0.14553722768216093 0.11263055404758582
0 0.3061557589350443 0.9590994402982045 0.13110572402541765 0.08180111940359111
0 0.14416209375535485 0.7903018526681048 0.14563187418757345 0.11534611827193722
0 0.30150698945328375 0.780562761758645 0.13631142126547413 0.11797979534115868
0 0.19556886080148345 0.8915235159425166 0.10794095941492107 0.10244332654882307
0 0.43988983076971133 0.9932088466752111 0.06156479139585791 0.013582306649577802
0 0.33938704464885927 0.8951508842144538 0.07970686525911966 0.09471935775648746
0 0.22607634131972287 0.7117065411572872 0.1080773271096728 0.11025582654882307
0 0.22891633807001668 0.2802108796918979 0.10034664772652382 0.11453389077317437