0 0.12184514123040675 0.500535825165046 0.1007557508107789 0.14142466531583314
0 0.11901401622875911 0.7405456704996294 0.10341710064862313 0.11513556738935157
0 0.210593590092021 0.8031618306316662 0.09234323295387145 0.10636616013203692
0 0.2913856684195098 0.8734148335063884 0.1130921095770768 0.1331432736099071
0 0.6018771091667444 0.8303741903398599 0.1326603157455871 0.1816586860510184
0 0.7390771002382908 0.8252163815746746 0.12101370373287815 0.14007677879370348
0 0.5555357175260054 0.9661447109568744 0.10969437418757337 0.06771057808625117
0 0.6770016144417502 0.9634779779456245 0.10007391233702023 0.07304404410875094
0 0.6825332252399383 0.5800118968432395 0.14381600405718978 0.19511559330833314
0 0.774307668015768 0.609102657493656 0.1198057597392328 0.16025257775694435
0 0.6785943786518003 0.17559779891675797 0.11996940097293471 0.1696275777569442
0 0.5818597004864674 0.1304719351560637 0.11678985389503396 0.1662291756834257
0 0.5007324314117438 0.1303947312445824 0.12860801542127548 0.12826028397749978
0 0.3568733372559425 0.11156823586273079 0.13381371266133205 0.15835788708777754
0 0.31646829991727443 0.25468395735185123 0.1233125892845374 0.18240097983046272
0 0.24779834618439622 0.11918666328958287 0.0768000535707225 0.10968664976444434
0 0.2635108952908918 0.21494822262041616 0.08340460957707681 0.13054595391148133
0 0.20410466761202617 0.2526539827051848 0.10201824188232518 0.12437386635259244
0 0.38810574634655204 0.1579839060795363 0.15881371266133187 0.16054510367592562
0 0.8255081091700397 0.36942429429860957 0.1260830332781829 0.16236188190398124