0 0.8130106820450005 0.20448268763639668 0.1285924746466666 0.11941639988706054
0 0.7483022160225002 0.08233394282748135 0.1074597684261109 0.10885833148532649
0 0.6356456826106484 0.0642131173898409 0.10298688190398124 0.1284262347796818
0 0.5563682857209261 0.06397659790562657 0.10079966531583313 0.10380681043863908
0 0.2758333107914357 0.267637737128169 0.14628711404351816 0.17951944198043532
0 0.1537833620637507 0.34780962649188585 0.13206878916129602 0.14138240514873238
0 0.2685853217246762 0.10172431079157493 0.1192174746466664 0.11887036831702943
0 0.15747287299699111 0.18125916332358885 0.10833876324231459 0.10113683674699833
0 0.2838441345423622 0.5314426318947321 0.1652517275213885 0.20083299985882555
0 0.19358071950935293 0.5592406791791916 0.14152170160240712 0.1605874314570915
0 0.42423893986717776 0.8901365504799926 0.14220520678620335 0.16839993145709187
0 0.5318169940142147 0.8776526900554711 0.13085760367592555 0.16307539462538861
0 0.7892165567854179 0.6185983955430219 0.10318237153638865 0.11327281570031093
0 0.7415815562197701 0.7721630112998026 0.12419750056564798 0.15802387357870132
0 0.7187283995281032 0.6335856296874192 0.12792809330833316 0.1473593893637169
0 0.8342761956166218 0.707691716646179 0.10644407257314796 0.1150173262236546
0 0.9257185677186583 0.4443124851326177 0.062147268426110715 0.10621917889684288
0 0.8309542889249549 0.5679767692628974 0.10310445909527743 0.09461382096198286
0 0.9215587480202323 0.4740909903942895 0.07267466531583296 0.10216871572854576
0 0.6445493142782885 0.6907603638318165 0.10827997464666658 0.11823333148532651
0 0.21769428835930701 0.7544852897448875 0.12785018086722202 0.12870039462538863