0 0.53125 0.8203125 0.103125 0.26796875
0 0.16171875 0.81171875 0.084375 0.0890625
0 0.27421875 0.86640625 0.06796875 0.10546875
0 0.34921875 0.89140625 0.071875 0.10546875
0 0.66015625 0.7546875 0.125 0.153125
0 0.775 0.68515625 0.10859375 0.13046875
0 0.6203125 0.94765625 0.06953125 0.10390625
0 0.74765625 0.86640625 0.09453125 0.1125
0 0.63671875 0.728125 0.134375 0.15703125
0 0.759375 0.4890625 0.115625 0.12890625
0 0.4859375 0.071875 0.1 0.14296875
0 0.215625 0.2484375 0.115625 0.10703125
0 0.27578125 0.1046875 0.08984375 0.128125
0 0.26328125 0.29296875 0.10703125 0.15703125
0 0.1703125 0.153125 0.08515625 0.09296875
0 0.04296875 0.390625 0.03359375 0.1
0 0.1515625 0.3 0.08046875 0.09609375
0 0.0484375 0.36953125 0.05234375 0.090625
0 0.3703125 0.190625 0.11953125 0.15703125
0 0.76953125 0.23203125 0.09375 0.134375