0 0.8698268483942421 0.5875345140551396 0.2603463032115158 0.14836999050069472
0 0.8052109546511652 0.9033575761754868 0.10767040252860846 0.09767639342673604
0 0.8467593021225565 0.8091542877064937 0.09410855027685514 0.10516158510611114
0 0.8920031485142138 0.7360993006242715 0.10424501387966068 0.09291615824437507
0 0.802095535160577 0.4165121928167368 0.17676036397194572 0.12892769984750013
0 0.7685344586655599 0.28233656135784785 0.1386595866740496 0.1186798776591668
0 0.9648098789313405 0.4682597968245494 0.07038024213731901 0.1162809230620141
0 0.9348393815522341 0.3454937908406258 0.1049459207272058 0.10385365824437506
0 0.5435833258767081 0.3387274592498962 0.20442428901808823 0.14673344889756965
0 0.5466699506459956 0.25298998100138936 0.1601736412698415 0.13790265634451407
0 0.128859491823552 0.34311617999586813 0.17519786397194567 0.12889133225631957
0 0.10313640345145922 0.4408081443766667 0.15781010487264707 0.12536628875333342
0 0.2588995542820248 0.7533471248093753 0.10943316162790725 0.10083776101791671
0 0.11436020742894223 0.6524723429898959 0.15252182757475113 0.11588218597979179
0 0.30090777914359723 0.7028392849536113 0.18028588217054295 0.13525043502986128
0 0.15566393275193996 0.7735667462002779 0.11029475478036196 0.08993662860909737
0 0.3809211559154694 0.9410672899876044 0.10779151603912904 0.05087412860909737
0 0.2932232919435237 0.8142125428373961 0.1155830320782579 0.099420731382639
0 0.35522024906792415 0.9295479085287155 0.10088018198597286 0.06475479065319441
0 0.21632442319121603 0.6002396553945835 0.11456075262089363 0.13216049620027787
0 0.33683507325581447 0.20442127516996553 0.11462130937615385 0.10875936379145842