0 0.8767380901562557 0.3886377018337662 0.24652381968748846 0.12683689620024124
0 0.15152192038771417 0.20977671246075746 0.1031678494618807 0.10672139077317437
0 0.1243130651348652 0.33180884271848227 0.1292209272121397 0.09717597241038015
0 0.12006652088305221 0.40878077849413097 0.10102315260503389 0.09413950361804471
0 0.3078748517336831 0.6746094171195989 0.17457196856846863 0.1338438127540133
0 0.38055683457017536 0.7890570194490195 0.13663532092583353 0.12250352103089916
0 0.1404155239834241 0.6943497862960472 0.11588617328319831 0.11206398801421251
0 0.21180683457017535 0.7979008322030327 0.09677230024766903 0.10326884215265544
0 0.5734078064484128 0.6418976571699762 0.20037248924663303 0.15234150723608925
0 0.5954883217498937 0.7292372048859839 0.15582196856846853 0.13286116689245625
0 0.9309012053339021 0.4681747156285761 0.13819758933219575 0.13178998982323478
0 0.9296447663349383 0.3712997156285761 0.14071046733012338 0.11287621551297518
0 0.7033177067816443 0.13543521596726044 0.1214469685684687 0.13105964947960164
0 0.8298438194780914 0.12802110640175052 0.17191784946188057 0.11032442559888347
0 0.6756143918516668 0.1964070154922906 0.17784251778268043 0.1371325870642727
0 0.7848908844080688 0.07085705959025382 0.10890842721213971 0.09611143939369338
0 0.5287628548385642 0.01487643063149528 0.10538101282028159 0.02975286126299056
0 0.6455201693542569 0.0883422099743666 0.08866870181924558 0.09660940637700659
0 0.5742209040527759 0.01821279257185437 0.09346320967712848 0.03642558514370874
0 0.8103768436709125 0.2817569380389563 0.1963399607105857 0.16615834577069996
0 0.8010640796077766 0.6871371568312918 0.11141699710451576 0.11650582654882306