0 0.5800859682632578 0.14458687159573044 0.12566524122451134 0.08159219269935694
0 0.8166288735152495 0.20182500452298635 0.09303459765100222 0.08650518577927466
0 0.8539817724990352 0.30556942843926305 0.08807431301126592 0.0769391847906915
0 0.8987379945232167 0.3955696873365116 0.10571645407749272 0.09326452174882985
0 0.770452836301724 0.6798425751695023 0.15759720282385156 0.10630303262324467
0 0.7265701071514066 0.8075882317855733 0.11848923871722902 0.10314885771838504
0 0.9396203734487425 0.6742504442565938 0.09799488229073816 0.09607118676785795
0 0.8767148596586891 0.7918570969183321 0.11054034639736088 0.09814302273741297
0 0.5047967440609982 0.6947686023183586 0.1768018438900784 0.12269203657757757
0 0.5035728763517364 0.7867969348278725 0.13889266693047428 0.10710152866891214
0 0.10289561177026005 0.5863141847906915 0.15134720282385156 0.10604836463846716
0 0.0858324807331631 0.48261618182494204 0.14455163354437944 0.08704369665368965
0 0.2705494953811465 0.20688530585494935 0.08816524122451135 0.08006418479069151
0 0.1210101481258558 0.2702408572240934 0.13871081050398354 0.10085152866891205
0 0.27261811223247845 0.27797905585494936 0.12768238229073817 0.09728085969555131
0 0.16566576708875883 0.16905770060802233 0.09772209765100212 0.08669618676785787
0 0.39495479882550105 0.05745033304098666 0.09810253087881238 0.04613485376405226
0 0.3082253401291547 0.16082073075980913 0.09303459765100204 0.08650518577927468
0 0.35917642319868043 0.06145474212851565 0.09377874373179385 0.05844385277546911
0 0.22618103292387642 0.34475537897292324 0.10736988229073816 0.09645318874502422
0 0.2894876442984251 0.777293306349241 0.09817673871722885 0.10232118676785795