0 0.6242016633513628 0.16181318093168418 0.13230451734563572 0.09673806699689202
0 0.8524362986950896 0.24896438626558642 0.10107269867918127 0.09684507485477489
0 0.8755385387094072 0.3554519807650684 0.09471361067790837 0.08717897642635145
0 0.9055083967218156 0.4482045609965268 0.10893974267981754 0.1018964478903042
0 0.739140698758723 0.7121835161255413 0.16698860001590835 0.1249016083532208
0 0.6772957741088131 0.8326736445377542 0.1278715560152719 0.11839474317557466
0 0.9095713774267684 0.7302721983000797 0.10588746801399936 0.10800089867609249
0 0.8358258894414041 0.8345915171589986 0.11689769334818116 0.11476032092583344
0 0.47109922342454125 0.6934526710068868 0.18437609468490823 0.14288962903138547
0 0.4573190814369498 0.7841675622393811 0.1482022373488175 0.12090331306795062
0 0.08509699407222396 0.5357063676588458 0.15913973734881748 0.12141273531769166
0 0.0823345260582246 0.43250859305173994 0.15112724267981759 0.10386136228216233
0 0.26430849534531764 0.10054377129733698 0.12285679201145401 0.09005141935425688
0 0.1549436806969986 0.2305330241928211 0.1403170120146357 0.1142894400324213
0 0.3113391313653622 0.25031048490340685 0.1795431440165447 0.1301713052100677
0 0.20535166601686283 0.1337158362273144 0.10577838001272666 0.09862589867609244
0 0.45584146733768166 0.05324504797135743 0.10050907733927232 0.048407574854774885
0 0.35068234735040826 0.14204637468815912 0.08074201734563573 0.09433650496239872
0 0.41759658000477257 0.05458707009726392 0.09296929734245407 0.0714812018192456
0 0.23713911004136173 0.31556730376232567 0.11061133068109026 0.11134422249741008
0 0.2437196580999045 0.7468900783694316 0.10281701201463571 0.11254284946188076