0 0.40930473878351437 0.539617705928333 0.15581470452587265 0.19735039152687506
0 0.8934201426688981 0.7072318188667701 0.09904655405833437 0.10697865824437507
0 0.7968718747149172 0.7875934257243744 0.09444995764913067 0.12249455547083343
0 0.7295207482514842 0.8172822321451383 0.09434996369925486 0.10530705547083344
0 0.40795482046019116 0.771648955928333 0.13537493949875792 0.17500261284152785
0 0.2744656095896067 0.7567896349742707 0.12265677088084707 0.13721167211208343
0 0.46555317614097297 0.9413789212590622 0.11774201190385672 0.09804006933854197
0 0.3353435013747421 0.8998843651226386 0.11949540944452863 0.13088893692972228
0 0.3242484827333902 0.5244122396476734 0.1511544756031114 0.20192878875333342
0 0.23980075986075322 0.5388760895714234 0.14153403590796182 0.15952308320625014
0 0.3196443586076481 0.10738839380798584 0.13224084913967832 0.1733673776591668
0 0.4206483224050987 0.07236204321864567 0.12120335518980259 0.14472408643729134
0 0.7346830304470128 0.1984958645539577 0.10841246369925486 0.10563436379145844
0 0.626939229020957 0.06291234840513865 0.117996541958086 0.1258246968102773
0 0.6736546268562166 0.21553920060999943 0.119559041958086 0.14182643692972235
0 0.7502449188143026 0.07471287243774243 0.0881181444174139 0.10828658510611118
0 0.9201478317748727 0.2754181212034714 0.050590873340175334 0.10272626291777787
0 0.793222238292535 0.2065070798846868 0.10221700585373253 0.11486389342673622
0 0.9101233919815271 0.25299826054614505 0.06619769262201594 0.09996493882958335
0 0.5779063105012421 0.15840080746760368 0.1303238251355733 0.11239351006798622
0 0.18629955172064333 0.3362427052627429 0.1115738251355732 0.11195709897381949