0 0.8382677943915752 0.5256377745465055 0.24117038708777735 0.13392265603118042
0 0.6709280121575016 0.8772286412317319 0.10990126324231468 0.09649428668045382
0 0.7540323295468534 0.7748025278883233 0.1248427580585183 0.08886360001590851
0 0.7841975746458809 0.7065519672183689 0.10792866013203692 0.09178860534690844
0 0.7417037356263897 0.38940137722791396 0.179959485014259 0.13008858402290802
0 0.7283916742693061 0.25609852856464105 0.14136587672018486 0.11715223201781733
0 0.913178902968473 0.4365747272040513 0.10529167568342572 0.11517156134627204
0 0.8743883879827321 0.30903152987750565 0.13980337672018486 0.11713405068427196
0 0.4940857333173154 0.32048084392904874 0.2077522943450923 0.14446016669318062
0 0.510129689820695 0.2352245965945488 0.16331878916129608 0.13613858935390816
0 0.08275548272842619 0.33938866931890976 0.16551096545685237 0.12694540268936266
0 0.05726782144185223 0.4428863866565914 0.11453564288370446 0.11422722668681722
0 0.16186395339231624 0.7457921159691377 0.1074597684261109 0.10427042401336309
0 0.0466488777565515 0.6499358179901368 0.093297755513103 0.11419086401972649
0 0.1952813376053717 0.693893261298547 0.18206878916129607 0.13635676535645339
0 0.04737718291671366 0.7706386693189098 0.09475436583342732 0.08559314934754489
0 0.23720783157310366 0.9283222579567294 0.10566353110277768 0.04805678668045417
0 0.16995056399546452 0.8050125746340016 0.1178504642790739 0.09814769334818116
0 0.21537178779365918 0.9192108872931382 0.10234304147037028 0.06362724267981754
0 0.12441105447634374 0.5940392593093649 0.11562358294074052 0.12621814934754488
0 0.3046506693683337 0.19312964528963839 0.12179567049962943 0.10755905601527202