0 0.1078125 0.61328125 0.05078125 0.134375
0 0.16171875 0.81171875 0.084375 0.0890625
0 0.275 0.86640625 0.07109375 0.10546875
0 0.35234375 0.90625 0.06640625 0.13359375
0 0.64453125 0.75703125 0.09609375 0.15703125
0 0.775 0.66640625 0.10859375 0.1234375
0 0.62109375 0.94765625 0.06796875 0.10390625
0 0.74765625 0.8640625 0.09453125 0.1125
0 0.725 0.690625 0.15078125 0.14296875
0 0.76015625 0.490625 0.11796875 0.128125
0 0.4859375 0.07421875 0.1 0.1484375
0 0.22109375 0.24296875 0.11328125 0.1125
0 0.27734375 0.1078125 0.08984375 0.13046875
0 0.26875 0.2640625 0.1 0.1015625
0 0.1703125 0.153125 0.08515625 0.09296875
0 0.04140625 0.390625 0.028125 0.103125
0 0.15390625 0.296875 0.08203125 0.0765625
0 0.04765625 0.37109375 0.05078125 0.09140625
0 0.34609375 0.20625 0.11171875 0.109375
0 0.3140625 0.121875 0.07578125 0.10390625