0 0.6524179138402385 0.15917932020651865 0.14126016508343398 0.10393529788867957
0 0.8659271359119345 0.26299761565956625 0.11149077792830439 0.10185460064862309
0 0.8704741157855462 0.3702061436627434 0.1047494549975255 0.09237050649282175
0 0.8850102493226315 0.46585956289962266 0.121275213703953 0.10983074188232518
0 0.6740882801916117 0.7155344602224047 0.18047979534115868 0.13740236282348767
0 0.5931105178671399 0.8282878303527884 0.14076219810012064 0.12422052434972919
0 0.8415280857095355 0.7434800024290414 0.11831398801421251 0.11290119480442443
0 0.7448401142036667 0.8426657504004466 0.13114153663473135 0.1193693831160271
0 0.41038762833716086 0.6741792086008469 0.2016111668924562 0.15338191882984215
0 0.382282560494765 0.7628326055165917 0.1614841338757694 0.13238758035608383
0 0.0694139840574835 0.4881233372559425 0.138827968114967 0.13249667451188502
0 0.07378278013381118 0.38590231818121906 0.14756556026762235 0.11207508035608367
0 0.3312013331075438 0.15591835795222378 0.1049132293077851 0.09549550649282175
0 0.17146448496199468 0.18988248051823944 0.15013719810012063 0.12438416558343128
0 0.3111511047042699 0.2251632357932452 0.1515359237898611 0.12128643912238166
0 0.24109863353708513 0.09960808238467855 0.11626016508343388 0.10349892126547414
0 0.49684070047496987 0.039169008925158455 0.10631859905006032 0.06273755357072244
0 0.383906931253093 0.12008599796810981 0.11305327792830414 0.10188187418757347
0 0.4343816440525347 0.03729681736714486 0.09686171189493056 0.0610114123370204
0 0.2524068684990798 0.28669502516050815 0.1277708751693421 0.11462733603812651
0 0.17622731230378727 0.7107540880667214 0.11691526232447194 0.11599892126547413