0 0.47236937383721145 0.8123293398719446 0.18440978253968332 0.2784875629988878
0 0.8081857603266911 0.8398202191358406 0.10680880937615385 0.11207433674699843
0 0.7030674637504637 0.8514318242986902 0.11538277297895938 0.10012036831702957
0 0.6150062592469568 0.8722441242139858 0.10035855027685514 0.10858531570031076
0 0.34092150986526576 0.6945187555440205 0.14548938001107467 0.181263952503779
0 0.22346509715762436 0.6237273843843937 0.13058627081949092 0.1430359104104042
0 0.320324814922483 0.8870548660391293 0.12666023442229637 0.13035389988706073
0 0.22207947716869905 0.7978929264777684 0.11129605027685516 0.10922235253201382
0 0.3608685602990045 0.430661381894732 0.16437908235511306 0.20882751038216937
0 0.27791635795496605 0.40883115550166826 0.15230058451458142 0.16609397881213822
0 0.5192191718069401 0.06745499758092557 0.1446883436138801 0.13490999516185115
0 0.6242571252307126 0.06670456868408273 0.14146321406423076 0.13340913736816545
0 0.8626732873200453 0.3073346718513811 0.12263406847545255 0.11610938936371688
0 0.8226829356866006 0.12381651656147441 0.12992493676633493 0.15700740514873238
0 0.8017858520948697 0.3116651270565832 0.15193963911037328 0.1847529735504664
0 0.9238832927187162 0.19790719296865572 0.0959714389258032 0.1129997999152954
0 0.9854722335732748 0.45607673776345353 0.029055532853450215 0.10631018415851479
0 0.9116510078626809 0.33741701400122565 0.1088719571244006 0.11997784200867016
0 0.9811555721760804 0.4296052430251255 0.03768885564783915 0.10382222099021768
0 0.7344202745201187 0.20266882963094943 0.14002182757475126 0.12023544724210718
0 0.3084993221760803 0.20081425817485643 0.11638406847545246 0.11574536831702942