0 0.8453125 0.5239884509251957 0.253125 0.1351407191310198
0 0.79375 0.18925492480591397 0.09375 0.09085072930778511
0 0.8296875 0.28957582937389825 0.078125 0.10096935775648763
0 0.8703125 0.3729548954072718 0.090625 0.0844369549975255
0 0.76171875 0.6742949881257541 0.1578125 0.11608310266810484
0 0.72109375 0.8018534220923804 0.1203125 0.10943031094499105
0 0.95 0.6591623903188891 0.1 0.10836577792830404
0 0.890625 0.7716756784239586 0.0890625 0.09685506784239592
0 0.5015625 0.7012857767966503 0.184375 0.13153768430531088
0 0.49921875 0.7863191960639557 0.140625 0.1261198439616777
0 0.090625 0.6156869549975257 0.15625 0.11600121551297526
0 0.0703125 0.5107161719808389 0.140625 0.1120573439616777
0 0.259375 0.22999951775153882 0.0828125 0.10590251922187681
0 0.09453125 0.30339167288534996 0.1359375 0.10399918249628844
0 0.28203125 0.2897806315009202 0.1609375 0.12249687697836445
0 0.1421875 0.1902642311168074 0.096875 0.07851450361804461
0 0.375 0.06809041723114044 0.1 0.04117827792830413
0 0.28046875 0.17719874434579044 0.1015625 0.09126016508343389
0 0.34921875 0.07377052917149954 0.0921875 0.056393842152655374
0 0.19140625 0.3748749265033946 0.09375 0.1252257293077852
0 0.28984375 0.794877567276569 0.0953125 0.10030761646291494