0 0.4748341290521346 0.10508297103031232 0.1034567418957307 0.21016594206062464
0 0.7825012718231463 0.7908450590831243 0.08478379465362344 0.08935474715020834
0 0.6725123508188112 0.8441174890789924 0.08173438936371688 0.1173706443766668
0 0.5963747850479131 0.8653943834556592 0.08156778939195171 0.08771951196784755
0 0.3046639691358406 0.7434525271667358 0.11525952090551303 0.15716049620027803
0 0.180095879616832 0.6987602358479512 0.10526289462538867 0.11947865824437506
0 0.3097246535061168 0.9110757850505206 0.09792083148532651 0.10058318787965277
0 0.196230571879616 0.8637851705934722 0.09057876834526431 0.08168771751493083
0 0.29674286625089086 0.47759179103444416 0.12581758930724707 0.17769120174736125
0 0.20634537940507053 0.47579486132291643 0.1126049577654509 0.13837412860909737
0 0.4122277132388842 0.07544610315479132 0.10864549985882559 0.15076502583555565
0 0.514563757963095 0.06638349373173591 0.10212248407381015 0.13276698746347182
0 0.7868651502399964 0.2336871757243743 0.08614887357870131 0.11279224715020844
0 0.7266318474821036 0.10245666594072855 0.1112244682887944 0.14146276101791674
0 0.7246080739457545 0.2577617617804161 0.11204351564384112 0.15552526101791672
0 0.8288622054169636 0.14220753733163125 0.08523882096198285 0.09716724715020839
0 0.935895642488663 0.3807952990151381 0.03845482622365459 0.09763871941479171
0 0.8339074792356612 0.2833046628065965 0.08708974729857707 0.0753649823325695
0 0.9292585056146077 0.34740157076663114 0.05638577886860787 0.08401263050895835
0 0.6517389923192537 0.20952558995267304 0.08651289462538862 0.11904224715020836
0 0.21739481342241085 0.27268804511850675 0.10444384727034206 0.10541615824437507