0 0.16873222490439804 0.33973947921687964 0.0985577444009226 0.1110246173323806
0 0.23247172572959066 0.15535876139996635 0.10300844606059653 0.10822739926336582
0 0.33736013527271586 0.14481973516896435 0.09315984937994451 0.10132183540139543
0 0.42891975062469995 0.12246912378866845 0.11356743776222675 0.12450796312533625
0 0.7059945039486922 0.3229107922456708 0.13141871120744356 0.1754913089182919
0 0.8329606682657023 0.39862062245128616 0.12545213112353082 0.13777278763096837
0 0.7095544439860042 0.154526779004119 0.11441954274124874 0.11524222376899802
0 0.822375597930052 0.248675252773117 0.11716603444287879 0.13097648441265974
0 0.7113970120465692 0.5890603161308843 0.15495129958972598 0.19889595792955622
0 0.8033836025034441 0.6133661834632649 0.13324132033565023 0.15852233020561535
0 0.5861433612260212 0.9362645539746133 0.1323892153566284 0.12747089205077344
0 0.4837404116409395 0.9345765498256767 0.11304721950581324 0.1308469003486465
0 0.21441803611648602 0.6965193569408205 0.09640324855010744 0.10310285668871888
0 0.273428951058196 0.8599534262506724 0.12687292116548726 0.15652278763096844
0 0.2854409311374641 0.7108110859055985 0.12135662697434615 0.1452575056999832
0 0.17332128466659352 0.7900072769873067 0.10492614357108562 0.11302415990702777
0 0.07066526827034664 0.5325993325514038 0.060820946060596556 0.10527736188449896
0 0.17035946018175832 0.6483660802056154 0.10300844606059653 0.10822739926336596
0 0.07303325167360712 0.5638493325514038 0.06815984937994446 0.09957366510280767
0 0.3463201541677624 0.7655803493992519 0.10970873195336797 0.13511768119435102
0 0.7850516900605339 0.8226811993027068 0.11922544191141178 0.11713250569998301