0 0.4208878418404812 0.44411524350121806 0.197480179126093 0.16725062818904793
0 0.11164423957874495 0.7965078224294737 0.10494544954451306 0.10516547424624481
0 0.07985358095588999 0.6748242700038793 0.11555556733052792 0.0966832945496865
0 0.06932779792359821 0.5948338810639857 0.12035219473518965 0.1001909318225902
0 0.26012644583149797 0.33619168894959184 0.17149803248413759 0.13708489606689528
0 0.3648362823993196 0.23191839031701944 0.157653787293461 0.1421869842481845
0 0.06573160508732512 0.31640599212409226 0.1154464399258662 0.09355829454968649
0 0.1478397553574776 0.20872078000581898 0.10968751324684387 0.10711061151914836
0 0.3451214939247322 0.28045161410422226 0.17146331614940155 0.18070735030926074
0 0.542242030585221 0.28949112956617373 0.1500049784004535 0.14623675546001175
0 0.8984795845840872 0.6554656554891067 0.165193468781807 0.13501221303635713
0 0.6801660610856242 0.8719045010872618 0.12936509618646852 0.1352036606107628
0 0.8273510851322413 0.8525800294260908 0.14444445916316004 0.1208541181871083
0 0.6404512858578807 0.8200870385099466 0.1796379146981227 0.14709762485506808
0 0.7606868855877282 0.9442894262418922 0.10974207694917482 0.10867311151914834
0 0.4982017545548693 0.9918757852363097 0.10481647477225664 0.016248429527380637
0 0.6147295448435554 0.928457647903063 0.10483632213985139 0.10204047424624463
0 0.5217211001083657 0.9870686627367947 0.10078373920022692 0.0258626745264106
0 0.7452504024627691 0.7581287856350087 0.12316965988879928 0.13625597758022465
0 0.8456348375793119 0.687975395487167 0.24885914065150558 0.12158718394862192
0 0.8107464276905126 0.8120507532132937 0.12057044954451293 0.1064409318225902