0 0.24498513803021896 0.8043402674219321 0.11108591567683304 0.12066954274124875
0 0.22606765346962515 0.82691400704897 0.08995506175762476 0.09100535352912935
0 0.16909257627259416 0.7255300284195942 0.11459134890464329 0.08039974025173766
0 0.14420858504808276 0.6506843163869581 0.08816524122451135 0.08307445435896632
0 0.25418401246990535 0.3401234794545683 0.15768813103709697 0.11484651784613939
0 0.2933792416202228 0.2071800022750851 0.12005173871722885 0.10731743776222676
0 0.08676083174937749 0.3716013902470933 0.09799488229073819 0.09940984937994442
0 0.12939930964605373 0.24935861472728416 0.08218802586424748 0.0919758576783142
0 0.5180502841775176 0.2864610701119357 0.17680184389007855 0.12876730788809568
0 0.5161718839400908 0.19499562052685418 0.13889266693047428 0.11186322780418308
0 0.9226672395086517 0.334098283794957 0.15134720282385175 0.11124792116548728
0 0.9352329467535011 0.4367021429231638 0.12953410649299785 0.1013993244848351
0 0.7857548905375014 0.7414399549604443 0.12593802586424765 0.09529103444287887
0 0.9085726134196126 0.6569680213474024 0.14040970282385173 0.11041912697434597
0 0.7470584518994148 0.6762535854592754 0.15768813103709683 0.1148465178461393
0 0.873246530350087 0.7614313010163964 0.0976766335443795 0.0884723493799445
0 0.6410825511997695 0.9089970757110131 0.09943771034569907 0.04183414772027021
0 0.7339483496295591 0.7907780267459872 0.07584709765100221 0.08837726099766208
0 0.6650512486133447 0.8985681385734863 0.08734688730530316 0.054949454358966324
0 0.8064130683550352 0.590326818237836 0.10139266693047437 0.10902164772027056
0 0.7175070634069775 0.17190962757582412 0.10755173871722885 0.1063702444009226