0 0.49453125 0.828125 0.10859375 0.2875
0 0.1625 0.81328125 0.08359375 0.0875
0 0.27265625 0.86796875 0.071875 0.10390625
0 0.346875 0.878125 0.07578125 0.084375
0 0.65390625 0.746875 0.1125 0.140625
0 0.775 0.70703125 0.096875 0.11640625
0 0.62890625 0.91875 0.090625 0.0984375
0 0.7453125 0.87578125 0.0875 0.08046875
0 0.67578125 0.49140625 0.11328125 0.178125
0 0.7625 0.4859375 0.109375 0.134375
0 0.5890625 0.0859375 0.09921875 0.15
0 0.48671875 0.06953125 0.10078125 0.1375
0 0.21484375 0.240625 0.128125 0.1125
0 0.27734375 0.10546875 0.08984375 0.1234375
0 0.26875 0.284375 0.09453125 0.1390625
0 0.165625 0.15859375 0.07265625 0.09296875
0 0.0421875 0.39921875 0.03984375 0.09609375
0 0.1515625 0.29765625 0.08046875 0.0734375
0 0.04921875 0.3640625 0.053125 0.090625
0 0.3515625 0.203125 0.11484375 0.09609375
0 0.7703125 0.271875 0.09609375 0.0984375