0 0.7825734978157985 0.21329187148990592 0.09120818787965276 0.09997945909527761
0 0.8386397002287497 0.327011910368378 0.11900587955902786 0.08837757775694417
0 0.8619304234432636 0.40263662695652613 0.09091724715020817 0.08747945909527761
0 0.7461904417762841 0.7001671549017578 0.16039459897381966 0.12474430471268487
0 0.7040912479127076 0.8272183789827764 0.1227127610179167 0.11365097983046261
0 0.9139780070307634 0.6890129158349982 0.1037809230620141 0.10419806738935158
0 0.8698260038966315 0.8033590883608779 0.0849218202884721 0.09787015494824054
0 0.48194545060999944 0.7185392802078232 0.18408667211208343 0.13773232026407384
0 0.4821980641171174 0.808588081762962 0.141608231382639 0.12154139227157365
0 0.07794958805281199 0.6197841111687962 0.1555616286090973 0.11808420160240711
0 0.06732839789204842 0.5165128482093054 0.13465679578409684 0.11740069641861091
0 0.2307187506655901 0.2448606065506477 0.10265483415618064 0.12281136635259235
0 0.10024869424482614 0.30077027101800907 0.14625936379145843 0.12038899538185159
0 0.26229475256545115 0.30085632832259207 0.15719686379145842 0.12134590263916642
0 0.13551600664951374 0.19817224278995343 0.10036498233256949 0.09142466531583313
0 0.371547038468993 0.08025944726708262 0.09912848423243056 0.038299665315833155
0 0.27512402051722207 0.18690113506152722 0.07852634992375007 0.09107335080120356
0 0.3588470167174999 0.08775958897300856 0.08713763050895836 0.0590810570217591
0 0.19327068921083304 0.3738844337419441 0.11010365824437507 0.10786987153638875
0 0.2771287044097216 0.8070864959474994 0.10548889342673622 0.11058476842611106