0 0.13379506162235943 0.5666840137949981 0.10573210085908262 0.11286707694917482
0 0.19270747342643296 0.7947346027250723 0.09233134215265534 0.09524306733052797
0 0.30749699174379863 0.8494270480084163 0.08073210085908258 0.11199405771188112
0 0.38548919493230194 0.8889682084453696 0.08056168249628844 0.13850199400955035
0 0.6758574881257541 0.7395113231513417 0.10991498982323478 0.16292164065150558
0 0.8043332909301444 0.6371898766020536 0.11798643939369322 0.10861608656782167
0 0.6544339467413243 0.9281025971979588 0.07719766508343398 0.10407243030721922
0 0.7888598563976912 0.8795782732440088 0.10885710085908276 0.11297620435383635
0 0.7461423326532586 0.6767905791417915 0.14684177973732632 0.15329366950744613
0 0.7889052855030776 0.4921501951137078 0.13048643939369348 0.10905259618646852
0 0.504752777023793 0.06795135871552219 0.11263055404758582 0.13590271743104437
0 0.21622694482076027 0.24290671869698874 0.09586577792830413 0.10316469473518967
0 0.2894486815917773 0.10181543802694967 0.08656602103089917 0.13403274881887367
0 0.2906061471047524 0.25831097468743847 0.1113203595655099 0.13021826805616732
0 0.1902642311168074 0.13580354682728987 0.09257700361804462 0.09993056733052792
0 0.06533723145549168 0.36557787078123977 0.054087713703952864 0.10950397477225646
0 0.17740346223361486 0.27870037495759103 0.09167624491161734 0.08274306733052797
0 0.07653368102595037 0.31039929746026207 0.05483134215265535 0.09393353847458741
0 0.36853971732199753 0.192192412166234 0.11527087516934209 0.11631945916315992
0 0.33883120590203675 0.10322168140352772 0.08903592378986111 0.12164187622353535