0 0.2530265686926656 0.38739650263227865 0.1732112827847038 0.23068743949875792
0 0.7325797968298599 0.904231562151562 0.10684087334017515 0.1021806444174139
0 0.8101275590283041 0.8054673301055428 0.11616133118569749 0.09286018657189174
0 0.8433395139469602 0.7400377728257548 0.11150110226293641 0.09752041549465282
0 0.7859072463857627 0.4022150650784283 0.18219539734428025 0.16355448165323563
0 0.7648856983775525 0.2802218904103933 0.13665563836728972 0.12422836123992678
0 0.9536209454506863 0.489915573859027 0.09275810909862728 0.09117951190385672
0 0.9137004482793566 0.34592922452295694 0.13036018657189175 0.11637949980360825
0 0.7626833698241338 0.438797459692234 0.20093630698520054 0.1621010659621911
0 0.5475163911959602 0.24770833049832638 0.15395222267624523 0.14307835518980258
0 0.07977087587425793 0.41763747277444113 0.15543290944452864 0.12902494554888225
0 0.2386747398446592 0.7404260538619427 0.1553147347764936 0.10871244554888229
0 0.07240886952954614 0.6293062257995032 0.13818177693097133 0.11798745159900648
0 0.19995260742929774 0.664422090064492 0.11155564441741399 0.10689541549465283
0 0.09182246574235822 0.7434778101084586 0.1115465540583344 0.10533291549465282
0 0.30224285703651427 0.9243834182251274 0.10503293364502549 0.05998405405833438
0 0.2217963120533662 0.7934510599120668 0.09117951190385672 0.0958397408266178
0 0.28030876970249674 0.9140999031980126 0.10199883723582168 0.07559087334017534
0 0.1673486648072818 0.5657982377033599 0.1618283551898025 0.15406130698520054
0 0.33546129791001433 0.1886640868430382 0.11001132513557321 0.11001132513557325