0 0.51640625 0.1524121757388794 0.13125 0.10057053029369398
0 0.75625 0.1815239483589036 0.1 0.0997650468904335
0 0.80625 0.28062522180412036 0.09375 0.08991645020978148
0 0.859375 0.36590079358966315 0.1078125 0.10816954274124865
0 0.771875 0.6663016900605339 0.165625 0.12973781203728052
0 0.74453125 0.7993859545826809 0.1265625 0.12209033278320494
0 0.93828125 0.6414112016828959 0.1046875 0.11105774440092268
0 0.8921875 0.7629184261630867 0.121875 0.12017263527271602
0 0.51171875 0.7137757282283903 0.1828125 0.14822770290907386
0 0.5234375 0.8068512220046131 0.146875 0.12519202199532414
0 0.10390625 0.653967294815841 0.159375 0.1277017153566284
0 0.07421875 0.5509364605827436 0.1484375 0.10812292116548719
0 0.16640625 0.24932826162236205 0.1296875 0.11607713112353099
0 0.0890625 0.3356550026992924 0.1375 0.11823162697434615
0 0.24453125 0.31852947013051325 0.175 0.1351357070582587
0 0.1125 0.22883724025173774 0.1046875 0.10168274440092259
0 0.32890625 0.08586052531931654 0.1078125 0.05973204274124866
0 0.25234375 0.20193396598132834 0.0796875 0.09666335767831422
0 0.29609375 0.09587414274589305 0.0953125 0.06972234937994445
0 0.18984375 0.3995417491748074 0.1109375 0.11465634108157463
0 0.3109375 0.8227801848624419 0.103125 0.11562684523075965