0 0.0961755293192767 0.48984375 0.09838791469812273 0.1328125
0 0.1100470894782285 0.24921875 0.09729664065150563 0.1015625
0 0.20632437795281588 0.19921875 0.09082838584218215 0.0953125
0 0.28792160753439583 0.14453125 0.10225695916315995 0.109375
0 0.5952132631620259 0.2265625 0.1260962524470708 0.165625
0 0.7303323076270631 0.25 0.11853672359113006 0.128125
0 0.5603720156090967 0.0609375 0.10839783175849824 0.10625
0 0.6877232000926672 0.10546875 0.11039684137714509 0.11875
0 0.6574949752355927 0.47890625 0.14215776206571745 0.178125
0 0.7514905118960815 0.471875 0.12237105172143145 0.1484375
0 0.6258480941179159 0.89296875 0.11806549763774718 0.159375
0 0.5255380700712988 0.92421875 0.109980179126093 0.1515625
0 0.33273301117829135 0.91953125 0.10093256134007814 0.1609375
0 0.30482626598761475 0.91328125 0.114285733209777 0.140625
0 0.27978660436953495 0.7578125 0.11552085099579194 0.13125
0 0.1961605941179159 0.89296875 0.09896826805616735 0.1046875
0 0.1612002954765275 0.753125 0.09896826805616735 0.1046875
0 0.04902024320694202 0.69921875 0.06119544954451306 0.096875
0 0.36465018849028585 0.8109375 0.10839783175849824 0.10625
0 0.7793079439325815 0.68203125 0.11114088584218215 0.0953125