0 0.7351332371343833 0.5022104598981866 0.293336126022532 0.15023854670590744
0 0.7154689771717604 0.8827792072326865 0.10603470282385156 0.10119996801399936
0 0.7933786799956121 0.7819065032225051 0.11973348997087001 0.08886360001590816
0 0.8336603506870099 0.7127110605506417 0.11826191818411544 0.09197041868236297
0 0.7690799912910184 0.38232467389405034 0.17784751834240015 0.15358062802354439
0 0.7243250839274555 0.25632579523395915 0.1475689849563052 0.13292268268618093
0 0.9387499821198183 0.4561059772040513 0.09785848997087002 0.088609061346272
0 0.8975292517158596 0.3160082358768693 0.13144387978345584 0.1155533693507265
0 0.7380884040648575 0.4006479598981866 0.18754076708875883 0.16462721602481706
0 0.5319928314201731 0.23669618992682154 0.15243834138279588 0.13922722668681725
0 0.07276023541852362 0.4303409333227277 0.14552047083704725 0.12681813335454453
0 0.1779642801538966 0.7281506299729558 0.13047241316955055 0.13584768801718106
0 0.06176524795493595 0.643713089990455 0.1235304959098719 0.11569882001909004
0 0.21903556103270896 0.6854995059675469 0.15212009263643722 0.1282897266868172
0 0.07482490828799966 0.7566852573201824 0.11076766693047428 0.10281701201463563
0 0.2784630706661274 0.9245705492918657 0.10623327962517112 0.05434314934754454
0 0.21410871714263058 0.8011426873010924 0.11380173871722887 0.09972837468172671
0 0.2600085873591748 0.9146324752944108 0.10209134890464337 0.07303860534690862
0 0.15537152929596676 0.565187553310001 0.183961126022532 0.1489658533577261
0 0.28714098416488243 0.17003759062700183 0.16038723370266403 0.14400563335454447