0 0.8248833718775481 0.49974208077945476 0.29646331614940136 0.18411447867096378
0 0.8427677540067151 0.8170506781203841 0.10817957694917482 0.10609735253201373
0 0.8837424727885221 0.6973143017696725 0.11884425843752026 0.09892188936371689
0 0.8823461530957413 0.6252117886154929 0.10171132213985139 0.09948333148532651
0 0.7073561098966485 0.3457231677382146 0.17651291469812272 0.1428230787839034
0 0.6395461057202974 0.22513067570130957 0.1369593413771451 0.12648544724210717
0 0.872800060622288 0.33813672284459473 0.11944445916315978 0.11610938936371688
0 0.8100495786784553 0.22958149922354112 0.10203870435383644 0.1088583314853265
0 0.44317455880818934 0.356170031146508 0.20200398801910038 0.15834166297065302
0 0.42343746688289025 0.2712567048522663 0.15937997840045354 0.14338452090551304
0 0.0720758635248456 0.5038600183452643 0.1441517270496912 0.1358450366905286
0 0.0706931681990928 0.607121526237772 0.1413863363981856 0.13878802616718494
0 0.27334314221115014 0.8480782681335027 0.14090279691210786 0.1501049577654509
0 0.13372757070427094 0.8109815445830364 0.14148315027015249 0.12207096302712266
0 0.31598699919739176 0.7926319049369709 0.1733879146981227 0.14264106826055975
0 0.20456337115975787 0.9121792945124492 0.10941469473518965 0.09681335779368574
0 0.4457761590013732 0.9835159682182073 0.10826885698624164 0.0329680635635853
0 0.34339025818306645 0.9046082601704079 0.09239088584218216 0.10049979991529553
0 0.4139358819595311 0.9771826682323248 0.10396330290255769 0.045634663535350485
0 0.21596220654645318 0.7202648102974647 0.12495041469812271 0.13981990514873247
0 0.2112177198781151 0.29568974452656666 0.11966271397248329 0.12235938936371689