0 0.48303266517822924 0.12973385132977538 0.10061955547083343 0.09776102076024666
0 0.7100309230620139 0.12415364927605936 0.10861389342673604 0.1058918557412186
0 0.7871038757593057 0.21627216509339015 0.12402068787965277 0.09715352570316256
0 0.8316727997712501 0.2867730074887359 0.10374455547083343 0.09788835475263546
0 0.7961775897588547 0.6061159150933901 0.17652874525034717 0.13987953657757757
0 0.7892216877827437 0.7432020796181267 0.1388105397032639 0.12897652866891213
0 0.9479241609035419 0.554016198705218 0.10415167819291611 0.11714769072219049
0 0.9407283299752087 0.6799101952451769 0.09920252583555537 0.10394735376405215
0 0.5492318142076394 0.6936172792003846 0.19887652393569458 0.16108337452429886
0 0.5731797669049312 0.7835711171471061 0.15930487765916687 0.13761669961943923
0 0.14114721048416726 0.6988433596955513 0.17024237765916678 0.13806236859279988
0 0.09843107399128523 0.6073442677944971 0.162248039703264 0.129931533611828
0 0.19698932845659745 0.28120487353571577 0.10690592306201396 0.09957818874502422
0 0.08067595706569476 0.38105368182494204 0.14658667211208345 0.12773236364988402
0 0.21882926728618085 0.3476575444862428 0.1449514369297223 0.12454369665368965
0 0.08750522568305578 0.27206068380210835 0.11326502583555564 0.10452035672980173
0 0.21829997758291686 0.22431554498053444 0.0944422906531945 0.10063135277546911
0 0.24771276101791675 0.11312071840251947 0.10014677678548614 0.07744852076024666
0 0.19973573480111145 0.43273554003761855 0.11980596656500006 0.11727502471457943
0 0.3768509339830215 0.8325484921285156 0.12623780452090286 0.12534219269935684