0 0.53671875 0.74765625 0.09609375 0.275
0 0.16171875 0.81171875 0.084375 0.0890625
0 0.27421875 0.86640625 0.06875 0.10546875
0 0.34921875 0.890625 0.071875 0.10390625
0 0.66015625 0.7546875 0.125 0.153125
0 0.775 0.6828125 0.10859375 0.125
0 0.61953125 0.94765625 0.06953125 0.10390625
0 0.74765625 0.86640625 0.09453125 0.1125
0 0.63671875 0.728125 0.13359375 0.15859375
0 0.759375 0.4890625 0.115625 0.12890625
0 0.4859375 0.071875 0.1 0.14140625
0 0.21640625 0.2484375 0.115625 0.10703125
0 0.27578125 0.1046875 0.08984375 0.128125
0 0.265625 0.2796875 0.103125 0.13046875
0 0.1703125 0.153125 0.08515625 0.09296875
0 0.04296875 0.390625 0.03359375 0.1
0 0.1515625 0.3 0.08046875 0.09609375
0 0.04921875 0.3703125 0.05625 0.090625
0 0.37109375 0.190625 0.11953125 0.15859375
0 0.78125 0.23359375 0.11875 0.1359375