0 0.16332636931147565 0.4244951978092867 0.26526974317557445 0.13410954169936512
0 0.78121611413968 0.9098085044858394 0.10316784946188058 0.10442673871722903
0 0.8483607646777992 0.810337353390483 0.1292209272121397 0.0942621285298145
0 0.8787160446615886 0.7417835816828704 0.10102315260503403 0.09188127461060631
0 0.7937394613297583 0.42489394688484977 0.172863919354257 0.12673965940862683
0 0.7647154332079957 0.28751596733882095 0.13663532092583353 0.11944398495630519
0 0.9497764068435615 0.47334948192029735 0.10044718631287708 0.10947795157021041
0 0.9259654563673596 0.34916182416102315 0.09684507485477489 0.10268238229073816
0 0.5339235055815712 0.34087533339873016 0.20037248924663303 0.14782504922121245
0 0.5430566029765374 0.2521992783050229 0.15753001778268025 0.13253501834240006
0 0.12442222704552397 0.34300350541027635 0.1681764193542569 0.12660326708875883
0 0.09746592886476957 0.4342817232778227 0.15956339867609243 0.10918844655564541
0 0.2375837764646235 0.7457540838609485 0.12137419396136269 0.1268018438900782
0 0.18942456637321028 0.8340747862890886 0.13637845574818702 0.080426949062928
0 0.27978623903723604 0.697049810899695 0.1632705955329393 0.12177937476889085
0 0.14049260669608182 0.7717960951437197 0.11054370181924558 0.09527905925034226
0 0.35669130313864394 0.9411468033778476 0.10538101282028159 0.05143813103709718
0 0.27746822187372827 0.8147912403665816 0.08866870181924558 0.09464256175762494
0 0.31441175785337366 0.9211920045523465 0.0934632096771284 0.06357441818411544
0 0.1956573339510028 0.5658703555685609 0.21018413688926815 0.15747283386094857
0 0.3356593258882322 0.20481449828414036 0.11141699710451594 0.11402905925034235