0 0.38692897951801 0.5803508560814186 0.1290937787274336 0.23663532092583353
0 0.8189693928415988 0.7339743922704608 0.10077281570031112 0.0981892510334573
0 0.7106871850055608 0.8005690409465533 0.08825740514873245 0.12409677956950453
0 0.6356570929263035 0.8313331974805287 0.08818181043863901 0.09604455417661048
0 0.331188671780794 0.7481227069910412 0.12499854195220043 0.16632282092583353
0 0.20194078753757463 0.7198607739879334 0.11343941567207612 0.12838617328319835
0 0.353573364043578 0.9122558275453713 0.10453485253201382 0.10927230024766885
0 0.2353994876928664 0.8811407222925223 0.0956302893919517 0.09015842721213971
0 0.2956508031108287 0.48876913172198166 0.1372101156156063 0.18870724317557439
0 0.2047072846949772 0.4984588089341214 0.12234397881213824 0.14750004631872748
0 0.3686219264071813 0.07927754642342608 0.11838452090551303 0.15855509284685215
0 0.4675522500705872 0.06443056534426218 0.11177049985882555 0.12886113068852437
0 0.7549472923051364 0.17442391791102402 0.07528696828879458 0.14219180810555185
0 0.6871899158838376 0.07150029880218156 0.12105449459715381 0.14300059760436312
0 0.7016633976091604 0.21975784264196435 0.12434609456891899 0.18187504631872764
0 0.7940090632812365 0.09235412655469515 0.09176183674699842 0.10400260339082217
0 0.9261713029696544 0.3113673380938504 0.04488683674699843 0.1018193651776464
0 0.8141256002541137 0.22854418362678972 0.09205026308359257 0.08220037799792798
0 0.9168718976797475 0.2837517603435914 0.06299979991529554 0.09175516046291676
0 0.6241978212443314 0.17194323490791605 0.10388240514873245 0.12482452564056316
0 0.19388171871231757 0.29638904073715633 0.11096686305535756 0.11268839867609248