0 0.421875 0.1014446060814185 0.1203125 0.08216614474715103
0 0.1859375 0.159308571754403 0.0953125 0.0903767510334573
0 0.153125 0.26239933850362596 0.0875 0.08063787799792799
0 0.11171875 0.3502653655919312 0.103125 0.08449062406898662
0 0.24609375 0.6369754993808275 0.1578125 0.11047523531769166
0 0.2953125 0.765151849256993 0.1140625 0.10375004631872767
0 0.0765625 0.633934044251813 0.0921875 0.09648120181924558
0 0.128125 0.7448137322173197 0.078125 0.0895762303552928
0 0.51875 0.6492763304408553 0.165625 0.1202141083532208
0 0.5203125 0.7437348058337495 0.1328125 0.09837334160399784
0 0.91328125 0.5426194921466264 0.1453125 0.09739303846084475
0 0.928125 0.44114688337912067 0.1421875 0.09724748924663303
0 0.9 0.36433182630702615 0.0921875 0.11523120181924558
0 0.8765625 0.219329695413614 0.1234375 0.12293669396136275
0 0.71953125 0.23523729342775263 0.128125 0.11065501778268028
0 0.83125 0.14097140901968386 0.1 0.06559507485477489
0 0.75390625 0.16723000207142383 0.1234375 0.05731169396136275
0 0.68984375 0.11787001096276395 0.0859375 0.08369010339082214
0 0.62890625 0.01808635442653406 0.09375 0.03617270885306812
0 0.778125 0.09266449566128301 0.0734375 0.0956079065339753
0 0.74140625 0.7295309489282706 0.0953125 0.0966267510334573