0 0.5571002834949953 0.7912378773985533 0.1595093208208084 0.2547611228251611
0 0.148286725616605 0.7431481939860041 0.10453485253201392 0.11214664772027057
0 0.2512289860693615 0.8279510917062746 0.09910389988706055 0.12573555103961845
0 0.3199635755177829 0.8596047560232847 0.09810284200867017 0.10854805103961844
0 0.6375991255742527 0.824560785491786 0.1428230787839034 0.18193892946385723
0 0.7700098071725187 0.8143714145407246 0.12648544724210709 0.14181083693238997
0 0.5914052069889919 0.9704588230349426 0.12117632096198286 0.05908235393011481
0 0.7191437991388365 0.9441223885967082 0.12455892619541978 0.11175522280658363
0 0.7034615310759209 0.5798770927551817 0.15834166297065302 0.20800452199532415
0 0.7885190705384597 0.5979893979439851 0.14650952090551303 0.16510662697434597
0 0.6791631262095372 0.16268959275518183 0.13951606826055957 0.178577131123531
0 0.5755075051910847 0.11905614669458527 0.1260150103821694 0.1604424377622268
0 0.2729424892648948 0.23924471183214352 0.11216534200867016 0.10961364357108563
0 0.3681577367752332 0.0978995066479846 0.1238154735504664 0.14938653859206377
0 0.326969836605824 0.27211733403260474 0.1428230787839034 0.18193892946385704
0 0.24782982622365463 0.1152268713752687 0.09368835779368574 0.11288035352912935
0 0.09191927339517464 0.30953021058274366 0.05435284200867019 0.10523287427505376
0 0.21420452609659774 0.24568304336594857 0.10646137357870131 0.1185150468904335
0 0.10153719710093283 0.2877027547738848 0.0697958314853265 0.10329186597668398
0 0.4249453340455752 0.20487247967828287 0.13440436305535766 0.11752123195336797
0 0.8281598812594476 0.3972090705593649 0.11427387357870131 0.11910704274124875