0 0.5040217016024071 0.153125 0.125543970028518 0.25625
0 0.8354863150802775 0.1734375 0.09454966531583295 0.0984375
0 0.7272835443450922 0.1421875 0.09677654665416639 0.0703125
0 0.6427916756834258 0.1140625 0.08747945909527761 0.0890625
0 0.36198931795499956 0.253125 0.12161930471268487 0.1578125
0 0.2417738542415735 0.3078125 0.11365097983046271 0.1203125
0 0.3482317399152314 0.06015625 0.11411987153638865 0.1078125
0 0.2470492401980553 0.1359375 0.09997945909527761 0.0890625
0 0.3710292931673138 0.5171875 0.1380057223375922 0.184375
0 0.285980349906249 0.52734375 0.13105309330833306 0.140625
0 0.5131927096144426 0.91875 0.12148260367592556 0.15625
0 0.6179191658349982 0.928125 0.12038899538185159 0.14375
0 0.8715541393503689 0.7375 0.107127577756944 0.1171875
0 0.8194919362873595 0.88359375 0.11161958812453676 0.1328125
0 0.80622237379898 0.7140625 0.11365097983046288 0.1203125
0 0.9243168458537484 0.82265625 0.08503796427907381 0.096875
0 0.995231399175555 0.57578125 0.009537201648889848 0.1015625
0 0.9184004535821746 0.68359375 0.0950964694628702 0.1046875
0 0.9904167600615272 0.60390625 0.01916647987694553 0.0921875
0 0.7356453251185633 0.79140625 0.12865126324231468 0.0953125
0 0.30820453883198934 0.73671875 0.10351456220555537 0.09375