0 0.4865815518998794 0.139089848085385 0.15808689620024124 0.24882442431676957
0 0.12948834690235375 0.217410733209777 0.09562011646291486 0.09847719473518965
0 0.23568743724598681 0.17728921941477893 0.09537445499752559 0.09378969473518964
0 0.31413334181397107 0.14402534082899088 0.08608134215265535 0.0950248125212045
0 0.6173225395754075 0.2579266720393349 0.11928998982323477 0.16324902286549073
0 0.7457850542747286 0.30076399118396135 0.11107469810012063 0.1255307680561673
0 0.5974205546134128 0.07017121169504863 0.10828389077317446 0.10203870435383648
0 0.7124413670287417 0.13054077122102825 0.0984994549975255 0.09389882213985135
0 0.6490417718238687 0.5188840194069296 0.13474457146044044 0.19030259618646853
0 0.7341570782463037 0.5226389911839614 0.1293267311168073 0.1464434687818068
0 0.5696110628696142 0.9242609504939713 0.11920810266810485 0.1514780990120574
0 0.4622555862753625 0.9369543960938012 0.10745173111680746 0.1260912078123976
0 0.18581367424414635 0.7406423912844777 0.11058337516934214 0.11615576805616748
0 0.25781042571448437 0.9200422038056824 0.10720606965141818 0.14099207694917482
0 0.24185563433005464 0.7316419027172232 0.1257037641334942 0.16659227767481416
0 0.1430385967908121 0.8698561761308682 0.08015889077317437 0.10105655771188111
0 0.0194527269907364 0.6361483203257527 0.0389054539814728 0.10130952885594055
0 0.12841061001979512 0.7308110342982361 0.09282266508343388 0.10461806733052796
0 0.026548714383351074 0.6606398888374071 0.05309742876670215 0.09560516587924912
0 0.32777212291009394 0.824650347452413 0.12374511646291486 0.09945934137714482
0 0.745840449458917 0.7328051648677587 0.10211577792830404 0.1033829495445131