0 0.115625 0.65078125 0.08046875 0.1140625
0 0.16171875 0.81171875 0.084375 0.0890625
0 0.27421875 0.86640625 0.07109375 0.10546875
0 0.35234375 0.90625 0.06796875 0.13359375
0 0.64453125 0.75703125 0.09453125 0.15703125
0 0.775 0.665625 0.10859375 0.121875
0 0.62109375 0.94765625 0.06796875 0.10390625
0 0.746875 0.8640625 0.09453125 0.1109375
0 0.7109375 0.7 0.12265625 0.1609375
0 0.76015625 0.490625 0.11796875 0.128125
0 0.4859375 0.07421875 0.1 0.1484375
0 0.22109375 0.24375 0.11484375 0.1125
0 0.2765625 0.10703125 0.08984375 0.12890625
0 0.26953125 0.26484375 0.09765625 0.1015625
0 0.1703125 0.153125 0.08515625 0.09296875
0 0.04140625 0.39296875 0.02421875 0.1015625
0 0.153125 0.296875 0.08203125 0.0765625
0 0.04765625 0.37109375 0.05078125 0.09140625
0 0.34453125 0.20703125 0.11171875 0.1125
0 0.03984375 0.346875 0.046875 0.10546875
0 0.32421875 0.1234375 0.084375 0.121875