0 0.7493355888609425 0.7322608354009015 0.26322419467652336 0.1433175543720747
0 0.27577197973404494 0.08469735768120393 0.11045202174882984 0.10745435574121864
0 0.19145137646428423 0.1825074579852151 0.12107118676785786 0.10008752471457938
0 0.14724377863173102 0.25294463338436646 0.12107118676785786 0.10008752471457942
0 0.19071395844232564 0.5834332880232711 0.18442803262324475 0.16194553756616054
0 0.20902626524867712 0.7082595330803553 0.15085152866891205 0.1418585306460784
0 0.03826536806132726 0.505089406616071 0.07653073612265451 0.09607118676785795
0 0.06334164597021141 0.6481244822055029 0.12668329194042283 0.12572419467652338
0 0.21791312840426955 0.5667259490879666 0.19912720258518862 0.17814354053191012
0 0.4169050908381089 0.7364469055903069 0.15741986364988403 0.14992569863085592
0 0.8954969589366172 0.5523757227396006 0.16628552768032884 0.1378077006080222
0 0.7944716057040375 0.256210329963694 0.15241402866891213 0.14192219764227282
0 0.9174050869209573 0.3401158032719483 0.1392136917107738 0.12422536167271758
0 0.750724264297275 0.29621058886094254 0.16459569368794008 0.13461903361182798
0 0.9056465276431478 0.22672180673198938 0.11520318874502422 0.10920785672980182
0 0.7092211496959888 0.05143659973535748 0.10873301285158128 0.06526685574121863
0 0.7703430390118543 0.17841825239709583 0.11507585475263546 0.10608285672980178
0 0.7298055637264337 0.06307709528673319 0.10455484882113648 0.07757585475263544
0 0.8152576550960152 0.4160336575302921 0.19074169961943924 0.16376270555093822
0 0.6507269925112641 0.7978951056668565 0.13152852570316256 0.12703202669174588