0 0.18305316331652288 0.44942947736313493 0.13571358576539322 0.20919428134945375
0 0.1341227451197164 0.8476760733609078 0.09320760818516853 0.09006247334499946
0 0.08458474391176839 0.7360567733529536 0.11693215060882316 0.07472837468172652
0 0.07033066739940882 0.6616016660168629 0.09531224212409224 0.07759883601209036
0 0.21447824862287415 0.3614300380330894 0.16310552000387935 0.10492495202099902
0 0.2688145465065406 0.23225161537236186 0.12522288273097573 0.09980110001590833
0 0.04972951325133062 0.3790249760104995 0.09945902650266124 0.09333292401336309
0 0.10063863135384987 0.2615743940165447 0.0869576081851685 0.08998974801081765
0 0.4820642324120167 0.33091802406904225 0.18912588606495556 0.1177158533577261
0 0.4901155905971851 0.241864614735815 0.14473815727678296 0.10939427601845368
0 0.8788119445302899 0.41373380812376703 0.1581629284886102 0.10174540802036272
0 0.8871828117993141 0.5123622121259942 0.149840245458072 0.09540450135263541
0 0.6924133483039151 0.7908310154359952 0.10867311151914834 0.10741360534690862
0 0.609489793752289 0.9540844460932231 0.10889651000193971 0.05278064934754454
0 0.6582773354270375 0.7396043227641319 0.15685552000387942 0.10485222668681722
0 0.7801207713325136 0.837207123448404 0.1016897878817268 0.07923406134627209
0 0.5335969734488472 0.9641492420830418 0.10267846091032524 0.03397610534690827
0 0.6396552679985337 0.8527764847628593 0.08175992515463033 0.08368520401018138
0 0.587088635267558 0.950695816756814 0.08989141848667064 0.04943747334499946
0 0.758611788461455 0.6312929307765404 0.16750597758022465 0.12058631468808993
0 0.7003196380218096 0.23414466343090456 0.10022288273097572 0.09951019867918125