0 0.548219843458291 0.7993279230163651 0.10419138737588014 0.2633539502097815
0 0.2123950899982499 0.8083182950163337 0.09275518577927466 0.09737375269929238
0 0.33102968486505363 0.8541850568391884 0.07763952174882985 0.10868976099766207
0 0.40006618634792834 0.8560067433520155 0.0894391847906915 0.09244945435896632
0 0.690557240682822 0.6960701006061224 0.11736786661563361 0.16621884108157464
0 0.8133925628122126 0.6334731669930804 0.108027358706968 0.12812684523075965
0 0.6879309422794274 0.8624054956271004 0.09945085475263546 0.10878484937994451
0 0.7999560984012068 0.8037623562051998 0.09556185079830293 0.08979805103961844
0 0.6972224402650801 0.45576440931941065 0.12422536167271758 0.1433733369323898
0 0.7817274328507062 0.4140962049604443 0.12135502965749509 0.14938653859206372
0 0.5705300173002055 0.060210836508182555 0.11255303262324468 0.12042167301636511
0 0.4669593483268448 0.05561305850118461 0.11673119665368965 0.11122611700236922
0 0.2157509698853942 0.23677425912356234 0.12983869171077378 0.1282219336130419
0 0.2132414407221906 0.09825621078323629 0.10056236859279988 0.17429145020978143
0 0.26622581376361476 0.2831038848485086 0.11886669961943915 0.16477474025173766
0 0.15563187056996625 0.16531457883451273 0.08363485376405229 0.1029133576783142
0 0.0539579185162502 0.40106466991608747 0.049514521748829844 0.1065585759347277
0 0.15429881672936427 0.3056911251002463 0.08755834980971958 0.08451855518880329
0 0.058839078098070784 0.3669973232354353 0.06475751977166348 0.09836756763635801
0 0.3575272930033681 0.17744403546856416 0.12722302768032884 0.14048513527271583
0 0.7683493878701718 0.20117015247093337 0.10570085475263546 0.10925844606059654