0 0.40911928821661103 0.5936061168972675 0.17580558344622813 0.07599993949875809
0 0.19687940128862397 0.16515788826909394 0.09332063206674705 0.08176815046753823
0 0.14722463930283633 0.2757726805217675 0.1100168091359686 0.07249314441741399
0 0.1392726984388049 0.3475795028286704 0.09143058344622808 0.07550906010845856
0 0.27929566937884703 0.6498646863755 0.15852955223856355 0.10401585518980258
0 0.33358477894435695 0.7767044423274283 0.12070200361804462 0.09754768657189175
0 0.08546710424998463 0.6323357770291672 0.10820200361804462 0.09747496369925486
0 0.17742331015202137 0.7476794967785463 0.11445200361804461 0.0975113251355733
0 0.5431877510160528 0.6779543667008758 0.1840208751693421 0.11353630093507654
0 0.5539006009706243 0.7631469781371942 0.14027087516934209 0.11328177088084708
0 0.9340269374710998 0.593608200420656 0.1319461250578005 0.10088176483072289
0 0.9422826331406003 0.4866633088319123 0.11543473371879927 0.09142495159900647
0 0.735068798054692 0.21124463143340283 0.0891244549975255 0.09111587939029935
0 0.909066220035531 0.28254798057308117 0.1359994549975255 0.09138859016268785
0 0.721651429216928 0.2681804326630668 0.15696705223856355 0.10400676483072288
0 0.8492231512886239 0.16895311318483433 0.09735303482570927 0.06929542154477705
0 0.6053768967660682 0.046477628604732445 0.09991146879233562 0.028697692622015915
0 0.709505554047586 0.15564407122674834 0.10113313206674697 0.08181360226293632
0 0.6298822518090222 0.052087279170466516 0.09308161465389268 0.047402240826617835
0 0.8206455291714996 0.3538866493873837 0.09183337516934209 0.11299996974937895
0 0.7660287867462731 0.7721912217924825 0.09849945499752569 0.09117042154477702