0 0.43341142548954814 0.8732044267186339 0.13174979991529537 0.0905351880171807
0 0.19958318608347897 0.7994380206874536 0.1053693104386391 0.09335110534690845
0 0.17082958355146505 0.6944868913510447 0.0987552893919517 0.08702838001272664
0 0.13159350732781042 0.5972209926798175 0.12337585779368573 0.10761360001590851
0 0.2845995970585805 0.32887207670272567 0.17088789462538873 0.11909654002227174
0 0.3375209287556685 0.20535330804422522 0.12980786831702948 0.11081132535009015
0 0.11153382338105722 0.31983178934595397 0.10747784200867017 0.1027442866804539
0 0.16697321032569964 0.21273745202099903 0.09296031570031094 0.09476815467854491
0 0.5558753575819242 0.3351515380728603 0.1840249314570917 0.13017949069063528
0 0.5606167945124492 0.24230096674090565 0.15168286831702957 0.11106586401972633
0 0.9336374300710866 0.468521305458267 0.13272513985782694 0.10959427068745349
0 0.9394204813370933 0.5716917587921306 0.1211590373258133 0.10643290802036276
0 0.9283998888696067 0.6455287007876762 0.11638240514873247 0.12158519334818116
0 0.8948655940042215 0.7802031454487219 0.14561487884037305 0.11411813868554468
0 0.7414675782192061 0.7737338747612684 0.18440436305535765 0.10988517202418073
0 0.8411252149520869 0.8896594141072225 0.1019867052052021 0.062082924013363086
0 0.7614230334244082 0.8348622787634955 0.12293624203690498 0.07325678134945371
0 0.7163604333820558 0.8788389980903595 0.09277830517696728 0.09164315467854464
0 0.8204879493082459 0.7363980541056314 0.14082096302712294 0.13904541335136286
0 0.8106468865917066 0.2725355487746314 0.15186487884037306 0.1141908640197264