0 0.09219373056468985 0.4768407071244004 0.09354029238978616 0.13529475478036196
0 0.12133338275543895 0.23814844694536763 0.09520980024766902 0.10424501387966068
0 0.22113648366506178 0.1983127937984502 0.08710620181924558 0.097494366131414
0 0.3046788837888963 0.1543007803802149 0.09550089867609249 0.11049501387966058
0 0.6063804708447801 0.27158242211148187 0.12006855913900907 0.16970932757475107
0 0.7392999787026631 0.31144356338132345 0.11356169396136266 0.1303464389258031
0 0.5821724911086599 0.10156101634367076 0.10465757485477489 0.10640829117755657
0 0.7062606544670607 0.16279650986526578 0.10709337014004525 0.1252584207272059
0 0.6557831956185017 0.5231437245478053 0.13787248924663303 0.15059838217054294
0 0.7461170971900783 0.535201238427466 0.11763276385373889 0.1508591980251019
0 0.5955818263070262 0.9296366933970107 0.11508996071058579 0.1407266132059785
0 0.49203729528977946 0.9413513949704694 0.10535108767505648 0.11729721005906128
0 0.4117140945039912 0.9354227675802885 0.11970468610347992 0.1291544648394229
0 0.2743425270928144 0.9234012338039875 0.11258139081820957 0.14274630937615385
0 0.25974498780340016 0.7657494201088971 0.10931084160399784 0.13942105027685514
0 0.1668767835029552 0.8922234801033596 0.09535534946188076 0.10737001387966032
0 0.08107202419733031 0.7997472809985238 0.06000004631872757 0.11756703423772627
0 0.13994191005314116 0.7471019447858993 0.09535534946188075 0.10737001387966068
0 0.03240554590895203 0.6837928115356222 0.06083480024766902 0.10204216378737563
0 0.33908357734048344 0.8288187214654865 0.10480312406898662 0.10953329117755653
0 0.7612197506236817 0.7493033112218551 0.10890842721213971 0.0973336798265045