0 0.5986329752563797 0.7921894340693083 0.15304139812585582 0.2774867554600117
0 0.2725167561351921 0.8610977702937432 0.10626202335696497 0.11623052000387943
0 0.38871005746797566 0.8711906342287878 0.10121081050398359 0.10334788273097573
0 0.4692697356812211 0.8677470277106092 0.09670516693047411 0.10921524545807201
0 0.7238339005666312 0.654323159064459 0.13625105172849494 0.18258884364130096
0 0.8356459272888085 0.567668568757138 0.12583037727617344 0.14588606909549373
0 0.7645367715745983 0.842078379517682 0.1255121285298145 0.1349485690954939
0 0.8531697110706148 0.7393044526960617 0.1076881310370971 0.11167056576151388
0 0.6810624127073321 0.3954741886112362 0.15738190564770313 0.2123719384905499
0 0.7623207728947465 0.362215536335423 0.14677937476889086 0.16941916394474266
0 0.48749765149106816 0.06337761847697226 0.13749530298213627 0.12675523695394453
0 0.38375052586424746 0.06993037847891193 0.13588733887551338 0.13986075695782385
0 0.16331732007089497 0.31087424287299825 0.12573944906292792 0.14276106909549374
0 0.1939953555685609 0.15409821332622123 0.12614862602253202 0.15682356909549378
0 0.23063285220334864 0.33670354817353054 0.14254651583511763 0.18466152667183913
0 0.09948448911294032 0.24325605029956243 0.09532452335696498 0.11533769970043757
0 0.04542644107886209 0.5115753577261266 0.05773359514371963 0.10915160151720862
0 0.12630070486891565 0.38437538681386163 0.10662573620994645 0.12873052000387925
0 0.04617058715965383 0.48332281196849197 0.06697220282385159 0.10522937606301604
0 0.2884105967930723 0.22313551362578363 0.13769387978345565 0.12503143515657006
0 0.7117427967139299 0.1580380904280073 0.11421091567683313 0.12155574879205204