0 0.1393990596565071 0.38507919724210715 0.09291597727182857 0.1365283051769673
0 0.21199325973923266 0.16219470506402778 0.09393300649282174 0.1053693104386391
0 0.31708018019392786 0.1464625602268776 0.08444891233702041 0.098573278868608
0 0.4079818697233466 0.12288011803468075 0.09875687418757337 0.11345482622365469
0 0.6828160486994584 0.3082462835655825 0.12007849512873606 0.17245039462538864
0 0.8073581270269472 0.3787169492376586 0.11470915665497756 0.13311487884037315
0 0.6899994829538715 0.13852531776644952 0.1049523271096728 0.11069384727034204
0 0.7983807731319132 0.22210292819097116 0.11301028896022594 0.12521137357870132
0 0.6812434606294417 0.5758510125188951 0.13756600405718977 0.190638952503779
0 0.77290880924947 0.5960185703266982 0.11662621266133186 0.15351838410204496
0 0.5473141144417502 0.9340997971432852 0.11840690097293453 0.13180040571342957
0 0.44343513798070056 0.9344946392931297 0.09793075973923263 0.13101072141374068
0 0.14488676947516999 0.7888944419804353 0.10259098620028229 0.15426183674699842
0 0.23823339488055945 0.8606700024190743 0.11023984496658024 0.14534186305535773
0 0.24877365421605027 0.7044122971432851 0.12498418344033872 0.1852234104104042
0 0.1381146180951982 0.8033286683029119 0.09557732710967279 0.11014781570031111
0 0.03997357832419348 0.546305852602601 0.05185460064862313 0.10916216837349921
0 0.13790829220334141 0.6573714261954198 0.09204322402541769 0.08652830517696727
0 0.04524745941162579 0.5801726183876166 0.06410913879807005 0.09582771046687384
0 0.31806517085514174 0.7841522760260106 0.10500687418757346 0.11381884727034208
0 0.7492878973161914 0.8077072282474409 0.10958528003177204 0.10784186305535748