0 0.5205659439847279 0.14594326958287324 0.10886811203054414 0.23180880937615383
0 0.18007128321932342 0.8520094902823925 0.09329656134627218 0.10122014342930967
0 0.29517811521327825 0.9039503269564424 0.08252269334818116 0.11458173658176492
0 0.3715224392107329 0.9276066748892589 0.08568405601527207 0.11790699568106362
0 0.6609042072326865 0.7843117620247341 0.11440904002227156 0.17127182757475126
0 0.7815172465786404 0.6990029225729072 0.12189427601845378 0.14364747532299765
0 0.6484934718730513 0.9601100906053903 0.07939769334818117 0.07977981878921944
0 0.769079239218687 0.8944458305001867 0.10610564401654461 0.12858367982650448
0 0.7297638425764132 0.7121048974344795 0.15814085868872638 0.17251295496493207
0 0.752376281269912 0.5157503315799208 0.12816245735199913 0.14561049352159508
0 0.44755570532304595 0.10451843074935516 0.11426358935390812 0.1587718275747511
0 0.1992165606301835 0.28171677667958706 0.12013178134945379 0.1263598457733484
0 0.240714811982819 0.14208258019564476 0.10314427601845369 0.14244592072720588
0 0.24320237062382016 0.33144546884459275 0.125401084022908 0.17666023442229636
0 0.13927903397518296 0.19187422424326356 0.09335110534690846 0.10590764342930994
0 0.02928422660727546 0.43970285009228505 0.03868178668045391 0.10396560919158375
0 0.1313381699554566 0.33678620604466625 0.09020792401336304 0.10414488433001132
0 0.0334904686107753 0.41417192396640834 0.06204656134627212 0.0992175524363235
0 0.34141369863941035 0.22280975092285066 0.139463584022908 0.17756140036914028
0 0.6660778913112738 0.20530538247508479 0.153145370703362 0.27992493676633484
0 0.28368356198281897 0.1448361428110011 0.11707950668363551 0.13240958667404973