0 0.8082544823543533 0.42770935188577797 0.27675452199532424 0.14996582670272557
0 0.8118825095245477 0.7609667472151873 0.11046574855010753 0.09807496801399936
0 0.8307527539254703 0.6561519778803692 0.09711364357108546 0.10728633601209037
0 0.8569735570396813 0.567643461211051 0.10542305103961809 0.09333292401336309
0 0.6986687626480472 0.29785022390200455 0.17845873195336798 0.13008858402290802
0 0.6363365512401111 0.18305247457832224 0.14012993776222676 0.11871473201781738
0 0.8925138510303295 0.2737389198759148 0.12895563942190053 0.11546246268299924
0 0.809229599580437 0.1779184372215506 0.10769594606059663 0.10272610534690849
0 0.43361152509560197 0.32435127860441193 0.20776772365499813 0.14604084802672607
0 0.41801168111424225 0.2417933172740482 0.163425727804183 0.13771927068745357
0 0.06346681368766571 0.4904790019891824 0.12693362737533143 0.1284169960216353
0 0.0590506169021229 0.5959386613224096 0.1181012338042458 0.12681813335454456
0 0.2548027927180267 0.829893848623502 0.11406434523075956 0.10436133068109008
0 0.09532197155718383 0.7919409573122282 0.15551813942190074 0.11577154535327186
0 0.28375750952454765 0.7671120379535475 0.1836198286340201 0.13639312802354447
0 0.1619631746667503 0.8910773439688195 0.11299875269929238 0.09029883068109043
0 0.4148737644989251 0.9630683332670487 0.10847627344521679 0.05121814934754454
0 0.30281331761313596 0.8761688646165023 0.11839664772027056 0.09972837468172671
0 0.3876484136690882 0.9618240066040938 0.10329186597668398 0.06520792401336309
0 0.18091777467139467 0.7027415499681833 0.117639631123531 0.13094201201463562
0 0.20530984895573717 0.2778324566359105 0.12066954274124866 0.10912155601527207