0 0.4743660166456821 0.9038244706807234 0.13444891233702042 0.09838791469812307
0 0.23383647403200825 0.8899529105217716 0.10478868587597079 0.09891370435383635
0 0.18471890990797898 0.7928670901960186 0.0968125446422687 0.08926588584218216
0 0.13218997362497115 0.7120783924656042 0.11109323295387141 0.10225695916315995
0 0.21963502110661365 0.4047867368379741 0.16772506249917624 0.12609625244707062
0 0.24622656899529324 0.2696949742241023 0.13011596834337485 0.11853672359113024
0 0.0536697863243706 0.43962798439090334 0.1073395726487412 0.1083978317584982
0 0.08907654220993201 0.3158011039910168 0.10023755357072243 0.10656251324684388
0 0.47948335389832925 0.3419420295737307 0.18677507142762995 0.14393851687504106
0 0.46781124269639934 0.2492907381039185 0.15048301542127546 0.1223710517214313
0 0.8869685714309252 0.3749331558820841 0.16133869480442442 0.11806549763774736
0 0.9165003384770538 0.47446192992870123 0.1533898271096728 0.109980179126093
0 0.7894688652657104 0.8999753067003908 0.12307503571381488 0.07300596878180698
0 0.9009360194850558 0.6943652021612199 0.14563187418757337 0.1128323606144388
0 0.7495956619365739 0.7211310548862923 0.15204551542127548 0.12242561542376222
0 0.8794819849890569 0.803839405882084 0.10794095941492117 0.10058533175849824
0 0.6756188250876685 0.9733904701325692 0.06164661201270878 0.04275298439090349
0 0.7404916229763481 0.8396355182258034 0.07970686525911966 0.09335318511654264
0 0.8003144565788427 0.6369123115097142 0.11120232710967279 0.10850695916315996
0 0.6809521708617323 0.2199926516209149 0.10347164772652384 0.1129216406515056