0 0.6439635314267822 0.13457861191123138 0.13166489926336594 0.0967670066836356
0 0.8488916960253867 0.2180616318825963 0.10989915990702741 0.09807496801399936
0 0.8570869722563887 0.32412981854714185 0.10288433540139544 0.08706474267981754
0 0.8778204533148537 0.4183428952100966 0.12294546312533612 0.10603291868236293
0 0.6735817955015131 0.6822252239020046 0.1774908514929388 0.12696358402290803
0 0.5957467365832213 0.8017842932447767 0.13788204827463008 0.11869655068427187
0 0.841129928421234 0.6974491398790965 0.11680472376899793 0.10752269334818117
0 0.7477080743304052 0.805480363224096 0.12963250569998302 0.11235564401654478
0 0.4086505641909465 0.6642313912715029 0.20067697921687966 0.14596812269254436
0 0.3820555771803968 0.7543114986075936 0.160194090849277 0.12520108935390795
0 0.0640632279563719 0.5076665019891824 0.1281264559127438 0.1252919960216353
0 0.06686847678347764 0.4060767299888641 0.13373695356695528 0.10490677068745366
0 0.309949164346503 0.15563873595641112 0.10310285668871888 0.09018974267981758
0 0.14522574664580531 0.20048925397836462 0.15841306956195358 0.12205790802036273
0 0.29409493538172493 0.22607850529122922 0.14692926634364492 0.11411813868554459
0 0.21735175494367853 0.10675688796945595 0.11458665990702759 0.09812951201463571
0 0.47370529777042697 0.026828758971205867 0.10716764381548423 0.053657517942411734
0 0.35961031075987726 0.11524954595004774 0.10989915990702759 0.09807496801399936
0 0.4377131674485962 0.028196083306819403 0.10269866510280767 0.05639216661363881
0 0.23480206285356423 0.2814114426320925 0.13566398441265975 0.10930336935072642
0 0.17374033262827843 0.7192659786362287 0.11869500569998319 0.11222837468172671