0 0.5666227671589985 0.7865435804848979 0.14336912613590122 0.303577131123531
0 0.8953449265884579 0.7240021559954183 0.09499147642635145 0.10061715186945541
0 0.7920059108726922 0.794553299566504 0.08314644789030404 0.11373245850815117
0 0.7192597696401979 0.8149618105641661 0.08539815260503403 0.09521925684847724
0 0.3993217971427879 0.7294442433520154 0.12878858767505647 0.15767263527271586
0 0.2736475550006708 0.7076069773799759 0.11036391935425689 0.1298077444009227
0 0.44393659201377345 0.8961931128531845 0.10175089867609248 0.11202824855010718
0 0.32280430065744453 0.8708756493706558 0.09626287799792799 0.09448555103961845
0 0.347688560791639 0.4793384221911725 0.133660178245597 0.19540943361304192
0 0.260969810791639 0.48590957613522034 0.12537248924663302 0.1511858369323898
0 0.3863613391227985 0.073174161717964 0.11821496071058579 0.146348323435928
0 0.4860873573197636 0.05409181368766571 0.11592471463952717 0.10818362737533142
0 0.7767038569054788 0.16301895703503674 0.141613919354257 0.13217572780418313
0 0.6987521772121397 0.05328494636133555 0.10447779238978612 0.1065698927226711
0 0.7281422324222075 0.21452318006533502 0.10989303846084475 0.15312684523075956
0 0.8157063908182096 0.07460672985555358 0.0827098002476692 0.10435745850815119
0 0.9671020326698765 0.29520080454088143 0.051532574854774894 0.10355197510489074
0 0.846365693547078 0.2110527927180267 0.0896490049623985 0.08619945435896632
0 0.9553447413135476 0.2615953991469411 0.06374147642635145 0.09824916846619489
0 0.6363678012811264 0.1462127331795459 0.1267508986760925 0.11392263527271584
0 0.22763496422524243 0.2751855636876657 0.10800089867609246 0.11250184523075957