0 0.7977692386209345 0.453720216529028 0.28880689273291543 0.16449402645796612
0 0.8210643778506921 0.7931002990707449 0.11297797424624471 0.10704893939369331
0 0.860174288461455 0.6696152114406454 0.12158769970043756 0.09816526232447202
0 0.8579738017973746 0.6004557756649966 0.10816292848861053 0.10524077792830404
0 0.6831801933223419 0.3292414376962127 0.1863515724294736 0.14823386137453215
0 0.6149559649932111 0.21346927351728998 0.14757611485312835 0.13064356965141816
0 0.8492834254444945 0.31283958898483666 0.1263707945496865 0.11864153663473136
0 0.7849176496907392 0.2074693362713032 0.10698306576151388 0.10984639077317437
0 0.44450045953319944 0.35047022727162014 0.1631691639447428 0.150130554047586
0 0.3976252016572916 0.2711235639972086 0.1692916181871082 0.14889560266810492
0 0.0626920922641751 0.5253518820667471 0.1253841845283502 0.1413287641334943
0 0.06089060514105271 0.6288044306872662 0.12178121028210542 0.14428998982323477
0 0.25097540527143725 0.8565896732240343 0.1507967097023773 0.15103795680654802
0 0.10797483330100557 0.8687101356847917 0.18989116061076286 0.13441702283992144
0 0.29403962118273236 0.8000021585247132 0.18478907242947357 0.1481519742194024
0 0.18260830042024864 0.9251891870188441 0.11728283697334119 0.10260710085908258
0 0.42242035738777084 0.9812411131835546 0.11434928454774695 0.03751777363289079
0 0.3219577139059494 0.9097390066702623 0.10009533697334119 0.10170634215265509
0 0.3953316989030399 0.9775019595200813 0.10704696757828494 0.044996080959837315
0 0.18428172603392096 0.7220675090451115 0.1601717097023773 0.1515292797373263
0 0.18585878317062104 0.30867007236495164 0.1284434775802247 0.12497342378986112