0 0.8865573192646716 0.542581927113053 0.16929136031120037 0.22601501038216937
0 0.28081917848861027 0.08411958183826233 0.1145404742462448 0.10775085779368573
0 0.2116543324314133 0.17920383966018294 0.12484024545807218 0.10057539462538871
0 0.18411900591905375 0.2553792027861277 0.1154652454580721 0.10002936305535756
0 0.2635662294163925 0.5843617765201208 0.19674693849054992 0.16230112087727822
0 0.2949274129059726 0.7089144554875508 0.14601361485312828 0.13135495776545092
0 0.09044785168638661 0.5214430895190085 0.104368248792052 0.11648882096198285
0 0.13560046820650484 0.651472223762228 0.11661315727678292 0.11409186305535748
0 0.33568047441542265 0.554257776590708 0.22863466727872267 0.1719337261107153
0 0.5163558738162978 0.7289862188534919 0.16785666394474283 0.15128802616718495
0 0.9437650728885156 0.5259488929827731 0.11246985422296873 0.13400952090551305
0 0.8057389144037848 0.21603410864073175 0.11556084030732094 0.12025085779368574
0 0.9432233257634536 0.3169001166744139 0.1135533484730928 0.12528696828879457
0 0.7984045175879834 0.28004340073410655 0.14470620636839726 0.134388952503779
0 0.9334812771308811 0.20388417718364016 0.11935552000387943 0.1095863735787013
0 0.715034810760544 0.03763536383181645 0.10564396424430508 0.05591534200867019
0 0.7933985400077587 0.16102038494909102 0.11753792848861018 0.10637036831702944
0 0.7338326081851685 0.046745053322590185 0.10379442182065049 0.0713583314853265
0 0.8580821486519691 0.36683847446809964 0.1367661606107628 0.13237142619541978
0 0.7272612939699583 0.7740047743128079 0.11661315727678297 0.11409186305535748