0 0.4231012330414307 0.9078062694353101 0.13427318068726604 0.09354029238978612
0 0.1850213789029877 0.877921754548114 0.10170634215265535 0.09669952564056317
0 0.1440455760985972 0.7781186536384912 0.0964456320667471 0.08554370181924575
0 0.09760434532047406 0.6929409789075509 0.11132700361804462 0.10182367328319834
0 0.2119688969932108 0.3936195291552198 0.1683958751693421 0.12006855913900924
0 0.25104244233436945 0.2607364086008899 0.12908771370395283 0.11356169396136266
0 0.04864279963860147 0.41786389619489306 0.09728559927720294 0.10480312406898662
0 0.09957179556830129 0.2967551836222805 0.12423643939369337 0.11021837014004517
0 0.4767174717330116 0.3479967758454509 0.1864841338757694 0.13805657981717356
0 0.47377725746323185 0.25466415280992166 0.14956398801421247 0.11763276385373889
0 0.8815377685445082 0.4091420609965268 0.16206398801421215 0.11821496071058579
0 0.9020372970386393 0.5111240920137734 0.15170634215265544 0.09902831306795061
0 0.7456113981248647 0.8210170146777992 0.11988313206674714 0.08663532092583352
0 0.8687799824756037 0.7272927475142914 0.14134205223856355 0.10945639081820957
0 0.7113016751486575 0.7434527868037056 0.17801653663473135 0.12519270678164424
0 0.835745075194086 0.834612941889939 0.10631195499752559 0.09535534946188058
0 0.6051867147240649 0.9741835555196541 0.10722600180902227 0.05163288896069176
0 0.692660138513926 0.860058089946859 0.081148180687266 0.09106595574818713
0 0.6361467876548434 0.9670679152159185 0.09809666327441154 0.057564251033457484
0 0.7688076379480993 0.6623333734453049 0.11338082654882306 0.11127144789030421
0 0.688368701945308 0.2395978866798712 0.10556832654882306 0.1109075748547749