0 0.8540081674593398 0.31964204036837696 0.09840374525034719 0.13780761646291487
0 0.7748701005893401 0.09906394674538357 0.09767639342673604 0.10655761646291487
0 0.6690383278879166 0.08666352329420669 0.08971842306201391 0.09989818068726611
0 0.5766514593468054 0.06653580902442693 0.10570709897381966 0.11634205223856364
0 0.306880553952222 0.25858162539648477 0.12732883225631958 0.17365658525525038
0 0.18500424753145803 0.33207443634147565 0.11864351006798621 0.1357471494796016
0 0.2952196213909027 0.08908799694778227 0.10875936379145842 0.11338082654882312
0 0.18938588905833317 0.17734599276391078 0.11697190729444458 0.13097776232447195
0 0.31704976206475644 0.5256905602676223 0.1449527433504862 0.1933073439616777
0 0.22524346856177035 0.5476684588427128 0.12220492116215294 0.15466092378986113
0 0.460610738794652 0.8950503126424716 0.12402199430041687 0.16568031094499105
0 0.5660976725902422 0.8887416796712133 0.10352765634451408 0.15680327792830404
0 0.8311440571832632 0.7320568311869798 0.11424695079743082 0.14800148801421234
0 0.7703507211272215 0.7961060430819104 0.11424695079743064 0.14800148801421234
0 0.753656796449687 0.6417018260985972 0.1307447729857639 0.1863203595655099
0 0.8677173368185411 0.7363824830414307 0.09934799620027804 0.11132700361804453
0 0.9572390041809719 0.47731402024198893 0.06035823138263865 0.1124048247398008
0 0.8632870227983329 0.5914794188170795 0.0941149823325695 0.08764384215265544
0 0.9540951671749994 0.5118118509746836 0.06620818787965277 0.09554487336031983
0 0.6877759168906591 0.723184199458917 0.11511846656499998 0.1183958751693421
0 0.25545372616121464 0.7583259978522934 0.11341049620027785 0.11206398801421251