0 0.5062417343357851 0.8445783129845406 0.12318539976756888 0.24589783175849825
0 0.21528578243518828 0.1444146549946579 0.1051023992633658 0.09875001324684392
0 0.33146815730913753 0.10354906361751284 0.09613159084927698 0.12649306733052793
0 0.40726583280350537 0.08993794220330091 0.09260239926336578 0.09831350362819706
0 0.6992615807098185 0.2449875076349123 0.13189412822814398 0.16982640507947588
0 0.8248350170999496 0.304821320704271 0.12145937278026224 0.13205358656782168
0 0.692984811516182 0.07682778467675429 0.11066398441265975 0.11141370435383649
0 0.8075661175844822 0.13626229366242895 0.09997785668871906 0.09233632213985135
0 0.7093514007759751 0.512475107997732 0.14926729852673154 0.19537204210278442
0 0.7986706268907616 0.5242360088160386 0.13058300050420293 0.15107640507947587
0 0.594823269116762 0.9017881230586745 0.12833208565349707 0.16346727767481398
0 0.49894804040408547 0.908268790752022 0.11070754307885018 0.15661707694917482
0 0.22829206093510424 0.700002456083117 0.12974176634364493 0.11675596878180663
0 0.24110305339353566 0.8272097968272899 0.10689412822814395 0.16895338584218217
0 0.2846459677400387 0.6659250672457099 0.1352376495154674 0.17306053248413758
0 0.17732477665833052 0.7887127812181932 0.09471120248167449 0.10618056733052797
0 0.06927270399428379 0.5426587259533828 0.05241444183801276 0.10314484736759474
0 0.17217881872877436 0.6479240901112007 0.09641581411407199 0.0859771947351895
0 0.07707413233864323 0.5870262848463904 0.06414961733238063 0.0926438569862416
0 0.38964446019847004 0.7899131495523622 0.16289275595208474 0.18961311542376222
0 0.7897647924977724 0.7328669643510015 0.1150237024816743 0.10688989546082901