0 0.5328125 0.8484375 0.20859375 0.128125
0 0.16171875 0.81171875 0.084375 0.0890625
0 0.27734375 0.865625 0.06796875 0.103125
0 0.346875 0.8828125 0.07578125 0.09453125
0 0.6625 0.7453125 0.12578125 0.140625
0 0.7765625 0.70703125 0.1 0.11640625
0 0.62109375 0.94765625 0.075 0.10390625
0 0.74609375 0.8703125 0.09140625 0.09140625
0 0.6296875 0.734375 0.13984375 0.16953125
0 0.759375 0.48671875 0.115625 0.13359375
0 0.484375 0.06953125 0.096875 0.1375
0 0.2078125 0.27109375 0.08671875 0.090625
0 0.27734375 0.10546875 0.090625 0.128125
0 0.26640625 0.27578125 0.09609375 0.115625
0 0.1703125 0.153125 0.08515625 0.09296875
0 0.04296875 0.390625 0.02734375 0.0984375
0 0.1515625 0.28984375 0.08046875 0.075
0 0.0484375 0.371875 0.04765625 0.090625
0 0.34140625 0.209375 0.09609375 0.115625
0 0.76796875 0.2703125 0.09140625 0.09140625