0 0.8829374892574078 0.41552789095607456 0.09241322930778502 0.09935725478036198
0 0.7927717554270669 0.19562759869878385 0.09890889077317429 0.10444527297895925
0 0.6793333751693421 0.1556558358988574 0.08903592378986111 0.12405686613141405
0 0.5983323586609988 0.14034291409191738 0.09249511646291494 0.10091975478036197
0 0.3306546149925768 0.2921512338039875 0.13063692559888346 0.174997604872647
0 0.21374043193046152 0.34928500848098987 0.12085913387576941 0.13699695712440044
0 0.31087330223856363 0.12270032695644226 0.11025582654882307 0.1129586798265045
0 0.2057188127540132 0.18136632325581448 0.0969369549975256 0.09653264342930994
0 0.3571573185197644 0.5601397702011821 0.1473264586155702 0.1963114003691402
0 0.2681733836486268 0.5707885710963462 0.1280917797373265 0.15614747532299766
0 0.5232315343714239 0.9336297301033596 0.12710248982323477 0.13274053979328074
0 0.6225321715265537 0.9393027876291995 0.11739994120271575 0.12139442474160092
0 0.8689656789897853 0.7432127999630882 0.0926588907731741 0.10404475478036197
0 0.8317600073476308 0.8949965430232579 0.11550989258219672 0.1537839389258032
0 0.801447308342999 0.7474509145533427 0.11649918249628861 0.14294656847545256
0 0.923302376185395 0.8440231307770418 0.09767393939369313 0.11059514342931002
0 0.9096415886461525 0.7022163625784446 0.09669129353213606 0.09184514342931002
0 0.9808626549066686 0.6306300616832805 0.03827469018666285 0.09775518198597286
0 0.7347411651949756 0.7969013995939479 0.11041960085908258 0.1160836798265045
0 0.305998689505235 0.7725408382152092 0.11880531094499087 0.12752182757475108