0 0.3814942278672573 0.4089540926161842 0.17583906743868072 0.17231244668999893
0 0.25871983624347294 0.8753523466343196 0.10221842306201392 0.09647610534690827
0 0.18673377383878537 0.770692665977092 0.11446384992375007 0.08568405601527189
0 0.15780803362243115 0.7030420893141373 0.10832295269729171 0.09029883068109026
0 0.23601742049656282 0.3700108659691378 0.173840156344514 0.15354426535645346
0 0.2629409835668405 0.2509154206317743 0.13081620174736122 0.11711586935072645
0 0.05800282969086843 0.443976719326864 0.0972399823325695 0.083921561346272
0 0.10794566546256971 0.30663980398631885 0.10872299620027785 0.10748633068109026
0 0.25949194129812536 0.4049034866327288 0.19262652393569457 0.15532494135899882
0 0.482181292837396 0.23586094326863932 0.14840374525034736 0.1345033640197264
0 0.9311811840799308 0.4439059692075512 0.13763763184013839 0.11733404535327172
0 0.7731615831093409 0.7513655752307775 0.16152068787965276 0.0940419960216353
0 0.9336905478713892 0.6556701725414149 0.13261890425722173 0.10943063868554467
0 0.7871682253018062 0.6816525118953229 0.14927526101791672 0.10483404535327186
0 0.9071735604079173 0.7677798212126419 0.10697865824437507 0.0996556493475449
0 0.6936955547083341 0.9296820265754586 0.10254442496187507 0.043369286680454165
0 0.7752338825962506 0.8068252345640048 0.08804682028847229 0.09162497334499946
0 0.7114824667524313 0.9216604412396862 0.09829333605604162 0.06206474267981754
0 0.8351861915824659 0.5959144592218688 0.11998780452090294 0.12167610001590834
0 0.6961158530578822 0.19429850990614067 0.1055252610179167 0.10432496801399935