0 0.7902029979312759 0.5201458680951981 0.14942038669636215 0.22131371266133187
0 0.15240574264004667 0.19879383035608367 0.09796588001272669 0.09544095941492108
0 0.1081461179583201 0.3089813080349493 0.11033861067790855 0.08472164772652384
0 0.0993972792807297 0.3893136903401976 0.10254429201145401 0.08614778003177212
0 0.2545274852403224 0.6897382045436571 0.17343859468490824 0.1373750892845374
0 0.31338376989182315 0.8025069857932452 0.12629087468172653 0.1131193831160271
0 0.060123504575140575 0.6754051489443398 0.11366360534690845 0.10196369480442442
0 0.14713206122695946 0.7863211038950341 0.09960110534690846 0.10171823295387146
0 0.30736213124604944 0.6484643680984934 0.20327154535327177 0.15039328652459397
0 0.5318252345640048 0.7656866444768176 0.14682155068427177 0.13222393912238156
0 0.9214535452737301 0.4552357085975515 0.1481658746817267 0.11350121266133191
0 0.6900511933084102 0.19567592775500062 0.09649428668045382 0.10322618587597074
0 0.8659864373010924 0.25266408765638904 0.13869996801399936 0.10552507142762994
0 0.6979267806333651 0.25754468221922744 0.12320223734881744 0.11618983603812652
0 0.8085744739815464 0.15007882994575128 0.10265338001272672 0.09552278003177209
0 0.5597562606620002 0.04415256371369688 0.10199885200509069 0.039272780031772106
0 0.66486992731541 0.14366341436232 0.10574201734563574 0.0924523271096728
0 0.5800323979949094 0.047632119720051304 0.09596702800763594 0.05791368587597075
0 0.7689927112905929 0.3283305150109431 0.11684314934754489 0.10670574188232518
0 0.746042275899141 0.7561418693130142 0.09960110534690862 0.10171823295387146