0 0.6115565240818809 0.8736507499204581 0.07405727711788863 0.07583634134309065
0 0.8298147790964456 0.8273462725573232 0.0898641335443795 0.08226815467854501
0 0.8635783621659716 0.7253565112190052 0.08646634890464355 0.07285679201145392
0 0.9071261221951012 0.6373201618794146 0.10879598997087 0.08873633068109026
0 0.764317530416594 0.3490400065643229 0.15585284639736088 0.09553177068745358
0 0.7151405813536661 0.2167547652371408 0.11688127461060631 0.09820223734881743
0 0.9342124932695753 0.3595673318746421 0.09638691818411545 0.09171588001272672
0 0.875243007059629 0.2399002692155054 0.09160848997087001 0.08853633601209036
0 0.49773778417751763 0.3193183332670485 0.17514841567683312 0.11449994668999892
0 0.49271165188677946 0.22715810526736666 0.13728470282385158 0.10156359468490823
0 0.0994343279884538 0.40913809532145506 0.14969377461060623 0.09858404535327185
0 0.08676449491892807 0.5108824086569095 0.14289820533113404 0.07976132001909005
0 0.2826526225908127 0.7969818986314563 0.08816524122451135 0.07756247334499947
0 0.13210104163285807 0.7260528753182734 0.13710284639736087 0.09531359468490841
0 0.2829504877927921 0.726642126631138 0.12607441818411544 0.09206132535009015
0 0.17967838677657771 0.8302222073122282 0.09611413354437941 0.08234088001272681
0 0.41849449735970357 0.9532671666136388 0.09484113855894431 0.038590880012726814
0 0.3207807598961159 0.8449921372931382 0.0898641335443795 0.08226815467854465
0 0.3909916229865241 0.9481165899506842 0.09060827962517112 0.05416133601209054
0 0.23777672862159202 0.6513608633036376 0.09647784639736087 0.09484088001272681
0 0.2793394736735341 0.22651485729631987 0.09656877461060623 0.09796588001272666