0 0.49456826144306854 0.8311420705996204 0.14969488836446346 0.2649838054894186
0 0.8307604294278461 0.8276172876757439 0.09619852076024671 0.10111988229073816
0 0.7283675998840817 0.848586668712841 0.10500051779449712 0.08733016693047446
0 0.6419181053212892 0.8769139086837111 0.08988485376405216 0.09937552586424729
0 0.3526115717094612 0.7257679119824163 0.12387253460041112 0.1674723079967011
0 0.22893930836358836 0.6660101302456741 0.11609452669174569 0.1297904515702104
0 0.35109944573946855 0.9190094466221523 0.11558519072219058 0.11729045157021041
0 0.2446000949411658 0.8391975776592494 0.10069501977166348 0.09656877461060631
0 0.3465393493526091 0.46156901966254826 0.14057987353571572 0.19448944906292792
0 0.2622770958925679 0.4475950993668617 0.1341096976422728 0.1506030567430599
0 0.46493393330781674 0.07304138024567414 0.12361786661563343 0.14608276049134827
0 0.5702116823192336 0.06680810062050298 0.12167336463846716 0.13361620124100596
0 0.8337316487445868 0.28626486196978107 0.10675401878308018 0.092063131037097
0 0.7742571951708148 0.11278790954164089 0.1119800296574951 0.1437165592503423
0 0.7725859017103363 0.302123194181377 0.13187603558899424 0.1723871285298145
0 0.882495459505271 0.17768783234460991 0.08382585475263546 0.10388116943775669
0 0.9804945842581251 0.42656795005387166 0.0390108314837498 0.10283549498543505
0 0.8842555721665718 0.3168639926111666 0.09651685574121842 0.10893238229073816
0 0.9753454985357157 0.40085489621380577 0.049309002928568546 0.09699467194503927
0 0.694882712965312 0.199572507192643 0.12913835475263546 0.1051996285298145
0 0.27168263490442224 0.23691601214070088 0.10726335475263546 0.10456313103709698