0 0.8289361379011234 0.6301009162493758 0.18580918061464224 0.23591188296032684
0 0.894068090766363 0.27434752997928014 0.11297797424624463 0.10643839867609248
0 0.9331142284983086 0.39991261021073854 0.12289510818516866 0.09444782092583334
0 0.9413250833494973 0.4718967721213973 0.11533769970043757 0.09720894789030403
0 0.7699433883601653 0.7464300835367181 0.19138975879399175 0.1707963052100677
0 0.7117000668487756 0.8433371627347193 0.14432356909549374 0.1281336162111038
0 0.9548697349367474 0.7519117578533736 0.09026053012650515 0.09444782092583352
0 0.8768626812428619 0.8549211337843872 0.1198657030344176 0.11454199710451585
0 0.7579696757828502 0.7046235731976358 0.2087048045516262 0.17315932588823219
0 0.49487948654339425 0.7709762034718755 0.16772911818710803 0.1479024607105858
0 0.11436409956035472 0.3999144168730575 0.16476361485312827 0.13064218610347983
0 0.33435850879399165 0.1774551817602537 0.15191292848861035 0.10669526385373888
0 0.17641833409840327 0.20667814722835037 0.15318838606495558 0.12232026385373888
0 0.33034043061464213 0.24264353411761858 0.17181084030732113 0.12163105913900915
0 0.23751558864033112 0.1161302299410081 0.11766547424624481 0.10665672249741003
0 0.49076839227387337 0.05321081472058044 0.10551641848667045 0.05316784946188073
0 0.3766258860649557 0.13272703266987648 0.09840529121570665 0.09953342721213972
0 0.471364688031508 0.053863632131757225 0.10366687606301603 0.068647300247669
0 0.2578434194047545 0.2984161910658786 0.12295875212603188 0.1333647717116218
0 0.27625716123898264 0.7242145576912671 0.11674070303441741 0.1143964478903042