0 0.573665749398522 0.878105215305023 0.20994553029369403 0.14289867349399685
0 0.19370463964561535 0.780528205134615 0.1007355510396184 0.09764781570031093
0 0.3046197514731145 0.8585460602974647 0.0876202444009226 0.1093287683452644
0 0.3791111886106413 0.8869965549652058 0.09062684523075966 0.10794827886860787
0 0.6814530933798817 0.8019360994070677 0.12469511452679143 0.16748987884037314
0 0.8108795616362953 0.7752510440183391 0.1156035344428787 0.12962585779368574
0 0.6618537562469993 0.9544612879000658 0.10637024440092269 0.09107742419986842
0 0.7795022749183312 0.9359841466915274 0.10026195435896632 0.09139781570031076
0 0.7131837323775752 0.5432205230422389 0.14233290041956295 0.19496243145709152
0 0.8026606294731458 0.5538765729575342 0.1280802236549981 0.15057539462538863
0 0.6330035993799445 0.13176010729957555 0.12121491701630234 0.16262036831702947
0 0.5342934122424176 0.10189903107592091 0.10921182448483506 0.1479208314853265
0 0.25292778091839396 0.23796054451244922 0.12223204274124866 0.11445588410204496
0 0.08596634648015944 0.2927937157285458 0.061176143571085626 0.10934417889684286
0 0.30173305643820314 0.2866934471009328 0.13130031203728051 0.17254139988706055
0 0.20748338112353099 0.14119966560148892 0.0903900468904335 0.10482327886860801
0 0.07729100872257702 0.3630684183734992 0.04988344606059656 0.10401964206513989
0 0.1906179576829586 0.27788832352223153 0.0935383576783142 0.08478379465362354
0 0.09255988859670816 0.3079559841443973 0.06131785352912935 0.0906851841585147
0 0.4169185033239923 0.20551060751133704 0.14282980788809568 0.1809909367187635
0 0.8118543402563821 0.3467389071442838 0.11214664772027057 0.10453485253201392