0 0.9292717923694983 0.48922349167840834 0.14145641526100333 0.06425452199532415
0 0.8254465373567715 0.11025988732408636 0.09320565467854473 0.09448555103961843
0 0.8767828653723619 0.22131486387886962 0.10552384134309065 0.0798077444009226
0 0.9003209100493159 0.29537932591150573 0.11024770401018139 0.08328794191141169
0 0.7570003607574505 0.61197759790683 0.15932155068427178 0.14164581618646538
0 0.6879969167727225 0.7298055605641661 0.13882723734881744 0.12448162697434614
0 0.9484172363741117 0.568389850806615 0.10316552725177672 0.08617614357108572
0 0.866657718769859 0.6951551055804999 0.11677042401336309 0.1071990385920639
0 0.7301378687539505 0.5882091337996014 0.1625556386855445 0.15125761452679143
0 0.48851453743631346 0.7222452047599516 0.13421246268299925 0.13037642946385689
0 0.0781379220639516 0.46558818858741946 0.1465306493475448 0.11569862282516112
0 0.2602487986950896 0.18983913692310103 0.11072041868236297 0.1239129419114117
0 0.11555446403563471 0.25397525974826224 0.13235906134627212 0.10525803029369403
0 0.30532548870145293 0.23333976057345485 0.16384541868236296 0.12793851369695447
0 0.16668915535486267 0.14610263754780098 0.09789315467854491 0.09484074855010749
0 0.4043607833386361 0.015527143771578291 0.10199885200509069 0.031054287543156582
0 0.3141817733529536 0.1208514159673952 0.100981792011454 0.09195254689043351
0 0.3560505526734542 0.025660082983697603 0.08651930267345423 0.051320165967395207
0 0.19948511604867955 0.343793853729622 0.15924882535009016 0.13539581618646537
0 0.23149237810308615 0.7425031182517691 0.14018974267981762 0.107412526144509