0 0.37297059475464717 0.476663764248958 0.17068871551297526 0.16003222948277784
0 0.8331899632537269 0.7476392665300687 0.10047139077317446 0.10065592306201392
0 0.7233778720055828 0.8180810127303466 0.08862648801421233 0.1128649823325695
0 0.6532767339459419 0.845462436742291 0.09306832654882306 0.10828658510611114
0 0.3330671325210323 0.7616206457078469 0.14955069990914288 0.17358558320625014
0 0.21130831920119225 0.7324624354111109 0.1222578595655099 0.1292537017473613
0 0.3868494725259811 0.9413977582650344 0.08788950361804462 0.0988024823325695
0 0.2539417972657819 0.8867492386977428 0.1104196008590826 0.11181162860909737
0 0.3654635526928488 0.7390182938842358 0.16130707146044046 0.18946515634451408
0 0.2141787709193575 0.5139124571626039 0.1387836182719372 0.1468048776591667
0 0.4586922472864665 0.06794664694211788 0.12324050542706697 0.13589329388423577
0 0.7518679579382017 0.24467988032152715 0.1030917797373263 0.15065592306201395
0 0.6692203115108178 0.06739040815065947 0.11345606965141819 0.13478081630131894
0 0.6822857982818348 0.20260278951583274 0.10309842378986112 0.1210047906531945
0 0.7790966005203984 0.09735028543177018 0.10227955223856355 0.10537979065319454
0 0.9230192616471034 0.3140442101093048 0.045947665083433974 0.10250805737069442
0 0.8072514987568045 0.23012576463020765 0.09348440637700657 0.08644795269729177
0 0.9161075203535306 0.2970385480652075 0.06593261646291496 0.09673083605604171
0 0.5843329771600786 0.1658678153513884 0.13820376413349428 0.1655185100679862
0 0.18958264190482815 0.29834266175975677 0.10688516508343389 0.10392639342673622