0 0.5151358749508239 0.7857445189359396 0.1794353997675689 0.24313289734428026
0 0.8339294336170141 0.7385957664018568 0.10564870248167466 0.10369769262201593
0 0.7283571407902657 0.8188650493829523 0.09703852698730664 0.11458065046753836
0 0.6572416114571704 0.8419258203619953 0.09739915990702759 0.09740224082661797
0 0.3367595026747646 0.7680399102300955 0.14842606436617345 0.1570499515990063
0 0.2130160000768746 0.7507983889564649 0.12480289406758571 0.13192268657189174
0 0.38070125476845157 0.932560952482769 0.11411676634364501 0.1131181444174139
0 0.25962928410154673 0.910618295670519 0.10666489926336586 0.09589428298109581
0 0.2892881950169805 0.5199796601318998 0.1558450804577169 0.19613972267624522
0 0.2018592508331792 0.5306404250608185 0.14184828243518827 0.15232609016268803
0 0.33308601558734025 0.10583080172064334 0.13490986758448215 0.1647806383672898
0 0.43303673910423673 0.07390461173090607 0.13392652179152656 0.14780922346181213
0 0.7193188105077757 0.1887053715916593 0.14824039406758568 0.13205904195808596
0 0.6464818800697294 0.0688655702637994 0.12044317599857095 0.13658291549465287
0 0.6725259379796149 0.24364285646634878 0.12800430372251165 0.15536927693097136
0 0.7629374065528329 0.10098720297374846 0.0963829631253363 0.10520565046753823
0 0.9252249670606087 0.2929332875772915 0.0455745799535137 0.048682939695149675
0 0.7910409911979237 0.23514403435583767 0.09819683540139543 0.08647383118569747
0 0.9001539112444099 0.28292702850210516 0.07563342055068958 0.09883747579950324
0 0.5810211350134079 0.17857691354974528 0.13933528763096845 0.1163885901626879
0 0.17196892708385172 0.32152450029458757 0.12036676634364492 0.11315450585373252