0 0.70390625 0.13984375 0.06875 0.2265625
0 0.16171875 0.81171875 0.084375 0.0890625
0 0.27265625 0.865625 0.07109375 0.10390625
0 0.34921875 0.890625 0.071875 0.10390625
0 0.6578125 0.7546875 0.121875 0.153125
0 0.775 0.7046875 0.10859375 0.1125
0 0.61875 0.94765625 0.06953125 0.10390625
0 0.74765625 0.86640625 0.09453125 0.1125
0 0.63671875 0.734375 0.134375 0.16796875
0 0.759375 0.4890625 0.115625 0.13046875
0 0.4859375 0.07109375 0.1 0.140625
0 0.21796875 0.24375 0.109375 0.109375
0 0.27578125 0.10390625 0.090625 0.1265625
0 0.26796875 0.28515625 0.096875 0.140625
0 0.1703125 0.153125 0.08515625 0.09296875
0 0.04140625 0.39609375 0.03828125 0.1
0 0.1515625 0.2984375 0.08046875 0.09453125
0 0.0484375 0.371875 0.053125 0.090625
0 0.37109375 0.1859375 0.12578125 0.1609375
0 0.77109375 0.253125 0.09765625 0.0859375