0 0.58671875 0.228125 0.1 0.259375
0 0.16171875 0.81171875 0.084375 0.0890625
0 0.271875 0.865625 0.071875 0.10390625
0 0.34765625 0.89140625 0.07421875 0.10546875
0 0.65859375 0.7546875 0.121875 0.153125
0 0.778125 0.70625 0.103125 0.11640625
0 0.61875 0.94765625 0.06953125 0.10390625
0 0.74765625 0.86640625 0.09453125 0.1125
0 0.63359375 0.7328125 0.128125 0.165625
0 0.759375 0.48828125 0.115625 0.13046875
0 0.4859375 0.0703125 0.1 0.140625
0 0.21640625 0.24453125 0.11171875 0.10859375
0 0.27578125 0.10390625 0.090625 0.1265625
0 0.26328125 0.2921875 0.10546875 0.15390625
0 0.1703125 0.153125 0.08515625 0.09296875
0 0.04140625 0.3953125 0.0375 0.1
0 0.1515625 0.2984375 0.08046875 0.09296875
0 0.0484375 0.3734375 0.05234375 0.090625
0 0.371875 0.18671875 0.12421875 0.1625
0 0.76640625 0.246875 0.08828125 0.103125