0 0.58671875 0.59296875 0.09765625 0.2234375
0 0.1609375 0.8046875 0.08671875 0.0859375
0 0.27109375 0.85703125 0.07265625 0.1140625
0 0.34609375 0.878125 0.07421875 0.0859375
0 0.646875 0.75390625 0.10234375 0.153125
0 0.775 0.7078125 0.096875 0.115625
0 0.6296875 0.921875 0.090625 0.09609375
0 0.74609375 0.87421875 0.084375 0.078125
0 0.675 0.48828125 0.11328125 0.1734375
0 0.765625 0.4859375 0.103125 0.134375
0 0.58984375 0.08671875 0.096875 0.146875
0 0.490625 0.071875 0.090625 0.14375
0 0.20859375 0.234375 0.05625 0.13359375
0 0.27265625 0.1171875 0.1 0.1390625
0 0.2625 0.27265625 0.1 0.16796875
0 0.1671875 0.15703125 0.07734375 0.09296875
0 0.0421875 0.3953125 0.03203125 0.096875
0 0.1515625 0.296875 0.08046875 0.071875
0 0.05078125 0.365625 0.05 0.08359375
0 0.33828125 0.21484375 0.0875 0.1125
0 0.7703125 0.28203125 0.09609375 0.1