0 0.0879516951759686 0.4684076367328808 0.09165542093374793 0.12991428413027997
0 0.12379600284259744 0.2298379603962868 0.09801183674699834 0.1053693104386391
0 0.22395489753857328 0.19255703925077736 0.08818181043863911 0.09701077886860801
0 0.30733581591207243 0.1472438102268776 0.09221686305535756 0.11281778939195171
0 0.6075794686417304 0.26820584151456 0.122055552475544 0.17061487884037313
0 0.7399068502541137 0.311188544018339 0.11325740514873246 0.12650085779368575
0 0.5891920316406183 0.09938024680446672 0.1041708314853265 0.10417083148532649
0 0.7048856500988221 0.14531364406069133 0.09544827886860804 0.08809080517696728
0 0.6450515636341724 0.5400500204114029 0.13353908404557516 0.18062691567207612
0 0.7393020925733675 0.5369165861117138 0.10966196828879457 0.14497784200867017
0 0.5747882113845072 0.9300944720938741 0.10882751038216938 0.13981105581225178
0 0.4757213798285935 0.9405318076666289 0.1085544945971538 0.11893638466674225
0 0.3955634429686557 0.9339310100998206 0.12301183674699834 0.10682539462538862
0 0.24767197453868678 0.9159105102409951 0.13420694198043534 0.13862142619541978
0 0.2497867533367076 0.7584697365634716 0.12179794724210717 0.13945588410204496
0 0.1653900955571393 0.8750587261107151 0.07328485253201386 0.1086007262518894
0 0.18565636390240361 0.7962812787274336 0.0682179209337479 0.1285492052052021
0 0.12955755332259017 0.7365730787839034 0.08947129465362354 0.09241428413027997
0 0.02362242661894279 0.6895322078360381 0.04724485323788558 0.09951415258848365
0 0.10354951919231033 0.8197195077513335 0.10160727360693614 0.08689232622365459
0 0.7459560980468009 0.7591479018826119 0.10435284200867016 0.10729583148532651