0 0.7311109783588947 0.4473572045403619 0.23103470282385138 0.1039819366867496
0 0.7873727209035543 0.8508873534847016 0.09142663354437933 0.08280459172016919
0 0.8460921545270761 0.7401368141174387 0.10834134890464346 0.07372960064862326
0 0.8599022534317193 0.6684663656595662 0.08972774122451135 0.07808981818121907
0 0.7444580760098968 0.3647356193130142 0.156125631037097 0.10579780681713329
0 0.7004844186463339 0.23734127637502883 0.11844377461060632 0.09889324188232518
0 0.9369494528903587 0.3845101513733812 0.1059437746106063 0.09867505357072241
0 0.8543535647271255 0.26816635673111244 0.11219377461060623 0.09878414772652384
0 0.48273096582248237 0.33359116476935713 0.18139841567683307 0.11560918344033873
0 0.4789587596334185 0.24832582061355574 0.1376484156768331 0.11484552434972928
0 0.07481565465842466 0.4131915211033183 0.14963130931684931 0.10264553327818296
0 0.062252812846663806 0.5199636724832901 0.12450562569332761 0.09302507142762995
0 0.25270821588898934 0.797782529624735 0.08701191818411554 0.09209777110331849
0 0.08444160068700998 0.7244972138791479 0.13388691818411552 0.09291597727182861
0 0.27155515578071715 0.7410512885531888 0.15612563103709698 0.10579780681713338
0 0.13505170295686558 0.8387194009729345 0.09575042069139798 0.07038641233702023
0 0.3690282346936078 0.9639587288933864 0.0993013180258309 0.03140573295387128
0 0.27375049010388414 0.853646745939515 0.0992391335443795 0.08294095941492116
0 0.3449686090667872 0.9580672390396561 0.09198892319868043 0.04845686525911965
0 0.17950169959165332 0.6542449894466932 0.08921091567683304 0.11400004464226861
0 0.26824858016653186 0.23683139285525984 0.09638691818411545 0.09226141233702041