0 0.5471528962634372 0.8714548453769126 0.13803574645662095 0.24132620373287814
0 0.9091667682258034 0.739277950493058 0.10042164065150558 0.10325345941492117
0 0.8093329485330226 0.8129393672943053 0.08841271397248329 0.11709777110331823
0 0.7403026955377978 0.8508854265470704 0.0915377139724832 0.11715231818121907
0 0.4091494100584353 0.7698941197266419 0.15282244355406327 0.17287621266133205
0 0.28326646713734427 0.7244061160731939 0.134980179126093 0.1538262037328783
0 0.4832565765706566 0.944488970782302 0.08770338584218215 0.09678527110331814
0 0.3439559743937384 0.8953265422099321 0.11530259618646851 0.1269364212654743
0 0.42530019971414906 0.7399066107981882 0.16079863466105587 0.17770008035608367
0 0.2606845950901601 0.5254601014626973 0.13944942431676957 0.1476580243497292
0 0.44954862141421187 0.07319421793963302 0.12722224282842381 0.14638843587926603
0 0.7486359405588383 0.1940899557680637 0.13556053248413757 0.12572847727182856
0 0.6619667758607156 0.06698819521310921 0.11428573320977709 0.13397639042621842
0 0.710620074586922 0.24712918101129736 0.13892363466105592 0.1773182508107789
0 0.7747767999073327 0.09200925852800723 0.10214783175849824 0.10796823295387141
0 0.9455332771266601 0.3032216737076967 0.05365576805616712 0.10556025324641087
0 0.8211483468194407 0.23347400974582322 0.09907739546082901 0.1094761858759707
0 0.9312425986335391 0.27454724878877457 0.05946925843752027 0.09316934740221221
0 0.5865526028098904 0.1640866302799487 0.14657244355406326 0.17276711850553056
0 0.2010640253125615 0.2732214914785834 0.1193006154237622 0.1519909683433748