0 0.09669720851790164 0.6254947233281609 0.10206075262089365 0.13734024545807202
0 0.16582223859357473 0.8444522752947133 0.10680880937615385 0.11441292848861018
0 0.2702396283222569 0.852249186654382 0.0952705320782579 0.10414510818516831
0 0.3591123612033938 0.8721952827115789 0.10262195712440043 0.12184279121570682
0 0.6393271946382411 0.671351162398439 0.13601425046142523 0.1820786606107628
0 0.7648266448228112 0.5927163661817625 0.12383562307124425 0.13756338606495558
0 0.6448693885012897 0.8395431819432764 0.11139617982650449 0.11323306576151389
0 0.7531813386858598 0.7623113890605797 0.10258238433001132 0.09697033697334127
0 0.6388310510520476 0.40016168861123613 0.14755252775932134 0.1923464809142045
0 0.7328511613233655 0.3761664660319813 0.12181204811738695 0.15449579454968648
0 0.5144747077427093 0.0595750799912715 0.12095045496493206 0.119150159982543
0 0.4128621429678846 0.0633296921143939 0.12075019586563354 0.1266593842287878
0 0.3368713394518269 0.09140741044158496 0.1303464389258032 0.11788861485312827
0 0.1924612029623473 0.1498253015075104 0.1433866594684389 0.15159393515657005
0 0.21692337754706453 0.3017067948395506 0.13234902991878955 0.14913861485312835
0 0.11688140962532242 0.21350490635869904 0.08357156847545247 0.11562474212409227
0 0.14821295034145365 0.2824463539331047 0.07852312307124434 0.1338645590935541
0 0.10073837060723419 0.3562663622680544 0.09643251387966063 0.09802265394280311
0 0.014296630167958162 0.4297354263625784 0.028593260335916325 0.1025189642443051
0 0.053862173043557726 0.2994740993911768 0.10304345928386878 0.07991038273097573
0 0.7085880482742704 0.1605413370940274 0.11139617982650449 0.11323306576151389