0 0.4925835317557583 0.7986829673395743 0.14905948491686266 0.26003552768032884
0 0.8288048910423672 0.7140918141463632 0.10186813861970415 0.09763368676785796
0 0.72316154239942 0.7877295854009014 0.10855518119435104 0.10413835475263547
0 0.650773090169847 0.820282100229649 0.09583665990702758 0.10050401878308043
0 0.3419551010656103 0.7580791664647217 0.13189412822814398 0.17052735870696817
0 0.20865628200785977 0.7370238616355367 0.12313113342392404 0.13433519072219066
0 0.37168688768817254 0.9344851575674731 0.12072739926336577 0.09996019072219084
0 0.2527619250670393 0.8972636832706357 0.10499313861970413 0.0977610207602467
0 0.28945208598247313 0.5062566812934695 0.15261081981405517 0.1994163626613009
0 0.20218703276416444 0.5176026995822581 0.14017652179152656 0.15528436068413445
0 0.3396091671964946 0.08977217684484509 0.13334736758448215 0.16902852570316254
0 0.44246636942606765 0.06632404247189545 0.13069226114786478 0.1326480849437909
0 0.7305458876112979 0.16966267631337245 0.13083437278026225 0.13309102570316256
0 0.6525679891042367 0.05999381148353104 0.1206616972858944 0.11998762296706209
0 0.6799013954049681 0.22547893619920417 0.13291032500983527 0.16277852570316256
0 0.7703674943000168 0.07923133589519303 0.09314870248167466 0.10662668479069153
0 0.9143913738655431 0.2922685522833651 0.05408620248167466 0.1050350098858317
0 0.7952368183014459 0.2137681619789164 0.10030563861970414 0.09757001977166349
0 0.9045300548077926 0.2661835547548231 0.0677116599070274 0.09935801285158127
0 0.5896148850134079 0.1574876229670621 0.13555472376899794 0.11147069368794008
0 0.17451477287680733 0.30060354197760386 0.12313113342392401 0.13433519072219058