0 0.1204819269586453 0.6249615548291851 0.09520601006798621 0.13344385277546902
0 0.19487794244187429 0.8490582880232711 0.10091049620027785 0.11026102076024671
0 0.2991472151432979 0.8627613492782469 0.08975479065319458 0.10044035178688589
0 0.3867738485020478 0.887289163993264 0.091608231382639 0.11300401878308008
0 0.6658106511230896 0.7026462726630509 0.12740156743868064 0.17534219269935694
0 0.7892312737482633 0.6312739969598884 0.11544577488562506 0.13114652372599628
0 0.6743647674799993 0.8716681866934959 0.1055252610179167 0.10732702174883002
0 0.7813791401051728 0.8009644144503744 0.09734908510611114 0.09138368676785795
0 0.6580761119885066 0.4313442756288005 0.13692203780340292 0.18197419467652334
0 0.7514267216959023 0.4111498393552342 0.11264808320625015 0.1450816897336075
0 0.5239446866453819 0.06891782532369548 0.11301175911805572 0.13783565064739095
0 0.42318162044097213 0.06978329420191601 0.11137652393569457 0.13956658840383201
0 0.34881674686586794 0.10364367585626191 0.12431162860909736 0.10965352570316256
0 0.20479333672163183 0.15478170600804875 0.13921058320625013 0.14616402866891204
0 0.23958329796829836 0.30322186460128614 0.10912303970326401 0.1277668557412186
0 0.13160910343913174 0.21396038783299076 0.077545731382639 0.11243101581733077
0 0.1642748266536456 0.2859972139167141 0.07173214247680568 0.13092634783255325
0 0.11752580680201359 0.3495623068063515 0.08928201196784728 0.08012785178688589
0 0.02687647055534705 0.461976076578015 0.0537529411106941 0.11035917984777566
0 0.035988785334860975 0.369470241597043 0.07197757066972195 0.08293451680591399
0 0.7234511113229165 0.2046743462753164 0.10716049620027786 0.11051568874502424