0 0.37206798106406047 0.5638759448077197 0.14002607806243947 0.16805234496658022
0 0.8464533400644921 0.18133876542786606 0.09742042154477701 0.09544095941492108
0 0.8885504573545429 0.2993660166456821 0.10983860831306061 0.08159664772652384
0 0.8999106590517453 0.37183135187302974 0.10517837939029917 0.0862023271096728
0 0.7391423724564123 0.6723240499238651 0.16956813231716553 0.14357054220663662
0 0.6804218783101449 0.785860444403978 0.12565450585373233 0.11468188311602727
0 0.9366804477883773 0.648561447246647 0.10984769867214013 0.08315914772652384
0 0.8420633602579681 0.7697563831226178 0.1209306444174139 0.10835006249917604
0 0.7248707941975812 0.6366320117744181 0.18523858411256366 0.15165577759614024
0 0.46456052897407474 0.7489991927791249 0.14293290944452863 0.130606892044481
0 0.07600098126045221 0.4393431436693341 0.1475385962128121 0.11662621266133191
0 0.32922038826909394 0.1825538068204286 0.1489738311856974 0.09477848620028233
0 0.13184593940056208 0.23444140949764664 0.13809996369925476 0.10552507142762993
0 0.2670612767345796 0.2422384983784422 0.10368860226293633 0.09867505357072241
0 0.19063461123992673 0.1326237650175337 0.1021079215447771 0.09552278003177211
0 0.43926248789975164 0.026711135554954468 0.10178066861791084 0.039272780031772106
0 0.32810734016268783 0.12553619358990378 0.08333065046753826 0.09050799756436803
0 0.42053066861791083 0.03034138048017196 0.0956579336450254 0.06068276096034392
0 0.2121015868430382 0.33070670901117927 0.15542381908544903 0.12926258035608368
0 0.24572417056281842 0.7379737382321725 0.10058178298109555 0.10174550649282174