0 0.37594930801956467 0.12901831684595386 0.13487479991529536 0.08981699980360826
0 0.14212106861349555 0.20144834963065766 0.1053693104386391 0.09276928298109555
0 0.11254071345064573 0.3070534550168519 0.09710178413027984 0.08491133118569749
0 0.07762041090451441 0.3970699218393646 0.11161931043863911 0.09280564441741398
0 0.2263562295885971 0.6726733889564651 0.17070588410204496 0.11501698770335977
0 0.27927756128568515 0.7965421601318997 0.1313703683170294 0.11010222872636924
0 0.05407170591107381 0.6807045784552229 0.1074778420086702 0.10215337334017516
0 0.12881482970153663 0.7919506297830827 0.12640985253201392 0.10538745764913049
0 0.4808162164344175 0.6750979104264874 0.153138952503779 0.13522040339440444
0 0.5023279244116299 0.7616621243221339 0.15186487884037306 0.11334540339440444
0 0.8894239189381965 0.5383912333225653 0.16427387357870132 0.11185562626704133
0 0.8986462714702104 0.43368555260440617 0.15591534200867016 0.10243517447164333
0 0.8868357871846388 0.3548747513747421 0.1739218893637169 0.116597668421519
0 0.8381392239034022 0.22551450430160833 0.1437793630553575 0.10861245159900638
0 0.6803344291791916 0.23970933538910993 0.138909852532014 0.10546018052176753
0 0.7955715632812366 0.1250150554330765 0.10849431043863902 0.09278746369925477
0 0.695578539533126 0.05843206431187107 0.11733868942018652 0.05691359621281209
0 0.6494778132812365 0.12586500400702075 0.10849431043863902 0.09278746369925477
0 0.5745148816123834 0.031801907499621064 0.10180469468185845 0.05838519262201591
0 0.750639952927302 0.3064650433328281 0.11060284200867017 0.10217155405833438
0 0.7161930033367077 0.7369883354873058 0.09837585779368574 0.1067863311856975