0 0.07013548525413832 0.6333091521907507 0.1162188410815747 0.11281937418757337
0 0.13787540184623345 0.854313173294069 0.10277164772027048 0.1001011858759707
0 0.25354702342199487 0.897010962254295 0.0930181394219007 0.11553527110331814
0 0.32929238462479404 0.9194547524323367 0.09841603444287887 0.12499209172016953
0 0.6198968416830526 0.749295805596022 0.12829371120744354 0.16920574188232518
0 0.7450646302751165 0.6357026842478224 0.13063653859206373 0.11775233603812651
0 0.6045524937530008 0.9414696688265469 0.0896563410815748 0.11235572402541756
0 0.7270679564103368 0.8732026842478223 0.10061715186945541 0.09226141233702023
0 0.6867659555851443 0.6824043603845604 0.16075101369695446 0.16509098620028234
0 0.7254294043450331 0.4922021002382907 0.14169243776222692 0.1195057508107789
0 0.4275553923216858 0.08725590705871934 0.1292642153566284 0.1614205154212755
0 0.21339688132402362 0.15705238960884896 0.09780072780418311 0.13746481818121903
0 0.21958491389280277 0.3128347853067779 0.12639932448483515 0.14420574188232518
0 0.1156096541445405 0.1983710905023534 0.10312684523075957 0.10478868587597075
0 0.014224752899785028 0.44351422077900676 0.028449505799570056 0.11186480032431163
0 0.1078419304895423 0.3421756375802541 0.10338695435896632 0.08762845941492108
0 0.017894665867148878 0.3904710413958578 0.035789331734297755 0.09621252678536116
0 0.295698973230791 0.23749959455954314 0.12486013527271585 0.12389324188232517
0 0.27119772593008334 0.14789162378053639 0.10525803029369403 0.1329136858759707