0 0.4569226865718917 0.13953604929788754 0.1270442890312197 0.08944535956550989
0 0.21801472267624522 0.1535698145630355 0.09582156010845858 0.09249511646291486
0 0.17561866529826112 0.24975541779696733 0.08953519867214013 0.08591756784239583
0 0.13001124950902068 0.33093349672063965 0.10365224082661784 0.09602955223856365
0 0.2403639839909267 0.6389684040021575 0.1600022347764936 0.11616498982323478
0 0.2762929145126942 0.7736233649925768 0.12092155405833438 0.11099281094499087
0 0.07068274306611301 0.6043023976705794 0.1005636022629363 0.10211577792830404
0 0.1284366766129426 0.7315100288328152 0.11308178298109554 0.1058958751693421
0 0.4804986254814745 0.7015380823145743 0.1491647287263694 0.13277927973732648
0 0.499784956667172 0.7947082281761313 0.1412431444174139 0.11361984396167771
0 0.9083145532727673 0.6708501628201263 0.1537067829810958 0.10802494120271575
0 0.9287209394005622 0.5689125265695077 0.14255812119887565 0.10136550542706697
0 0.9188914214465811 0.41217120363872917 0.16221715710683782 0.10234815128862391
0 0.8994106893023662 0.3486066706220424 0.13495678298109545 0.10704229534115868
0 0.7414981953524904 0.32314856795393754 0.12871587334017498 0.10827724672063965
0 0.8683192497054124 0.2399786210970123 0.09894656010845856 0.09265889077317438
0 0.7251868732419793 0.20436094640264 0.09894656010845856 0.09265889077317438
0 0.6620550932859459 0.09249171019744992 0.09404089149054773 0.054913229307785125
0 0.8029083940246305 0.4075921670039978 0.10056360226293641 0.10211577792830404
0 0.7123849506170477 0.8230323812737776 0.08809087334017515 0.10614818068726599