0 0.8314882901113743 0.6013044511041576 0.2978385780624393 0.17599210344286256
0 0.8868040666495622 0.22288678522490848 0.10842155405833438 0.10845239546082903
0 0.9103092234618121 0.34469729783878017 0.12085792154477701 0.09795140507947586
0 0.9145376603282914 0.4234398567317877 0.12243860226293642 0.10113096878180668
0 0.7004968444642963 0.695704270248784 0.18062380698520056 0.1672123257680484
0 0.6038576729195192 0.7928099379421316 0.155496541958086 0.1444643065307547
0 0.8965178715916593 0.7013565256062616 0.11773292154477702 0.09784227767481415
0 0.7849894982514842 0.8067930484717524 0.1335215480082102 0.1265129146981227
0 0.6811337661072692 0.6674800665279197 0.1869283491396784 0.17680558057737183
0 0.4183065131804029 0.7328967685195036 0.15397040339440443 0.15065974282842376
0 0.08765751864135193 0.3726438371159758 0.16484427088084713 0.14010418874473984
0 0.3295369881943392 0.148616026957024 0.133621541958086 0.14370041469812275
0 0.17550801834676433 0.17508430163661332 0.1475749576491306 0.12544148801910043
0 0.35966939490839334 0.20536453476157232 0.17896131303532475 0.14997026206571756
0 0.24946821399384236 0.08267605762706307 0.113118144417414 0.11017858656782162
0 0.5123227379979475 0.022057260757364194 0.1065954336450254 0.04411452151472839
0 0.3962250393258073 0.09785956960796263 0.11466246369925485 0.10710815027015248
0 0.4849744428184076 0.023638363524845614 0.0988011143631848 0.04727672704969123
0 0.23344726249303188 0.2855381627992062 0.18214994554888214 0.16101688947037926
0 0.16629001610726918 0.6854588064459367 0.15855790944452863 0.13363593393541642