0 0.913248718730088 0.5094695467285032 0.08624767735518084 0.16486732878371627
0 0.8904271947008165 0.292898476836127 0.09963746801399935 0.10770980024766903
0 0.7872289220241807 0.21469424007069335 0.09042610001590816 0.12133565260503384
0 0.7170885973504083 0.1591120200544827 0.08917268268618095 0.14782537799792803
0 0.4049254993634531 0.24061446132975828 0.12385676535645355 0.1759889193542569
0 0.2611760467059073 0.30107031017246644 0.1297431386855446 0.14503001778268027
0 0.459148280673136 0.06901559718556914 0.087046561346272 0.09931510339082214
0 0.320676674013363 0.11331990715314784 0.11397268801718105 0.13180227171162176
0 0.3156817333704528 0.2879924214211715 0.17378404002227174 0.17206770678164424
0 0.2475873560629971 0.4753425641014079 0.14077154535327183 0.1533519400324213
0 0.44976221479149425 0.9283005901562558 0.12687267735518085 0.14339881968748855
0 0.7383332714433132 0.8441056042148825 0.12970677601845376 0.14190501778268044
0 0.6615445994589033 0.9400172440018894 0.11419086401972649 0.11996551199622126
0 0.6957094194382225 0.8046406898230243 0.11698860001590834 0.12257282092583352
0 0.7745258574554035 0.9348055328747643 0.10123633068109025 0.1109075748547749
0 0.9400492180935413 0.732472553138644 0.049673830681090436 0.10850601282028158
0 0.814313968769859 0.7976715599630694 0.09792951734563574 0.09513702564056317
0 0.9316463720957684 0.7484785427995617 0.06677042401336308 0.10149403349844607
0 0.6102719061107222 0.8436068364322022 0.13116018801718105 0.13260279238978612
0 0.634763923456358 0.9353234555387899 0.09355110001590852 0.1214812018192454