0 0.50234375 0.825 0.06953125 0.26640625
0 0.16171875 0.8125 0.08359375 0.0890625
0 0.26484375 0.865625 0.071875 0.1
0 0.346875 0.878125 0.07578125 0.084375
0 0.6453125 0.75390625 0.09609375 0.153125
0 0.775 0.70703125 0.096875 0.11640625
0 0.62890625 0.91796875 0.090625 0.0984375
0 0.7453125 0.8765625 0.0875 0.08203125
0 0.67578125 0.4921875 0.11328125 0.178125
0 0.76171875 0.4859375 0.109375 0.134375
0 0.5890625 0.08515625 0.09921875 0.15
0 0.4859375 0.06953125 0.10078125 0.1375
0 0.2171875 0.23828125 0.11875 0.1125
0 0.27734375 0.1046875 0.090625 0.125
0 0.26640625 0.284375 0.096875 0.1390625
0 0.16484375 0.159375 0.071875 0.09296875
0 0.15078125 0.28828125 0.08125 0.071875
0 0.04921875 0.36875 0.046875 0.0890625
0 0.34765625 0.203125 0.11640625 0.0859375
0 0.7703125 0.271875 0.09609375 0.0984375