0 0.40761476493796955 0.8962169907284221 0.10125720506402769 0.20756601854315598
0 0.786732702503779 0.13890654400118946 0.10444384727034191 0.10369769262201593
0 0.6660260893778343 0.10462192671113849 0.09570588410204497 0.11458065046753818
0 0.5856560499152954 0.09243956839807799 0.09570588410204497 0.11458065046753822
0 0.3161079313159173 0.2783078489432866 0.1568855787839034 0.17272949375348406
0 0.21404417335282236 0.3495647045258726 0.13393392619541977 0.12729881908544902
0 0.3101100183452643 0.08146466520006526 0.09258088410204497 0.11456246974937898
0 0.20278961298477044 0.18314936416679298 0.11987142619541977 0.12721700585373247
0 0.3420634865634717 0.2948595446885605 0.1719491366622937 0.18999880698520058
0 0.27844612052434237 0.5569004815550398 0.14467400512049755 0.1507908612399266
0 0.6418833491247191 0.9226254755049155 0.13253802616718496 0.15474904899016906
0 0.858966620383168 0.7086650529781798 0.12254139988706073 0.11942268657189174
0 0.8393961149803217 0.8553764265147468 0.11912797355046649 0.14127041549465283
0 0.8047117598880591 0.6755480259490128 0.1293220209055132 0.15538745764913067
0 0.9308408913592683 0.7895246884186035 0.10618835779368574 0.10683178298109546
0 0.9847900418816133 0.5282968178089028 0.030419916236773405 0.10500566256778647
0 0.9152551467621144 0.642608781802745 0.10306335779368574 0.10681360226293642
0 0.9809215892366598 0.5532786370907437 0.03815682152668032 0.09882838544042372
0 0.7270711492517761 0.7906821465587134 0.16202810509226245 0.1805692648307229
0 0.3237109308218071 0.7977072887366321 0.11923438936371689 0.11627950585373252