0 0.41015625 0.8908854718618496 0.125 0.08561509618646852
0 0.1765625 0.8264781983633867 0.09375 0.08921132213985139
0 0.14609375 0.722289206167935 0.0875 0.07961806733052797
0 0.109375 0.6311632091631599 0.1015625 0.09573414065150558
0 0.25390625 0.34792910162876406 0.1578125 0.11644843393541641
0 0.30625 0.22553823565684775 0.11875 0.107271841377145
0 0.08359375 0.3513566580747008 0.0984375 0.09875001324684388
0 0.153125 0.23737849282842385 0.1109375 0.10231152286549075
0 0.521875 0.34400552657850586 0.175 0.12798613466105585
0 0.528125 0.2512550313878293 0.1390625 0.11110616950744615
0 0.91640625 0.4640328614170469 0.1515625 0.109980179126093
0 0.9265625 0.5675125254821974 0.14375 0.09095736061443879
0 0.72421875 0.8385715260303517 0.0875 0.08430556733052796
0 0.86953125 0.7756772003471213 0.1234375 0.10431053248413776
0 0.72734375 0.7668056534350134 0.1328125 0.10151291469812271
0 0.8265625 0.8773016985330226 0.0984375 0.08937501324684405
0 0.68203125 0.8824108060674185 0.0953125 0.08926588584218251
0 0.60546875 0.9757825277172232 0.0921875 0.04843494456555355
0 0.76875 0.6948140915467811 0.10625 0.10214783175849824
0 0.7421875 0.2681052586071565 0.0953125 0.10489088584218216