0 0.49765625 0.8125 0.07421875 0.24140625
0 0.1625 0.8125 0.08359375 0.0875
0 0.271875 0.8640625 0.07109375 0.09609375
0 0.346875 0.878125 0.07578125 0.084375
0 0.65 0.7484375 0.10546875 0.14140625
0 0.775 0.70703125 0.096875 0.11640625
0 0.62890625 0.91875 0.090625 0.0984375
0 0.7453125 0.8765625 0.0875 0.08046875
0 0.67578125 0.4921875 0.11328125 0.178125
0 0.76171875 0.4859375 0.109375 0.134375
0 0.5890625 0.08515625 0.09921875 0.15
0 0.4859375 0.06953125 0.10078125 0.1375
0 0.21640625 0.23984375 0.125 0.1125
0 0.27734375 0.10546875 0.090625 0.1234375
0 0.26796875 0.28359375 0.09609375 0.1375
0 0.16484375 0.15859375 0.07265625 0.09296875
0 0.04296875 0.39375 0.04140625 0.096875
0 0.15078125 0.28671875 0.08125 0.0765625
0 0.05234375 0.3546875 0.05703125 0.08203125
0 0.35078125 0.20234375 0.115625 0.09296875
0 0.7703125 0.271875 0.09609375 0.0984375