0 0.8442725467456782 0.5966498668773822 0.2656624573519991 0.14210922808260734
0 0.7424400634547672 0.9073089029982342 0.1074317866804538 0.10341710064862326
0 0.810081002108495 0.8131964387120492 0.09800224267981754 0.09856595941492116
0 0.8467537514321772 0.7427572536468574 0.10107269867918127 0.09393300649282174
0 0.7844601000556792 0.4237657459362197 0.17178518801718107 0.1295353157455871
0 0.7625658240372256 0.2874736899298652 0.13419428134945388 0.1210682508107789
0 0.9546891420273624 0.4791232219902322 0.09062171594527513 0.1204136858759707
0 0.9242487587125888 0.3543453644417503 0.10119996801399936 0.10487050649282174
0 0.5327152393777708 0.33657584293469006 0.19858404535327168 0.1503114659077429
0 0.543443106699544 0.25162414447681763 0.15628745735199914 0.14020008035608367
0 0.11629989871099797 0.3285261948044245 0.16869655068427192 0.13260576866768634
0 0.08149873205758826 0.4255551534085667 0.15459768801718105 0.12923530681713333
0 0.19916113609958633 0.7369211217519414 0.1310329186823629 0.11788870373287814
0 0.07691287141945058 0.6355886724832901 0.1404442813494538 0.12117734496658024
0 0.2548747867599957 0.6918092191541537 0.17342041335136285 0.13581258928453738
0 0.10568385610276801 0.7587222094149211 0.10728633601209037 0.09091710064862309
0 0.3178309621259942 0.9334842504037418 0.10528748400699968 0.05338982710967279
0 0.24524634277526774 0.8041183043815014 0.1183692866804539 0.10360801542127547
0 0.2918951707908579 0.919752987011061 0.09918293467536321 0.06578073295387128
0 0.18259015941276907 0.5882245231319132 0.11246473201781737 0.1331864212654743
0 0.339727213359317 0.19729733441327343 0.10906701201463571 0.10969437418757347