0 0.13317884217421877 0.43377443043804637 0.24408027210332378 0.13557613912390726
0 0.18935726365703953 0.804043371771856 0.09794941818411554 0.09728989926336595
0 0.13911791976696114 0.6916961910817081 0.11008570533113407 0.08566398441265974
0 0.11273962470238379 0.619170981058465 0.11821645407749282 0.09714778763096846
0 0.2637492290838105 0.3205263954049681 0.16554609514371962 0.11605060694082044
0 0.3664075646606187 0.18965917163597007 0.1205973079967011 0.1253820482746301
0 0.07183451372354656 0.34334045457536144 0.1099947771178887 0.08253898441265975
0 0.1566150275136001 0.21685472820847346 0.13108016693047428 0.11052187278026224
0 0.33824311223247844 0.24407887386554306 0.16373955423577743 0.16114458565349699
0 0.5351492044732042 0.20447615244233358 0.1395746285298145 0.13450567599857094
0 0.9305526326864495 0.47917695959591455 0.138894734627101 0.12008254307885018
0 0.7575616943775675 0.7455224974789846 0.12077916442319178 0.1316320482746301
0 0.8999932352855098 0.690158018262105 0.13723923871722904 0.10783391535490913
0 0.710885271178887 0.701816056145175 0.17068823620994636 0.1320033888718058
0 0.8474796522159839 0.7955992711120965 0.10268238229073816 0.09918018119435104
0 0.6007303358395056 0.9247997240979741 0.10242631802583091 0.036789441838012846
0 0.7024172048024087 0.8143542609726377 0.09785848997087002 0.09416489926336587
0 0.6240314435196376 0.9184733144430481 0.09547763605166182 0.06593063861970413
0 0.8094615120076869 0.6189874946289929 0.11466555674305993 0.1358825056999832
0 0.9076466109123302 0.6841429650437962 0.18103470282385176 0.11245571337743776
0 0.8718538634196127 0.6647263295261853 0.1234949874635877 0.11778806956195353