0 0.5294279678937878 0.847563254090128 0.23127141535490914 0.14083090314042082
0 0.11551646731271017 0.2288189849563052 0.1005241599070276 0.09960284639736088
0 0.22786328402467215 0.1671122583132702 0.09046074505632147 0.11178459765100213
0 0.2984160846450908 0.14333142900466816 0.0916954631253363 0.1071425617576248
0 0.6150247944162324 0.25039874907556314 0.1493001495154674 0.17275084138279598
0 0.7353319405775051 0.28756143144544366 0.11967835149293879 0.1282279515702104
0 0.5677066700464862 0.06505463097058994 0.08646165990702759 0.09919366943775673
0 0.7001096246218477 0.13075149030007455 0.11466306956195353 0.12340405925034234
0 0.5740338076577841 0.2656456643566848 0.15729831981405518 0.19793269780928666
0 0.7254495701430314 0.507251805818623 0.13806771857321784 0.14591555674305995
0 0.4655679276649294 0.9350128121533363 0.12411447921687965 0.12997437569332745
0 0.17833499747898457 0.7410582236735342 0.10256726114786482 0.15111988229073817
0 0.2538873824923924 0.9256581956977156 0.11273993664223267 0.1405006310370968
0 0.24110279524941158 0.7726324840983754 0.11898993664223267 0.1406824874635877
0 0.14708000761844317 0.8857569582341279 0.10085194183801276 0.10429034639736087
0 0.01889302157786231 0.6523952257851052 0.03778604315572462 0.10453438730530315
0 0.12366392297335241 0.7504272119950516 0.09485331411407194 0.08540395407749272
0 0.02616743110673756 0.6752787963182186 0.05233486221347512 0.09722199247815269
0 0.3374589891811113 0.8388461689755383 0.15278578243518828 0.15569973370266404
0 0.7414577103522192 0.7261298379510766 0.10699268119435104 0.10290970282385174