0 0.5098365089335699 0.4302405287060932 0.19775582654882307 0.11408104053191015
0 0.7294707417478581 0.9003288301124183 0.10178822930778501 0.0976973537640525
0 0.7998009311415514 0.7982835104544854 0.11535940637700648 0.08889535672980173
0 0.8372433774326498 0.7262148508726648 0.11848440637700648 0.08902269072219049
0 0.7506595827688596 0.406387829123835 0.17373847241038015 0.13181236859279988
0 0.6871846602221938 0.2730540642950874 0.14076219810012064 0.12735036167271768
0 0.9292482502271426 0.46455445068238443 0.10105124491161739 0.08363485376405215
0 0.8760933519907365 0.3285095213289003 0.12892393939369312 0.10971719269935694
0 0.6526624960432711 0.34915630786929674 0.14856140999505119 0.1869163626613008
0 0.5037956281100182 0.2616669422422464 0.14577724672063966 0.13379136266130087
0 0.06340964552287275 0.4725554323192336 0.1268192910457455 0.12011086463846717
0 0.18738281829668108 0.771763547946284 0.11502521370395287 0.11226918973360736
0 0.05965114145257257 0.6854374342963999 0.11930228290514514 0.10872769566510651
0 0.2336713201057034 0.7251087238397269 0.17826219810012062 0.12887836958138302
0 0.07883665592678069 0.7963086087069682 0.10655761646291487 0.09945085475263546
0 0.29511235187919477 0.9570073226608633 0.1034459045679843 0.04007585475263546
0 0.22234763851392617 0.8366046393530466 0.10943695499752559 0.09489068874502422
0 0.27590865049971375 0.9499614852084335 0.09866987336031982 0.0679461867678576
0 0.14445941316286992 0.6048187870718691 0.17299484396167766 0.1473737015966055
0 0.295359008367743 0.22029123125410072 0.12127521370395292 0.11252385771838495
0 0.11362773575496417 0.8196479496194392 0.09356629353213633 0.08956651878308017