0 0.5113686814570917 0.145721794001701 0.19801183674699843 0.10671133538669526
0 0.8804082518543771 0.8462699533423461 0.09121580517696729 0.0936260036281971
0 0.7772069281203839 0.8949033715838478 0.07953485253201382 0.10725199400955035
0 0.6976027281062666 0.9069370909138088 0.08193181043863902 0.09486112141421188
0 0.38058328612583125 0.7648834778522995 0.1314305524755442 0.16831846878180662
0 0.26043811512149617 0.7100099501774852 0.10838789462538863 0.12073414065150559
0 0.41833943331146867 0.9520225907865818 0.09828485253201383 0.0959548184268364
0 0.2981641702278762 0.8758358468194405 0.09746580517696728 0.09384425843752027
0 0.41439757302812136 0.70291175670824 0.1453866366622938 0.19375497840045347
0 0.2687001232257654 0.4904340601589518 0.1251049577654509 0.14002977767481414
0 0.5282684841443973 0.08783737213200213 0.10809946828879458 0.14255457694917478
0 0.8164264497317688 0.3099678655933982 0.10353379465362371 0.09093751324684388
0 0.7360578683170294 0.13485624898850967 0.0997409367187636 0.13290675843752053
0 0.752181939208425 0.30460575379783306 0.11151289462538863 0.1208432680561673
0 0.8451745340596928 0.18778533074700787 0.09148882096198285 0.09831350362819702
0 0.9818455943571575 0.43269358137998004 0.03542083148532669 0.09947421034428619
0 0.8692175207643388 0.33286221777031644 0.08836382096198285 0.09820437622353531
0 0.9745585616834699 0.4129986402729875 0.050882876633060195 0.09387897477225646
0 0.6744671919098482 0.2286037597882829 0.11409186305535748 0.11157739546082904
0 0.2515449023767221 0.27620786905195926 0.09746580517696728 0.09384425843752045