0 0.3849612733687608 0.4692524525111347 0.10197353060296184 0.18147572930778505
0 0.8071296416467793 0.1229208485998344 0.09506425103345739 0.1000619549975256
0 0.6959952425564019 0.0827639173467414 0.0862714478903042 0.1120706320667471
0 0.6213955028954842 0.07810075079296949 0.08561647642635144 0.0980081320667471
0 0.34569337386409876 0.27491595432015703 0.16948636228216235 0.1585162641334942
0 0.1956013285788285 0.30148617763504837 0.11036391935425689 0.1273614393936934
0 0.33380776571576576 0.05112154709441015 0.10821922249741008 0.1022430941888203
0 0.22006628928941424 0.1443354189286211 0.11007282092583344 0.1211114393936934
0 0.29776948842257267 0.483953439620836 0.14590762117350248 0.22118668249628842
0 0.21740774628045556 0.5193387409548885 0.13162248924663303 0.14873847241038013
0 0.46335152316387307 0.8610504488930901 0.1261045434232436 0.23105964947960161
0 0.5044281333791207 0.899423552127022 0.10982026385373889 0.14915455223856355
0 0.77669920140947 0.6591449536427886 0.10443925103345712 0.10055327792830404
0 0.7083194208065081 0.838860109115284 0.10640416542531543 0.14274077792830403
0 0.7187240355698699 0.6489344719601542 0.12163105913900925 0.16847776232447204
0 0.8148091693587661 0.7779458632991555 0.0952825748547749 0.10474945499752568
0 0.9345930922276796 0.5152643995952026 0.0355437018192454 0.09382524310259513
0 0.8301709578196108 0.6321829839459419 0.09223034946188058 0.10614818068726599
0 0.9316114873891154 0.5458150367503324 0.05749147642635144 0.09653416327441153
0 0.6350146615008831 0.7561947732942068 0.1231892510334573 0.10153592378986112
0 0.2136876251069531 0.7330736923343695 0.10138702564056316 0.10195200361804453