0 0.47968554036885414 0.09236736323382012 0.1292537017473613 0.11783415665497754
0 0.2425849306614582 0.11290555438479663 0.10381729065319456 0.09864778003177212
0 0.1683096696435415 0.21728513717651224 0.11766158510611117 0.08951824188232516
0 0.1307538118360067 0.2874436785723701 0.11453658510611117 0.08946369480442443
0 0.2093814260087148 0.6000061339301015 0.17155030452090286 0.12325804220663664
0 0.2779469752112841 0.7409390511383858 0.13732077488562505 0.1289080243497292
0 0.04176470022874979 0.5476056570620147 0.08352940045749958 0.0860386858759707
0 0.07008123024527721 0.6797499553577312 0.08815592306201396 0.0968125446422686
0 0.24760681820118 0.6688419086868678 0.17987195079743062 0.14526940990138842
0 0.4332338872553813 0.7460378340128269 0.13590374525034737 0.13513075081077908
0 0.9066934903132633 0.535512022327725 0.16377417211208325 0.124684174511885
0 0.8148229533628818 0.12087855235949703 0.12827177678548624 0.07564665665497752
0 0.7608043345374303 0.2944075556059079 0.16853440729444458 0.12789099512873606
0 0.8892033978920484 0.21329214895093038 0.10854115824437507 0.10029210064862311
0 0.6789776787615971 0.05218487378712694 0.11388196846486114 0.061338694804424485
0 0.752521668693611 0.18053597037856028 0.09604115824437506 0.10007391233702041
0 0.7262338852586111 0.06854053084914158 0.10007404160312508 0.07203073295387141
0 0.7986296832269094 0.3804308303626742 0.1261287017473613 0.11777960957707681
0 0.8598224095755553 0.3348495491130862 0.11766158510611113 0.08951824188232518