0 0.8814044273553154 0.4365636940277908 0.23719114528936905 0.12856317051050076
0 0.15697066099147253 0.7836047953411587 0.10424488229073821 0.09751016508343398
0 0.11916312094146009 0.6638345279283041 0.11982441818411553 0.09676653663473136
0 0.11702630793019408 0.5903970279283041 0.1026369181841155 0.09586577792830404
0 0.28400189311129087 0.3237871393028363 0.17247805674305985 0.13696881275401324
0 0.3493420851145898 0.21020267412854537 0.13461434389007837 0.12250352103089916
0 0.09053303793844138 0.29648657564431197 0.12206887978345574 0.12028592378986111
0 0.19235629922121245 0.20353551503800532 0.12831887978345574 0.12061347241038015
0 0.5478514444440744 0.3571163749421995 0.19944973370266403 0.152423394391219
0 0.5665355967930722 0.2754093515364512 0.1571258413827959 0.14552494120271567
0 0.926450154394062 0.5326065343714239 0.14709969121187605 0.13335248982323478
0 0.9304306122324786 0.6404599779489887 0.13913877553504292 0.12356805404758582
0 0.6921101906166436 0.8646942588179689 0.10318248746358769 0.11461577792830405
0 0.8728911776845198 0.831265362390585 0.14863137978345559 0.12167800542706679
0 0.6866581609914725 0.8113645409301447 0.17137019780928675 0.15251192559888338
0 0.803235558721617 0.9305826096770516 0.10714256175762467 0.08986143939369313
0 0.5492814961060624 0.9853708918470276 0.10288095909205772 0.029258216305944627
0 0.6646133279219468 0.9116168464480685 0.11219377461060631 0.10260710085908258
0 0.5750172819994396 0.9810297512431955 0.09869356426490725 0.03794049751360902
0 0.7938508838735838 0.7420966417892272 0.10667120031656907 0.12727955223856355
0 0.7775556648189033 0.3161106739014028 0.10773359514371954 0.1101739393936934