0 0.19062004029259177 0.42417164891597253 0.2943145109332404 0.1916569855799068
0 0.20775477097152625 0.7729898577284262 0.10990126324231467 0.10419806738935158
0 0.18361535047189684 0.6680385175776392 0.09482306738935167 0.10908105702175916
0 0.1533721929317581 0.5833019326106483 0.10622945909527762 0.09767466531583313
0 0.29935190838861053 0.2902765196038894 0.17798688190398124 0.1380645109332404
0 0.3554372301132867 0.16649797554162102 0.13966667568342572 0.12540868605101824
0 0.10501614802101795 0.29153409764365756 0.12702997464666646 0.12275257775694418
0 0.18220478166842555 0.18401554062189845 0.1056238663525924 0.10847546427907391
0 0.5638634677194438 0.28130489490995475 0.20591639227157382 0.15601342855814782
0 0.5761495627712032 0.19678363195046403 0.16161958812453675 0.14593579952888858
0 0.938493737888981 0.3960455893487981 0.12301252422203782 0.1358185057494441
0 0.9466425009898838 0.5052838883120389 0.10671499802023235 0.12406079952888867
0 0.7481644489640262 0.7682205516016216 0.10161987153638866 0.11587786116879606
0 0.9230380183796282 0.7064745328926868 0.15331907257314797 0.1219514953818516
0 0.7341710080120356 0.7072536573037975 0.18165868605101815 0.14458791300675883
0 0.8610348873241186 0.816600680065233 0.11037015494824054 0.09183476842611107
0 0.6143737922723593 0.9216270985386121 0.1056635311027776 0.055760567389351576
0 0.721152181103563 0.8193920723368068 0.11615126324231469 0.10474487153638883
0 0.6399499907172204 0.9170277814320844 0.10220634043361106 0.06941296427907381
0 0.8351190618762487 0.6283583862857884 0.11562358294074064 0.1341589694628702
0 0.7877117793593513 0.2034656930247237 0.1154089694628702 0.11398317049962943