0 0.8453917353862082 0.47252897090355434 0.13156146590774292 0.2006030567430599
0 0.1742975799457513 0.8054961790711751 0.09692163879807007 0.0949608105039836
0 0.12782990868027713 0.6958544061099217 0.11079322402541765 0.0844324874635877
0 0.1178452081938098 0.6164169586963464 0.09834777110331835 0.08719377461060632
0 0.2649524387153445 0.31198420830063495 0.1726307508107789 0.13776808762187223
0 0.3215824939109201 0.1977793043022844 0.12534664772652385 0.11296666442319178
0 0.07143426379642241 0.3309030075218474 0.11268300649282174 0.1032279515702104
0 0.15388647930042346 0.2182916957642226 0.09703073295387137 0.10121081050398359
0 0.3176916550301245 0.3331174107287751 0.20730575973923263 0.15595579796757128
0 0.5401785353067778 0.22737456142842039 0.14595915665497755 0.13074519780928667
0 0.9317075162320544 0.5269233027194387 0.13658496753589128 0.11204066191590947
0 0.7110845137931271 0.7937855084462843 0.09557732710967279 0.10741534639736088
0 0.8866515296214399 0.7316168143979211 0.13771028003177221 0.10551787727617316
0 0.7146810722351136 0.7311491161264161 0.12852619480442443 0.11618259263643722
0 0.8321743096532117 0.8348160222363378 0.10319891233702032 0.09670516693047446
0 0.584028910301835 0.9483402792959668 0.10062729139585791 0.03884720282385175
0 0.6869709038090133 0.845294184152247 0.10155459172016953 0.09197220282385166
0 0.6050544764544591 0.9438202638565606 0.09470457386326192 0.05741534639736088
0 0.7860691026739227 0.6563787851684615 0.11580800649282175 0.10331887978345566
0 0.7544183133099551 0.23130222882111307 0.09703073295387128 0.1012108105039835