0 0.16609709005588943 0.5814664139618735 0.0891594336130419 0.12639095048646726
0 0.23547866516542454 0.8157226371765123 0.09304145020978147 0.0952500446422686
0 0.340971648568685 0.8451725836057898 0.08163035352912935 0.0888091298696164
0 0.4313724282376791 0.8819265154245708 0.0950775468904336 0.10152731818121907
0 0.7098382025080885 0.7370371607187579 0.11340241701630234 0.15802278003177223
0 0.8350148786479533 0.6855683437553548 0.11044243776222666 0.11896028003177221
0 0.7149904116409396 0.9082672784135095 0.10109074855010754 0.09851141233702024
0 0.8254533923449078 0.8484501733006595 0.10061715186945541 0.09226141233702023
0 0.7106856944102113 0.46948146794292833 0.13177390871793265 0.1739477889602259
0 0.8032992468997223 0.46317119237538307 0.11198162697434597 0.13927278003177204
0 0.5852998051888033 0.0750509983784422 0.10667882033565021 0.1501019967568844
0 0.48128681141258056 0.06850187662485309 0.0999552236549981 0.13700375324970618
0 0.09541220145918129 0.2783920068998588 0.0577910344428789 0.12428297970746058
0 0.2704686331981234 0.1212265689952932 0.10236982863402008 0.13598413879807003
0 0.2783431006293443 0.27676350284266904 0.11771140871793265 0.1737023271096728
0 0.17042201162236206 0.16365162256601568 0.09171574855010749 0.09834777110331831
0 0.053629288391571106 0.3980283969157449 0.04008147095570584 0.05531479139585782
0 0.16731143486244177 0.3084283344165687 0.0881404626573361 0.07175799756436803
0 0.35071408548249733 0.20978846266462722 0.10132754689043359 0.10163641233702041
0 0.7822134618321435 0.2468467629922341 0.10686715186945542 0.09237050649282175