0 0.4947912242473791 0.8953125 0.08559310811666876 0.209375
0 0.19519380445111784 0.1546875 0.09431360226293632 0.096875
0 0.3118454941462675 0.1125 0.08344882513557321 0.109375
0 0.38929378327568315 0.09453125 0.08660109621281205 0.1140625
0 0.6719148648541641 0.26171875 0.11658857806243947 0.165625
0 0.7893336481298472 0.35625 0.12266586123992677 0.1359375
0 0.6667966145595765 0.0671875 0.0803238251355733 0.109375
0 0.7834386930147994 0.1609375 0.10540563836728971 0.1234375
0 0.7378802324388026 0.3375 0.16034766842151918 0.1671875
0 0.7539041664766115 0.5375 0.128934041958086 0.1390625
0 0.43603384778394594 0.9234375 0.11495335518980258 0.153125
0 0.19421502820751754 0.72578125 0.12101245764913057 0.1203125
0 0.23088326035173257 0.86875 0.10392495159900632 0.1375
0 0.2397956938003663 0.6796875 0.1259908491396783 0.1703125
0 0.1312241488172182 0.81015625 0.09434087334017516 0.1015625
0 0.03038030806535514 0.55234375 0.04279655405833439 0.1046875
0 0.12815875703208285 0.665625 0.09119769262201592 0.0984375
0 0.03334168160192202 0.58046875 0.06305451190385668 0.0953125
0 0.3336315313307755 0.79921875 0.14475902985783753 0.1734375
0 0.7178610855855017 0.82421875 0.185184041958086 0.1390625
0 0.2808468989154141 0.875 0.11935905405833439 0.1046875