0 0.3696138349679955 0.8175110831841902 0.15564319061658188 0.28975142946385696
0 0.06314030754725035 0.7483405663869581 0.09697033697334119 0.10362375269929239
0 0.1594734314842344 0.8047071203263615 0.09046524545807211 0.10002515601864026
0 0.2264537663315437 0.830688357254107 0.09371779121570664 0.10182445435896632
0 0.5455223728497224 0.7265397732215021 0.13070735030926067 0.17450493776222692
0 0.6831019922447784 0.6866107450024006 0.12295875212603188 0.13664974025173765
0 0.491855883600568 0.9084060024755779 0.12197033697334128 0.10551813942190051
0 0.616520914814335 0.8554800667879434 0.10596269970043756 0.09964664772027057
0 0.6320648771017862 0.4653170080746552 0.15162562818904773 0.202488227804183
0 0.7182734440712479 0.46499585413060734 0.141804346975281 0.158264631123531
0 0.6378032757537552 0.069206405594433 0.13357725879399177 0.138412811188866
0 0.5393178493911768 0.05502642903964977 0.13073930121764638 0.11005285807929954
0 0.23088398287105863 0.1867024815291607 0.12426616061076282 0.1336431394219008
0 0.32812525787590774 0.06287037406295011 0.12241661818710821 0.12574074812590022
0 0.2732311084750326 0.23861925642427 0.13695735030926076 0.17497853444287886
0 0.2061228410562271 0.10006716451750268 0.09279302000387935 0.1095185551888033
0 0.0317613434721231 0.3337820815338051 0.05373052000387933 0.1065585759347277
0 0.16221386014202252 0.2384910470909262 0.10204047424624481 0.10866645020978147
0 0.04493089423072747 0.3056095373426639 0.06728283697334118 0.10137416846619499
0 0.3772646463567593 0.153094308289081 0.13510806576151388 0.11427783278320494
0 0.7736458255942756 0.25272007446161326 0.11830320303441741 0.11766294191141169