0 0.0971534932170532 0.40296683432792396 0.08926036397194567 0.12973227360693612
0 0.16837286088962672 0.16609689490773735 0.0919452729789593 0.0987552893919517
0 0.27345038710778846 0.12962179763739531 0.08216975478036197 0.0919592578219206
0 0.36564718152454756 0.087670245091264 0.09869592072720579 0.10693181043863911
0 0.6415414481819853 0.21559303483615153 0.11480058451458142 0.1639098525320139
0 0.7655308582687331 0.26051985600989586 0.11073484577334831 0.12475634727034199
0 0.647036883868586 0.048406106866497205 0.10162066162790725 0.09681221373299441
0 0.7566436189091912 0.10770566914995802 0.11043445712440043 0.12006884727034203
0 0.6407754804171267 0.4826062295885971 0.13308950956072393 0.1820984104104042
0 0.7333437122185295 0.48344141651912215 0.11203652991878954 0.14506884727034192
0 0.5092427691306731 0.883325837382283 0.11440006631598418 0.15765985253201364
0 0.40468567705795255 0.8995339372834609 0.09514941856773759 0.1487552893919517
0 0.14869409778515846 0.8132603212443315 0.09883562307124434 0.13340330517696727
0 0.19813409084532813 0.8555241449783246 0.10538601172019231 0.1384548262236546
0 0.20897836058508493 0.6984473923474885 0.11862649136212669 0.1750293630553575
0 0.09776265346068447 0.8185617422486665 0.09224566162790722 0.1034427893919517
0 0.013346597009966089 0.5845801263507115 0.026693194019932177 0.1075086631118273
0 0.09769970157807133 0.6737952738186976 0.08918121838316742 0.07991428413027997
0 0.01533524637781394 0.6247956026731882 0.03067049275562788 0.09344616311182748
0 0.2778599660760408 0.7652638950489117 0.10807092072720588 0.10747784200867017
0 0.7102008991417478 0.6988311980891532 0.10767040252860874 0.10122784200867016