0 0.16397414001259075 0.5194042199941811 0.2632284772718286 0.1525501415249675
0 0.15813760267721802 0.18502921999418098 0.09845686525911974 0.09853283697334118
0 0.1403927694784653 0.28896729196461274 0.08299550649282175 0.10663237939699588
0 0.11457633765968431 0.37869934272321704 0.09519549756436803 0.09046524545807219
0 0.2742548952875965 0.6520098127173981 0.16451824188232517 0.12888975879399175
0 0.33653848132572306 0.7689743010484685 0.12688187418757346 0.11801616061076281
0 0.08060035267392271 0.6732942366640804 0.1144091477265238 0.1185582945496865
0 0.1628964297835955 0.7714131301459018 0.09541368587597074 0.1029652454580722
0 0.5375361452875966 0.6305183525559789 0.1913534772718286 0.14668303667377885
0 0.5546202796214397 0.7128366449796335 0.14752165665497757 0.13842425546001175
0 0.924567172076253 0.4701880487532587 0.15086565584749395 0.1286346672787227
0 0.9291222585214166 0.36427288860153784 0.14175548295716672 0.12617934697528083
0 0.713360890826665 0.12562420315510367 0.10169095941492116 0.10503792848861027
0 0.8728955779204517 0.16658455875519834 0.14242505357072233 0.11460411818710821
0 0.684723422076253 0.18820382255015983 0.16931483603812653 0.13552239606689528
0 0.8061972272718286 0.06562770769703156 0.10141822402541756 0.08941292848861027
0 0.5537250178569074 0.006840769460248444 0.10227161201270896 0.013681538920496889
0 0.6655995008107789 0.07866932588413975 0.10626936525911965 0.09917056576151387
0 0.5803420649348082 0.011097834762720356 0.09629434740221221 0.022195669525440713
0 0.7891575519458693 0.2547858025462805 0.1005921095770768 0.13147288273097574
0 0.7629685677708867 0.681746786335423 0.10174550649282174 0.10816292848861017