0 0.5844766266868715 0.4935088209316616 0.2453720421027846 0.15557954667571855
0 0.1027057491973918 0.7832425478836664 0.10661707694917477 0.10841802000387926
0 0.07406737242570227 0.6610328369733411 0.12029763103285877 0.0986284318225902
0 0.06747512124457591 0.580580062427534 0.11878969473518963 0.10006338606495575
0 0.2701834921106337 0.3174257134953991 0.178730179126093 0.16572007909743344
0 0.3588591009109739 0.2235957072864813 0.1546379146981227 0.14505689273291536
0 0.07319936470597196 0.30447994803344763 0.11711806733052792 0.09681084030732112
0 0.18097963757146274 0.20202424091614427 0.13210815027015244 0.12452125212603189
0 0.2895411273198437 0.346427558344648 0.188487125042409 0.17742285364324067
0 0.5515079031805593 0.2933814041119809 0.15323910580511538 0.14961684697528083
0 0.896398729411944 0.6701818597314723 0.16217759618646851 0.13788212152108806
0 0.6680653651693081 0.8818854079050027 0.12467759618646852 0.13482102333785945
0 0.8175395755135945 0.8643147548802836 0.14773315027015244 0.12579670970237727
0 0.6442211266020534 0.824312152904033 0.15107640507947587 0.1323018012176463
0 0.7462697215225778 0.9490580928923948 0.11135914065150558 0.10188381421521023
0 0.48567447270370395 0.990552465766363 0.10654266587924913 0.018895068467274
0 0.5997221037365628 0.9319334632055349 0.11437501324684388 0.10749324879205205
0 0.5084671319595311 0.9857134568274393 0.10240080290255768 0.028573086345121367
0 0.749593162081416 0.745947650029095 0.18136410580511536 0.15191267061270253
0 0.792259388752589 0.3318372236665167 0.13007442431676958 0.15551616061076282