0 0.51171875 0.89375 0.16796875 0.1234375
0 0.16171875 0.81171875 0.084375 0.0890625
0 0.2765625 0.865625 0.06875 0.103125
0 0.346875 0.8828125 0.07578125 0.09453125
0 0.665625 0.75078125 0.13359375 0.1515625
0 0.7765625 0.70703125 0.1 0.11640625
0 0.61875 0.94765625 0.06953125 0.10390625
0 0.74609375 0.86953125 0.09140625 0.09296875
0 0.6265625 0.734375 0.13203125 0.16953125
0 0.759375 0.4875 0.115625 0.13359375
0 0.484375 0.06953125 0.09765625 0.1375
0 0.2078125 0.25234375 0.07265625 0.125
0 0.2765625 0.10546875 0.090625 0.12890625
0 0.271875 0.25546875 0.08828125 0.13046875
0 0.1703125 0.153125 0.08515625 0.09296875
0 0.04296875 0.390625 0.02734375 0.0984375
0 0.1515625 0.28984375 0.08046875 0.075
0 0.0484375 0.371875 0.04765625 0.090625
0 0.3453125 0.20078125 0.10625 0.1015625
0 0.76796875 0.26953125 0.09140625 0.09140625