0 0.5951263523029514 0.8562244025136001 0.17491044730999655 0.2875511949727997
0 0.27966729566425563 0.8617200646606186 0.10457094606059654 0.10438127461060631
0 0.4023953232586573 0.9073855688172537 0.09602474025173766 0.11504598997087001
0 0.47427032325865726 0.9094769177218971 0.0978473493799445 0.09794941818411544
0 0.7403302632959692 0.7480610107540457 0.13923121120744356 0.1708700926364372
0 0.8541074981491221 0.6858912828573694 0.12388963112353091 0.13300637978345567
0 0.7606930753332497 0.9139133312871591 0.1130938410815748 0.11398359514371954
0 0.8638880076968917 0.8561128546441241 0.10554145020978112 0.09661423871722903
0 0.7078208035384181 0.48363479790106423 0.15374399710021508 0.1977963054894186
0 0.790775013496462 0.46733985965868907 0.14105382033565023 0.1537735208496826
0 0.5294758576783142 0.09491797571859817 0.1308267153566284 0.16283027210332376
0 0.4253328093379881 0.08876961262818989 0.1349222195058133 0.1551541644231918
0 0.20213579813983337 0.2911886043149197 0.147327131123531 0.1336883413827959
0 0.22825782241024273 0.15241326082055268 0.11799482863402008 0.13751202335696497
0 0.2608605253193165 0.3357713301000248 0.13743191286711748 0.16769962852981452
0 0.1326861358974158 0.21823082594338974 0.09375184523075956 0.10562552586424748
0 0.06570415851743998 0.45559678213245364 0.0610577444009226 0.10623327962517112
0 0.15109536162700646 0.3583018964765031 0.09869945435896632 0.08861988229073817
0 0.06640197552909799 0.423656460345699 0.07620914772027051 0.10043792069139794
0 0.3252171780139645 0.2386439290046682 0.13844903859206373 0.1193985208496825
0 0.7488914763542905 0.25408970189941477 0.11934384108157463 0.11416545157021032