0 0.5696651260738532 0.16948064420186565 0.2122211182719372 0.15567168927901226
0 0.19823718340079957 0.17121338929312965 0.09718261646291486 0.10068181043863911
0 0.30630531094499086 0.137785510240995 0.08492827792830404 0.1046412683452643
0 0.3861189637039529 0.12997228121709525 0.08788950361804462 0.10169827886860801
0 0.6697171149925769 0.3100517072713407 0.19042800542706678 0.1559601156156063
0 0.8096327860689044 0.36415392029846344 0.11584408525525029 0.1298078683170294
0 0.6721892605154496 0.1045752519955514 0.10893898801421234 0.11694384727034204
0 0.7851639733148913 0.1944938676817449 0.10170634215265544 0.09782982622365463
0 0.6674596534363305 0.4750396704396378 0.1529966044771271 0.21453147881213827
0 0.7851594877870698 0.5808107992800109 0.1340961182719372 0.15112142619541977
0 0.1822203527796466 0.8167387209196304 0.07874687697836444 0.16503273677523325
0 0.49391252656950774 0.9387876616552351 0.11230300542706698 0.12242467668952983
0 0.22245917118786934 0.70770462613895 0.10960072930778511 0.09984735253201382
0 0.2887436697175313 0.8875888181899725 0.10868668249628843 0.14185284200867015
0 0.2845054698083883 0.7175493339749881 0.11584408525525039 0.12980786831702956
0 0.18423323213286022 0.8254234761813024 0.09742827792830414 0.10536931043863902
0 0.06484034373453504 0.5684538683876166 0.038053277928304124 0.10191111049510884
0 0.1703267831282284 0.678965705134615 0.09446705223856364 0.10831229991529537
0 0.06989301390635158 0.5905563815417961 0.05960072930778511 0.09693518415851479
0 0.36018822252192184 0.7943918260118932 0.10910276232447184 0.12006884727034209
0 0.7858909073930593 0.802830012448308 0.10137879353213641 0.0915798262236546