0 0.2048446757828502 0.6675104457642226 0.10009533697334119 0.09955738229073816
0 0.3185557157906088 0.8709416711536164 0.10854556576151389 0.10759720282385174
0 0.4344038563974924 0.8894977913701606 0.10057356909549373 0.12451191818411544
0 0.5150639250339442 0.8895001398790926 0.10009533697334128 0.09955738229073816
0 0.7580970926025309 0.6913508302330389 0.14215503333979881 0.17560305674305993
0 0.869098623357256 0.6121597722363378 0.13284393515656986 0.13792120031656907
0 0.7998694886694262 0.8577199763138307 0.1201207945496865 0.1157279515702104
0 0.896027269424151 0.7789608273300449 0.10621779121570682 0.09817673871722885
0 0.7036018138046598 0.4266805764721152 0.16581567394668237 0.1981145542357773
0 0.7899061045613245 0.3998931044479337 0.14231453000581898 0.15846102084968255
0 0.49328735651817857 0.07433109560593805 0.14282471303635713 0.1486621912118761
0 0.39614128954871675 0.07801603675130714 0.13163212152108805 0.15603207350261428
0 0.17930370228551143 0.33543373165759993 0.10216802000387934 0.10585284639736088
0 0.1991703078856061 0.17588523541852363 0.1326844384905499 0.15506323620994644
0 0.24527951758798333 0.3186350250728246 0.12879416394474275 0.1455973079967011
0 0.11461970682743931 0.24334317154932777 0.10736570303441746 0.11223923871722888
0 0.14413134789336476 0.384226584323167 0.10427265394280302 0.09344377461060613
0 0.07126754592681242 0.47013900376092366 0.07340529121570664 0.09722199247815269
0 0.3052127559190537 0.25659201464798337 0.12037588606495557 0.11885295157021032
0 0.7254138145535659 0.19502975969992545 0.1267534318225902 0.1205973079967011