0 0.23100337741568638 0.5960838576525115 0.25139535672980184 0.12531633134415224
0 0.7937924678710468 0.1989384439759867 0.09562551779449713 0.0897443104386391
0 0.8472119451336338 0.31011813865784515 0.10943334980971961 0.08431335779368573
0 0.8606258463124974 0.38451119390539956 0.09380834980971926 0.08340330517696729
0 0.6928202865032154 0.6590044177382147 0.14705536661563343 0.1660029735504665
0 0.6850820878723594 0.8104759124765428 0.12295202174882984 0.11004139988706071
0 0.9241339534994097 0.6709106964656483 0.1056371877564409 0.10591534200867017
0 0.8403571782905388 0.7858461807512199 0.1165746877564409 0.10655237884037305
0 0.4880571906478285 0.7065942363517103 0.2239070266917457 0.1393032366340588
0 0.46437033984952575 0.7882236679499761 0.14396485870696818 0.1284119682887946
0 0.09511689868881515 0.6070606130553576 0.1902337973776303 0.08259821032569974
0 0.060426869544202025 0.5001434841443972 0.12085373908840405 0.10653696828879458
0 0.2577157050194655 0.22879764711505027 0.09613485376405233 0.1022443104386391
0 0.08575052171164879 0.29787532885449053 0.13825868676785788 0.103138952503779
0 0.2702037761602731 0.2874746971009328 0.15139535672980176 0.1194919945971538
0 0.1347384614452562 0.19109397881213824 0.10044035178688593 0.09314232622365463
0 0.38315073961987667 0.0716515470021108 0.09333350593149907 0.03349431043863908
0 0.2794752998862693 0.17524771288594837 0.10343801779449713 0.09019933674699834
0 0.3540853221293907 0.07387419966118158 0.09422484387822046 0.05536931043863911
0 0.1782935073771928 0.3713953998164733 0.09533635771838496 0.12090330517696728
0 0.2496393363894846 0.7921621971009328 0.09757001977166349 0.09921031570031111