0 0.5689746315557981 0.6148835109694092 0.2314708183886113 0.15171630054030488
0 0.22417976956729152 0.14387651868913953 0.09436955547083344 0.0969692584375205
0 0.14988632475378452 0.24527283838192018 0.1065422471502084 0.08334326805616729
0 0.12072419519475668 0.32244297359113017 0.11155705547083343 0.09756945916315996
0 0.2198643311189578 0.6316220553496283 0.16355596656500007 0.11812006134007813
0 0.25116626966420075 0.7648537068009073 0.12591049620027786 0.11056053248413758
0 0.05654736673815922 0.5938616166048885 0.1069786582443751 0.10209326805616747
0 0.08812206221725635 0.7153745180561673 0.08811955547083342 0.09675100362819719
0 0.4803829506099994 0.6923239754900468 0.19048214247680573 0.13467264427970277
0 0.473640681708298 0.7804415343830542 0.14647756933854178 0.12220736061443879
0 0.8901222797321869 0.6573736336495655 0.158795731382639 0.11483137023308565
0 0.9158145703853815 0.5613170891845284 0.14604115824437508 0.1034573606144388
0 0.770289743731736 0.26302837820726993 0.11039459897381967 0.11470239546082901
0 0.7326475394189236 0.09986369009550225 0.10432513050895835 0.05516370435383648
0 0.7223418997919095 0.3074852171373442 0.16526393692972227 0.12442462504240899
0 0.8657119997156595 0.2280482321982867 0.1019274823325695 0.08630457694917479
0 0.6471828181042708 0.07655018646730516 0.10268989532659738 0.051984140651505625
0 0.7280671825613194 0.19587559454200595 0.08172408510611114 0.09028274881887359
0 0.6944753921924652 0.09383937938839629 0.08877286569131951 0.05774306733052792
0 0.810057492497465 0.43564991187253393 0.18899237765916688 0.13774308057737183
0 0.6808531164538187 0.813479756793058 0.10087412860909736 0.10812501324684405