0 0.3478489391223817 0.12318386952750005 0.13455800649282174 0.10851101172019231
0 0.12841887499835236 0.23266470080287896 0.10961255357072242 0.11003393892580318
0 0.11855472564697547 0.33966567242524887 0.10004663879807008 0.09849566162790727
0 0.09684909537032207 0.4403863656699887 0.12540119480442447 0.12041023442229637
0 0.2965662719108019 0.6802139219638235 0.17416597727182861 0.14226425046142524
0 0.37203565056260224 0.7919140831303054 0.13335006249917622 0.12872338217054297
0 0.12745776176453225 0.7152967281007749 0.1112841477265238 0.11638406847545255
0 0.20109190502682917 0.8114720188169061 0.09705800649282174 0.10610790252860873
0 0.5663196643623201 0.630860259874491 0.1868841655834313 0.15556528685861987
0 0.5874464163909149 0.7210148905038745 0.15363528896022594 0.12846256631598402
0 0.9249256822225227 0.4386298804817252 0.15014863555495453 0.12730058451458143
0 0.9212980988218991 0.3366866486803225 0.1574038023562018 0.12720045496493215
0 0.8806592593321956 0.2681462021963802 0.12098643019392767 0.1357348457733484
0 0.8228995320603669 0.14045080120893105 0.14908415665497757 0.13597467766703616
0 0.6685802248361966 0.17145737662421387 0.17707278896022594 0.12996450956072395
0 0.7579545961843962 0.04919354796972857 0.10440685633066593 0.0800460502768552
0 0.6807978068171334 0.10966877545219464 0.12326595048646745 0.08749760487264703
0 0.6137506286518003 0.07720553131229077 0.1236750535707225 0.11093510487264706
0 0.7809262662320544 0.2002356138242874 0.18271486282348767 0.18495239820967196
0 0.8302691160666033 0.6522696807585804 0.15530688311602736 0.13481269586563335