0 0.09647066314900388 0.4953857726766359 0.09873721463952716 0.14169769867918128
0 0.2250813908182096 0.13848288669636227 0.09960620181924558 0.09329656134627214
0 0.16693075061917254 0.24790279268777177 0.1130137303552929 0.07939769334818117
0 0.14665894602827734 0.3155988226845901 0.10385705417661044 0.08397610534690844
0 0.27376952543116617 0.6473675380330894 0.15364303846084476 0.14702154535327186
0 0.30482693444634085 0.7609487800365893 0.12853172249741 0.11081132535008997
0 0.07618174193272018 0.5794789620066816 0.10214900496239873 0.08083292401336309
0 0.14256022084027098 0.7137726933481812 0.1030950748547749 0.10114542401336309
0 0.2837052975570727 0.6092226480346803 0.18660108767505648 0.15052835335772627
0 0.5259934590534467 0.7650839387332697 0.14964474317557439 0.12823518268618095
0 0.9397860537623256 0.531902552792767 0.12042789247534884 0.1094670013526354
0 0.764604117244561 0.23845999343567711 0.10116870181924575 0.09331474267981754
0 0.9270549214211716 0.32311789879053976 0.14066784946188093 0.10314427601845377
0 0.7563228904039248 0.295363974100859 0.12838617328319835 0.10768632535009015
0 0.8836066743166555 0.21173495611867638 0.1042937018192454 0.09335110534690845
0 0.6509482239451521 0.06145150342135959 0.10167381596343468 0.03710110534690847
0 0.7478125694780914 0.17970261143376812 0.08532537799792798 0.08844542934436314
0 0.6700257096771285 0.06870092942390493 0.09629711124870503 0.05577838001272668
0 0.8202998072769823 0.37809520544235864 0.12511562406898663 0.10452496268299924
0 0.7421107646777992 0.7949276220957684 0.10302230024766904 0.09958292401336308