0 0.49080800649282175 0.10284528239192034 0.13011596834337488 0.11480790944452868
0 0.2604892609570486 0.11009820442767673 0.10487050649282174 0.10059996369925477
0 0.18724840421934555 0.2104431171918551 0.12033186525911974 0.09131586729005096
0 0.15016718993316053 0.27897040339440443 0.11720686525911975 0.09129768657189175
0 0.22990883157060438 0.5958084454506862 0.17405688311602718 0.12599993949875793
0 0.2666839029982343 0.7335084333504378 0.18836484496658024 0.1401442527304745
0 0.0561889135515411 0.5338664607723885 0.09525004464226869 0.08648292154477702
0 0.09371796144022068 0.6700084938516799 0.10495232710967277 0.10528746369925486
0 0.26320830113179516 0.6686510478118184 0.19176258035608368 0.15578743344863372
0 0.4607611854656383 0.7533856378763104 0.1444784772718286 0.1320772226762454
0 0.9223597897710046 0.5717468359592754 0.15528042045799068 0.12751698770335979
0 0.7894636948044245 0.11708154097612733 0.1169341298696164 0.0756726865718917
0 0.779755278406919 0.32169177292395057 0.17101370373287833 0.1306692587805987
0 0.9073523985373028 0.24744172754801905 0.10955800649282174 0.1006272347764936
0 0.6957585592527653 0.07435316461089007 0.11041139448011279 0.06001132513557326
0 0.7401415791382677 0.20037985430603977 0.1676159683433749 0.11502607806243947
0 0.7390136814117438 0.09100939948557957 0.09939207386326192 0.05526019262201591
0 0.8085854362797125 0.4070071042078439 0.12529210064862326 0.10696813836728972
0 0.8806007581143795 0.3707110559050461 0.12192163879807012 0.09288745764913049