0 0.8718069442462187 0.6162439166989945 0.2563861115075626 0.10255014152496748
0 0.20010896324869284 0.1807869697043169 0.08821070533113406 0.08514001666989941
0 0.15085677249903517 0.28276418682355997 0.11615384890464334 0.08118584030732112
0 0.13194529961692386 0.3560423190954937 0.08655727711788867 0.08188747091226496
0 0.26491589014178996 0.6669634568274393 0.156125631037097 0.11562448424818453
0 0.3139564468848498 0.7987872837988408 0.11844377461060622 0.10631338606495558
0 0.0964470349689405 0.6360647878817268 0.09951191818411549 0.09853283697334128
0 0.14751309296564158 0.75714243348958 0.08058006175762475 0.0907522878817268
0 0.5313592440609982 0.7167712356253103 0.1767109156768331 0.12665757909743344
0 0.5363399122451138 0.807587554261762 0.137375631037097 0.11409393515656996
0 0.9277985314723795 0.6643942453373859 0.14440293705524104 0.10886430121764619
0 0.9345695371137651 0.564043430034914 0.13086092577246972 0.10235920970237729
0 0.7590353338609486 0.26460205517984603 0.11164820533113406 0.08705320303441741
0 0.892331218658969 0.345628398821147 0.14040970282385173 0.11122402667183913
0 0.7358084340192331 0.3234988230576935 0.15603470282385173 0.11249948424818453
0 0.8486373914619382 0.2368434591226491 0.09602320533113406 0.08577774545807211
0 0.6059150308788124 0.09154770820456518 0.09778428213245363 0.03915783697334119
0 0.7075350183424001 0.2089580909355409 0.0742391335443795 0.08711710485118865
0 0.6366565655185485 0.10340985047843862 0.08261392319868044 0.05350737939699583
0 0.7879907111371217 0.4025802873019986 0.11789820533113407 0.0875633860649557
0 0.7396013045649819 0.8288560027542516 0.10438127461060631 0.10516547424624471