0 0.10739348982753046 0.6058168082964197 0.2147869796550609 0.15850861659283932
0 0.8690413848485086 0.31082989897563906 0.11574524440092268 0.11159643892580311
0 0.8833029491608743 0.43342559222037885 0.12609074855010755 0.10448484577334849
0 0.8818928918974785 0.5141947308693269 0.12609074855010755 0.10448484577334831
0 0.6510643313100906 0.7631772416666684 0.19164581618646537 0.169327398209672
0 0.5691496352494939 0.8599835880583256 0.15573162697434598 0.14681204811738696
0 0.8462108879487863 0.7882435001476583 0.12440984937994451 0.10282221622369896
0 0.7266185931329452 0.8849904873477318 0.14204763527271586 0.13038601172019212
0 0.6381149680326988 0.737226010945 0.21157980788809566 0.1861539528054637
0 0.366002247076993 0.7747412931801414 0.1672611228251613 0.15532545496493205
0 0.07304410715386063 0.38148863433001134 0.14608821430772126 0.14312584361388012
0 0.31688873422845304 0.1796710202011821 0.1465934253146722 0.1493362708194909
0 0.16204694626108923 0.1925145743355486 0.15442923610255282 0.12962454811738686
0 0.3356494670070136 0.24289171344592192 0.170764631123531 0.14000084361388013
0 0.24307364854546312 0.10742697794389137 0.12055114357108562 0.11345932757475112
0 0.5148787161818211 0.06361163093392529 0.11086756763635783 0.06774630937615385
0 0.3869061589184253 0.13627027606127823 0.11875184523075966 0.11023419802510181
0 0.49042316784149503 0.0651846229143608 0.10665366431700996 0.07369592072720585
0 0.20736925642427 0.3092502937984502 0.1998135136969545 0.17451554595791857
0 0.14846047218188374 0.7136979619047624 0.13255423610255285 0.12822273442229637