0 0.14382861407579886 0.3134317103962868 0.137575348023889 0.145326452503779
0 0.22436683320625012 0.15350224452656663 0.09764002583555564 0.1055513209619828
0 0.33693891517822927 0.1296313759977757 0.08873780452090294 0.1253177893919517
0 0.4164082096311459 0.12489764434304 0.09131729065319458 0.1020622999152954
0 0.694681946047778 0.3150878177664495 0.12892769984750013 0.17603042093374785
0 0.814995752468542 0.38919171765351007 0.11867987765916688 0.13798438936371688
0 0.7032542462002779 0.14706585985982432 0.10875936379145834 0.11400085779368574
0 0.8126487364166322 0.2213139729151819 0.09902068787965276 0.09782982622365469
0 0.6829320541396532 0.5812287572572232 0.14502547853284736 0.1972529735504665
0 0.7731940314382296 0.6044303098033545 0.12536628875333342 0.1570984104104042
0 0.5378267612053479 0.9335992682040899 0.12402199430041669 0.13280146359182013
0 0.437826761205348 0.9324316103539345 0.11137652393569457 0.1351367792921309
0 0.17997332114149364 0.6931493024755442 0.09135365824437507 0.10362479991529554
0 0.22256347748600763 0.8469869340173404 0.10657992116215294 0.154443847270342
0 0.24816027668857696 0.7064830313582696 0.114137848023889 0.1439613735787013
0 0.13146504559027844 0.787847881471209 0.09622299620027785 0.11171031570031094
0 0.04346951063666711 0.526820105233437 0.05083776101791675 0.1059461631118273
0 0.13676752858843805 0.6469421604104042 0.09418771751493064 0.09130681043863902
0 0.045722994869097686 0.5565986104951088 0.06791615824437508 0.10225972099021767
0 0.3189825761754867 0.7660015155026668 0.10883209897381949 0.11712585779368574
0 0.7465808993137507 0.8018289545699175 0.11682643692972228 0.12539338410204515