0 0.530637287039007 0.8583502814382296 0.13929071161023057 0.2780185100679862
0 0.8592657732440088 0.7620084904037855 0.10192957694917482 0.10229115824437507
0 0.7557017744251352 0.8393502807726396 0.0882490228654909 0.11290134992375016
0 0.6893128825925032 0.8596978419430561 0.09702382213985139 0.09593205547083343
0 0.37212787179273005 0.7850731695466323 0.1340178798517325 0.17173214247680574
0 0.2393525773276929 0.7585262405006946 0.12020835099579193 0.13394120174736113
0 0.4134373741549828 0.9444169745909552 0.11012402286549072 0.1111660508180897
0 0.29157229783878014 0.9200280913743754 0.10321925843752044 0.09451502583555538
0 0.31128960863070415 0.5569104955346879 0.13772323320977709 0.14371624525034718
0 0.2204835593563436 0.5375954914506252 0.136542679126093 0.1546173776591669
0 0.336860104539171 0.11574063487736139 0.12760418874473983 0.16689917211208344
0 0.4348809422881189 0.08518292553055593 0.13023811542376224 0.15290940729444455
0 0.7245113827621393 0.2099887826725006 0.14052085099579195 0.1344139804327084
0 0.6749156652462769 0.0852966007767714 0.11579366950744614 0.14164459897381956
0 0.6865004620735669 0.2685273280753478 0.13390875244707062 0.1686071424768057
0 0.7666294500926673 0.12339797245201453 0.0942807680561673 0.10679682028847229
0 0.9183754554501448 0.32318303295684103 0.05532739546082901 0.10901263050895835
0 0.7994369716922136 0.25864579464034787 0.09518850362819702 0.08808318787965286
0 0.9096279380269496 0.3049960774097577 0.06588294954451293 0.0983297036472223
0 0.5758109879342824 0.19167192771475744 0.13917660580511537 0.14062761284152794
0 0.18323656361751284 0.3279652651019793 0.11642858656782167 0.11511846656500016