0 0.8116844430985205 0.44154999438806836 0.19396779333095146 0.23278276206571763
0 0.7270320295851966 0.07093988322547547 0.11346120248167449 0.1068353317584982
0 0.8076425272394081 0.1597543573647598 0.11749313861970415 0.09762402286549077
0 0.8501685168478481 0.23031982850881927 0.11291489926336587 0.09902283175849816
0 0.8188792200858271 0.5556397762392338 0.19392423466476139 0.18757938947037936
0 0.8181193854407365 0.6903694403043843 0.1446783514929387 0.12974704210278443
0 0.9676238146182751 0.4839582052805088 0.06475237076344982 0.11900794954451292
0 0.9559430874566452 0.616244915624795 0.08811382508670959 0.11141370435383635
0 0.6968456829590618 0.5912275905745369 0.20551729852673156 0.19733633538669526
0 0.601991640888618 0.7355083586307043 0.16797373986054148 0.15082343393541642
0 0.13787633045771688 0.19097468566469694 0.1518681386197041 0.09882442431676956
0 0.11926163233864324 0.5855530648834572 0.1649908514929388 0.13045637023308565
0 0.23034768974432582 0.2590128683341691 0.11422602698730663 0.11777283175849824
0 0.09440982576613988 0.3757514789486078 0.14424130891829184 0.12349704210278442
0 0.24867135484713349 0.31945929501319137 0.14467835149293878 0.12974704210278443
0 0.10205879877883321 0.2611433419252992 0.11825796312533625 0.10856152286549073
0 0.29172831411407196 0.07282734247345338 0.1049495799535138 0.051984140651505625
0 0.23428143689433423 0.20327129982251474 0.11803944183801277 0.10543652286549081
0 0.2729072582978732 0.08366563875258907 0.10469820767745457 0.07067957694917477
0 0.2098052328231758 0.4132291423807861 0.13319454827463012 0.12155259618646852
0 0.4000028059914257 0.8036482673383771 0.10753898441265974 0.11130457694917481