0 0.6392956900106842 0.4275606426490725 0.19048613466105593 0.18036476458147638
0 0.8972942508026082 0.7979797573888334 0.10661707694917481 0.10300063103709682
0 0.9251513775742979 0.6793805215745984 0.11895338584218251 0.09867684389007839
0 0.9217510698624167 0.604357789521287 0.10478175843752027 0.09514266693047428
0 0.6999578822988031 0.35440193896729105 0.1734623257680484 0.1845521594086268
0 0.657410739833199 0.20877955040834667 0.13534227767481433 0.1210064849563052
0 0.9240203756753811 0.31175275237426847 0.12429565027015244 0.11756323620994644
0 0.8143601442797028 0.21100494312392612 0.13060021397248328 0.1193075926364372
0 0.49092762268015633 0.3358324807331631 0.22738593393541642 0.16426840314042074
0 0.4453943786706061 0.2611447178010394 0.15954366950744614 0.14356344655564543
0 0.14311763837407093 0.5895064323698804 0.25109625244707073 0.17276286473976085
0 0.10220246169504862 0.6023641335443795 0.15727184137714506 0.1232054824490227
0 0.36650060778884985 0.8402889970304992 0.11006945916315995 0.11246655925034225
0 0.18237857893290935 0.7974696965556454 0.15091271397248335 0.11989862602253218
0 0.37070446895144277 0.7818771034569899 0.174841287293461 0.13464308762187222
0 0.25373027847742236 0.896322385193732 0.11135914065150561 0.10469952335696497
0 0.525907868040469 0.9787442601937322 0.09522321996293322 0.04251147961253565
0 0.3987153962634372 0.8911755471096414 0.11437501324684388 0.10166545157021041
0 0.4939584635939651 0.9739472800208826 0.10067461179556503 0.05210543995823471
0 0.2559127934535469 0.7129786877801567 0.11223215988879931 0.12969952335696497
0 0.2347941845683886 0.28701558135366606 0.10839783175849822 0.10929609514371963