0 0.5870466735943918 0.20260036357761776 0.19931334138279588 0.1386362948849522
0 0.19241012351524955 0.1698408430895541 0.09643238229073817 0.09273292154477711
0 0.3080518438900784 0.11739762002052545 0.08273359514371972 0.10515110831306052
0 0.38349211309040826 0.10611975243588692 0.085813131037097 0.10360678903121974
0 0.6755385237526764 0.26404237850653656 0.1171828029821361 0.16159200585373243
0 0.8014167136444043 0.3217963120533662 0.10984166442319179 0.12405564441741398
0 0.6675261322907382 0.09605544778837735 0.10148359514371955 0.10526019262201591
0 0.7816628401291548 0.15295995364210982 0.09625052586424729 0.08648292154477706
0 0.6887589039318435 0.5304804447633152 0.13358069279472176 0.18824540944452864
0 0.777335670624891 0.5411503000513136 0.12137019780928675 0.14443177693097126
0 0.5799033588007592 0.922541389683429 0.11548391066226812 0.154917220633142
0 0.48013067933387266 0.9292976563212708 0.10418269780928675 0.14140468735745843
0 0.2133055775262354 0.7268993641667929 0.11719952335696497 0.10847609621281222
0 0.05276523112887451 0.6322312378997517 0.05621655925034232 0.10655907220870695
0 0.26453545691397967 0.6889226411959601 0.12513169530200424 0.16632495764913066
0 0.16111860339048284 0.8125187015990065 0.08572220282385161 0.10048178903121974
0 0.049088650170919845 0.5595658975406719 0.04518813103709696 0.10337043969514959
0 0.15468308379444154 0.671880066060387 0.08981866943775674 0.08019656010845858
0 0.06016855416927038 0.6182141896951496 0.05723348997087015 0.08781816256778666
0 0.3747719264308787 0.799701580792914 0.134961336368231 0.18200449980360817
0 0.7717091109123302 0.7504571223582165 0.10755173871722903 0.09904655405833437