0 0.9013607950177155 0.5779835129923898 0.08143568380210837 0.08397818511654283
0 0.859110922507764 0.7891318333181427 0.0881313527754692 0.09513393992586608
0 0.7580723459297489 0.8247370058208137 0.07856535178688588 0.09011905771188111
0 0.6707288548269975 0.8700346368536724 0.0949543557412186 0.1094146947351895
0 0.3797152411771135 0.7362425125290537 0.10167919961943923 0.15957838584218215
0 0.24645973079699018 0.6916071135248456 0.10633752471457933 0.12073414065150559
0 0.3929049437623022 0.9063367577197303 0.09769735376405224 0.10014882213985139
0 0.2713217624316518 0.8409523490968753 0.0983340237259962 0.11577382213985139
0 0.34542251832596976 0.47065471806401654 0.12588070357377185 0.1791468413771451
0 0.2530121838392894 0.4684052265015371 0.11029019566510642 0.1411557680561673
0 0.42765676779449713 0.07316713757146273 0.10767453163466154 0.14633427514292546
0 0.5295230153230392 0.06380825113871734 0.09023236364988403 0.12761650227743468
0 0.8196081403416298 0.24207578404378208 0.08169035178688588 0.0902281851165428
0 0.7446506082126765 0.09213283694633975 0.10404019566510633 0.14093751324684392
0 0.7484825568435325 0.24377718249983604 0.10046952669174569 0.12989088584218225
0 0.8497811185927999 0.13775038259250327 0.08832235376405215 0.09982143992586624
0 0.9774590855124445 0.3719120730665237 0.04463602076024671 0.09985615626060226
0 0.8680748152464896 0.27950137297385647 0.08806768577927464 0.09357143992586625
0 0.9719671598475568 0.3423609823223508 0.056065680304886456 0.09248016587924912
0 0.6746338799615064 0.19784961280705543 0.10707235376405215 0.10047620435383649
0 0.24822788885875496 0.2549875672457099 0.10394735376405224 0.10036707694917482