0 0.12194059861673294 0.48883435765042427 0.09922052434972924 0.1405830320782579
0 0.1237969736150853 0.7296095519748982 0.10023755357072242 0.10943316162790725
0 0.2177202974783472 0.7783393437707635 0.08762845941492108 0.10238212523071262
0 0.29685441841950977 0.8311453662882975 0.10667846834337488 0.1207711798265045
0 0.6073049488583189 0.7385132711332579 0.12794554220663662 0.17676036397194572
0 0.7436827796214397 0.7102206855389424 0.11945120373287814 0.13719721622369896
0 0.5632936704481046 0.9055796576227376 0.10815914772652384 0.11618380937615384
0 0.6922856952048709 0.8574251550018438 0.11462733603812651 0.12908432757475116
0 0.6833281120094135 0.47866909932631796 0.1470773717519414 0.1998369185677376
0 0.774225847398917 0.48848658544665735 0.1260830332781829 0.15947273442229637
0 0.6691511948044244 0.07747489975544404 0.12627394805083547 0.15494979951088808
0 0.5708812901780418 0.06035665214562502 0.10579780681713338 0.12071330429125005
0 0.2543813571414449 0.19017920728128396 0.09075345941492108 0.10258238433001132
0 0.35207674310014114 0.06485663710778847 0.11977848620028234 0.12971327421557693
0 0.3249665925309483 0.20129837754706453 0.11495461850553053 0.1478343275747511
0 0.24234323295387142 0.08301754935400454 0.09875687418757347 0.11402053207825791
0 0.0794416327089901 0.2944625963916573 0.05961255357072244 0.10682979333702489
0 0.2002120543815013 0.2233712415190102 0.09867505357072248 0.10933303207825791
0 0.10111603530677786 0.23676071792174208 0.07194891233702042 0.09825582973421945
0 0.4042177159077428 0.17119177051494913 0.11144778896022593 0.12575906847545246
0 0.8143075564100961 0.2755267080564763 0.11443642126547422 0.11814682757475108