0 0.8614777214232096 0.48104812471246594 0.27704455715358095 0.13910409327423637
0 0.18355299732523536 0.7733310100679862 0.10978989926336587 0.0977127610179167
0 0.1432725687287744 0.6546167244487847 0.1221806386197041 0.0964412017473613
0 0.13886393815484194 0.5804161582443751 0.10644637797604237 0.09451502583555574
0 0.33766279903093477 0.34480988582729194 0.17306543144645267 0.17718336189159736
0 0.36249391820490084 0.19797190662885447 0.1394445482746301 0.12024237765916679
0 0.10587756746826664 0.2871564675149306 0.12828852698730664 0.11686280452090295
0 0.2052987772394082 0.1919732137152085 0.13464778763096844 0.11857077488562506
0 0.5225076925943174 0.33351262917777824 0.16575567599857094 0.1395742591180557
0 0.5806536923422159 0.26154801662059074 0.1644116972858944 0.14266289152687514
0 0.9141874581816577 0.5084295487244106 0.17162508363668466 0.12344141926229177
0 0.9399958413534801 0.6213841436141674 0.12000831729303982 0.12231402393569457
0 0.7214625427498739 0.8474692924561464 0.11077324505632155 0.11177526101791671
0 0.9007622766583305 0.8126436168286812 0.15496028763096845 0.11904355357097245
0 0.7208891063597427 0.7834977114340977 0.15997556956195352 0.12384015634451409
0 0.838059816887189 0.9086815090211464 0.11480518119435104 0.10250936379145834
0 0.5792964581047831 0.9776571203925176 0.09993429802252862 0.0446857592149648
0 0.6935996227033877 0.8951794406325352 0.11782092055068923 0.10101959897381932
0 0.6075307187484448 0.9736784618153476 0.10291718639013112 0.052643076369304966
0 0.8172999306132734 0.7233434210652436 0.11510011213660043 0.12903549620027785
0 0.7946122855372815 0.2985070752255562 0.11367972376899793 0.10872299620027785