0 0.40922813879477477 0.5990205999354016 0.2158898271096728 0.11840524830195705
0 0.7947921229697575 0.19998443167220584 0.08908186525911965 0.09623225478036197
0 0.8553086574657565 0.3138955397840554 0.1153716298696164 0.08230945712440044
0 0.8792467637964224 0.38878491825397055 0.09042617694751698 0.08383238433001132
0 0.7696940803527884 0.6845503963547455 0.15802278003177223 0.11157545496493207
0 0.7305924443940921 0.8139282132890384 0.12052278003177222 0.1091723457733483
0 0.9349372508074836 0.6732891286175734 0.10163641233702023 0.10015829117755644
0 0.8956037897677096 0.7893856955518664 0.08283186525912001 0.09583173658176455
0 0.5063134188265469 0.7066910024640102 0.18176028896022595 0.130264898209672
0 0.5086628973161914 0.7965848172388348 0.13943642126547412 0.11974890036914018
0 0.1003849728043064 0.609663699104836 0.15336255357072245 0.112837566315984
0 0.08153378692833566 0.5132497740586934 0.1468125446422687 0.09524954811738695
0 0.24215409253094827 0.2371447563215215 0.10341710064862311 0.11275842072720588
0 0.2987335547885384 0.08079342920819568 0.1053420649348082 0.04420867982650449
0 0.28215752962473506 0.2935542450627545 0.15177278003177203 0.11117493676633483
0 0.14843532020981393 0.18821829811738686 0.09823867694751699 0.0843330320782579
0 0.3773534326295599 0.06944372146548639 0.10216251785690753 0.04088342072720587
0 0.2879245142034595 0.1768673928110011 0.07803527110331832 0.08928134793281672
0 0.32916139448011295 0.08040220542635743 0.08681025324641087 0.05550712523071266
0 0.19276952150706017 0.4033216664082692 0.18493983603812653 0.13359015730897053
0 0.2995197223972693 0.7964487075858258 0.09549550649282175 0.1060077729789592