0 0.887231925939372 0.19816306661782113 0.10241645020978112 0.09763368676785786
0 0.7768496103776066 0.13761683886094256 0.09192923610255299 0.12368685079830274
0 0.7035654757295907 0.11160743718778736 0.08991645020978148 0.09712435079830276
0 0.39805102676920906 0.21652833642666564 0.13106351369695446 0.16733869171077378
0 0.26850615934263256 0.25472069760509175 0.1172844336130419 0.129393022737413
0 0.41993491431701 0.05272312819430479 0.10805114357108554 0.10544625638860958
0 0.30228639564567805 0.0903425212173572 0.09869945435896632 0.08969385277546911
0 0.36241413777151554 0.4805072647915666 0.14377700124939982 0.19122186068413444
0 0.27197839192070045 0.47635561707274404 0.12808022365499827 0.14852502471457923
0 0.43550382118406483 0.886600755894318 0.12277741701630233 0.16077035672980172
0 0.5396235587365101 0.9058680676435854 0.12230382033565021 0.15452035672980174
0 0.8199594863262675 0.7479004228533312 0.12355774440092268 0.10939885771838505
0 0.7552126699393094 0.8759246051725651 0.12531042116548718 0.15308519072219076
0 0.767117906242355 0.7124377667315519 0.12758331618646537 0.16252385771838504
0 0.861675234876375 0.8433747489370548 0.09519594606059627 0.10512785178688588
0 0.9867655408787599 0.609918967302393 0.0264689182424803 0.09983817391627667
0 0.8809436079020289 0.7046650760093612 0.0951008576783142 0.08331651878308044
0 0.9777399106922786 0.6251447192795595 0.044520178615442774 0.09129084486680376
0 0.6865675684847725 0.7870332015222433 0.11695254689043359 0.10445668973360736
0 0.2607485844568121 0.6797817060080488 0.1145379419114116 0.1137043557412186