0 0.5258702093468055 0.1214728172017798 0.115045731382639 0.11461477171162175
0 0.7588820778879166 0.1573526209641055 0.10221842306201409 0.0999700748547749
0 0.8259766992788193 0.26527859098031614 0.11762521751493074 0.09132282092583344
0 0.8650015252668748 0.3359207307650684 0.1271093202884721 0.09644696856846853
0 0.7608530070307633 0.6439087051245054 0.17147756933854197 0.1250471575674325
0 0.6754941224377424 0.7830567882514478 0.12006053970326391 0.12889559553293922
0 0.9393605199485412 0.6021686230310201 0.09720361474138883 0.0856892510334573
0 0.9066181422893745 0.7320359054960088 0.09440592306201409 0.09960620181924558
0 0.7090528112673258 0.7189236676971179 0.16755378875333343 0.1576413337461151
0 0.5299997844818396 0.784101249790603 0.12187761284152784 0.13990587014004524
0 0.0732692733670137 0.5482063676588458 0.1465385467340274 0.12766273531769165
0 0.08620372483003444 0.32858522642635146 0.13957295269729175 0.09546666542531543
0 0.24143673869774282 0.3123524125298313 0.14647756933854178 0.12388276385373889
0 0.10577330205236093 0.22704199710451584 0.10694229065319454 0.10175089867609247
0 0.322000980148368 0.07678309367091249 0.11221036569131951 0.05985449710451587
0 0.2456177052627429 0.1999251871369372 0.08975479065319458 0.10095037799792798
0 0.27156456905420134 0.09320430624352505 0.09654899810013892 0.0575642510334573
0 0.18313196979604135 0.3980137766740205 0.12616506933854174 0.12293669396136267
0 0.08954562395635385 0.38661605024766904 0.1335047906531945 0.10298806699689197