0 0.109375 0.58671875 0.09296875 0.1125
0 0.16171875 0.81171875 0.084375 0.0890625
0 0.275 0.86640625 0.07109375 0.10546875
0 0.35 0.89140625 0.071875 0.10546875
0 0.64609375 0.75703125 0.09765625 0.15703125
0 0.775 0.696875 0.10859375 0.16953125
0 0.62109375 0.94765625 0.06796875 0.10390625
0 0.74609375 0.878125 0.08828125 0.0875
0 0.73046875 0.6859375 0.16171875 0.125
0 0.7578125 0.503125 0.1125 0.128125
0 0.4859375 0.075 0.1 0.15
0 0.065625 0.290625 0.05625 0.10546875
0 0.26796875 0.265625 0.10234375 0.1515625
0 0.1703125 0.153125 0.08515625 0.09296875
0 0.04140625 0.39375 0.04140625 0.103125
0 0.16015625 0.29609375 0.08046875 0.10703125
0 0.04921875 0.346875 0.0375 0.09453125
0 0.34765625 0.2234375 0.08515625 0.109375
0 0.29609375 0.15625 0.07578125 0.10859375