0 0.21553387877445696 0.5510059201828265 0.29454864126984165 0.14769275310037192
0 0.2937227421280938 0.8662820097199097 0.1044452729789593 0.09833480024766886
0 0.2161706361757126 0.7688120043432262 0.12113212523071264 0.09132282092583352
0 0.1919833621170192 0.6970654369320494 0.09935725478036198 0.09186647642635144
0 0.25812548966408366 0.37193269623767433 0.16309838217054298 0.13845468610347994
0 0.2734524961424887 0.24427857713108647 0.13533432757475108 0.11846751778268028
0 0.09477319092838797 0.42733944189444817 0.11598355027685521 0.10821922249741008
0 0.1135756508305656 0.30500852357364855 0.09849566162790725 0.10273120181924558
0 0.5044206963270588 0.30247625910073717 0.20089877081949084 0.14488877667402048
0 0.4926635710963462 0.21682985752916056 0.15654799352159507 0.13347608767505648
0 0.9176153026670363 0.3120972382176849 0.16476939466592738 0.12788105913900916
0 0.9391788232558145 0.40996965798622653 0.12164235348837096 0.1255908130679506
0 0.844636795182726 0.7081974503760128 0.1386991594684389 0.14666529238978612
0 0.9469691417312671 0.6226879818075441 0.10606171653746585 0.11250861621110371
0 0.7917330382428959 0.6652137378034002 0.15740958667404978 0.12261136228216216
0 0.9345899691491345 0.7424033223780848 0.10863212523071261 0.09074062406898661
0 0.7265340445644173 0.9072428800693519 0.10496690468807693 0.05785534946188094
0 0.8092988749169455 0.7803657028572121 0.08862001387966068 0.0944820541766104
0 0.7654766286175734 0.8913246275881525 0.09493057063492075 0.07140842721213972
0 0.8544752652639366 0.5682616550907424 0.11758562307124443 0.13321922249741008
0 0.7011478971299377 0.1687240355698698 0.11794656847545255 0.11454199710451585