0 0.580821117255506 0.8663218017978551 0.09669930942249501 0.26735639640428993
0 0.9031060266583306 0.8324489743549277 0.0937278566887187 0.09313787799792798
0 0.7959215933702926 0.8920893399468589 0.07897694183801285 0.10491013192686935
0 0.7311706785195865 0.9015328064484128 0.09027507475773362 0.08830482878371626
0 0.41476479249777237 0.775441071545006 0.11873856436617344 0.16127144789030404
0 0.2821818854407364 0.7279945291552198 0.1098663089182919 0.12348034946188076
0 0.45045591008225455 0.9406315779551468 0.10074268119435104 0.10436647642635144
0 0.32975564399071117 0.8960745951186546 0.09630655347041017 0.08547092721213971
0 0.3612199033738651 0.5331058682780183 0.1269116972858944 0.14452059553293922
0 0.27135437404077 0.5063378529765374 0.12367743664223267 0.14281254631872767
0 0.40232160668871886 0.10751086290133485 0.11227004307885 0.1578553494618807
0 0.501010478964778 0.09341843775610972 0.10827095792955603 0.145209800247669
0 0.7870458039746133 0.26403926860674065 0.13006954827463027 0.12286391935425689
0 0.8170614498837845 0.15875460917728118 0.08574039406758587 0.134815955748187
0 0.7470652961809432 0.3159078296077766 0.11862930372251164 0.1597089478903042
0 0.8321455005042031 0.185154443337681 0.08489915990702741 0.10051373035529285
0 0.9769334766189897 0.4194652849416789 0.04613304676202077 0.10530823821317573
0 0.8614009477900975 0.32512662592650426 0.0897287715394249 0.08049232878371626
0 0.9661654034123025 0.3736433626919379 0.06766919317539503 0.09509848428423436
0 0.6304080378830699 0.21780846980681368 0.13069226114786475 0.15404114474715103
0 0.2415965461809432 0.29236524420903176 0.10699268119435104 0.10465757485477489