0 0.54453125 0.896875 0.16171875 0.1140625
0 0.16171875 0.81171875 0.084375 0.0890625
0 0.27109375 0.865625 0.078125 0.103125
0 0.346875 0.8796875 0.07578125 0.0890625
0 0.62890625 0.75234375 0.159375 0.15390625
0 0.77578125 0.70703125 0.09921875 0.11640625
0 0.63203125 0.94765625 0.09609375 0.10390625
0 0.74765625 0.86171875 0.096875 0.10859375
0 0.6765625 0.53125 0.11640625 0.17890625
0 0.759375 0.4859375 0.115625 0.134375
0 0.38203125 0.1125 0.078125 0.225
0 0.4828125 0.06953125 0.09375 0.1375
0 0.21015625 0.2875 0.09375 0.1140625
0 0.27890625 0.10546875 0.09140625 0.13203125
0 0.26484375 0.275 0.1 0.115625
0 0.1703125 0.153125 0.08515625 0.09296875
0 0.04453125 0.4046875 0.02421875 0.090625
0 0.1515625 0.29765625 0.08046875 0.09609375
0 0.0484375 0.371875 0.046875 0.090625
0 0.34609375 0.21328125 0.0875 0.109375
0 0.76796875 0.27109375 0.09140625 0.0890625