0 0.1313038626232645 0.4972562761445092 0.262607725246529 0.11051606058738805
0 0.20359082995234185 0.16797244046151916 0.09215231818121908 0.09436715186945537
0 0.13759190868686771 0.2740555744848352 0.1059966298696163 0.0829327444009226
0 0.12312425974252791 0.3410179315384495 0.0857932240254177 0.08764355518880329
0 0.23026500933878613 0.6565739217901871 0.15813187418757346 0.11965241701630233
0 0.2694075556059079 0.7893989997995073 0.12052278003177212 0.11056083693238979
0 0.06662524919251639 0.6199232589230697 0.10319891233702039 0.10144594606059662
0 0.10284734700176572 0.7407927885920638 0.0828318652591197 0.09678175684847723
0 0.480391694403978 0.7130769886013526 0.16457278896022576 0.13106351369695446
0 0.49137801299223405 0.8007429319626567 0.13949096834337488 0.12448162697434606
0 0.9004099139651688 0.672151716205043 0.1548977800317722 0.11316561867597627
0 0.9209463307664161 0.5712287562469992 0.14250687418757338 0.11846842531467203
0 0.7679067000827254 0.28583294006053384 0.11931483603812651 0.13075493776222674
0 0.896680536527889 0.3480038211840648 0.13954551542127547 0.12760662697434605
0 0.7131958806836906 0.32784191868990953 0.15500687418757336 0.11941561867597636
0 0.8500158165596613 0.24277094690901108 0.09823867694751698 0.08546574855010754
0 0.6319670202925394 0.09638916391602471 0.10221706493480802 0.045195946060596556
0 0.7112942357965405 0.21270217076450199 0.0780352711033185 0.09017655933798815
0 0.6552954261367381 0.10441515146847007 0.09306025324641087 0.0569855510396184
0 0.7959890154245708 0.4248604738787128 0.10363528896022593 0.1264459460605966
0 0.7043865276027307 0.8325294186899095 0.10174550649282174 0.1075775468904336