0 0.1628104288220114 0.3375 0.25557352076024664 0.0984375
0 0.7525786525873762 0.85703125 0.09731535178688588 0.0875
0 0.8185949248304978 0.7515625 0.11112318380210837 0.08125
0 0.839524190153537 0.67890625 0.09556185079830257 0.0828125
0 0.7028332509514021 0.390625 0.15024403361182798 0.159375
0 0.7160401995822581 0.2390625 0.1261406887450242 0.1046875
0 0.9337649159704302 0.3984375 0.10420202174883002 0.103125
0 0.8667922746773984 0.278125 0.11989068874502422 0.1046875
0 0.5420986807991778 0.328125 0.131464858706968 0.1203125
0 0.4941015325860637 0.240625 0.14728085969555132 0.125
0 0.08537513140720011 0.3796875 0.17075026281440023 0.090625
0 0.06143095403088239 0.4875 0.12286190806176478 0.103125
0 0.22376258589519304 0.778125 0.09782468775644107 0.1
0 0.06658801553300395 0.69375 0.1331760310660079 0.1015625
0 0.2418069317505799 0.71875 0.1514590237259962 0.1125
0 0.10439316197891642 0.8125 0.10149351581733076 0.075
0 0.32769671631381 0.95 0.10133700692008221 0.0328125
0 0.24025240753029214 0.83359375 0.10512785178688597 0.0875
0 0.3022656347928791 0.94140625 0.0959146778706093 0.053125
0 0.16109278403175742 0.62890625 0.09858869171077375 0.11875
0 0.2833377875289796 0.2171875 0.10082235376405224 0.096875