0 0.6464954624607575 0.09950203347175912 0.10154256784239593 0.0952705320782579
0 0.8521069753510563 0.17275335904392541 0.10663950361804453 0.10338342072720588
0 0.8637261488022331 0.2779019339977829 0.10137879353213641 0.0921455320782579
0 0.8756286052700968 0.362788073726465 0.09529256784239593 0.09487001387966058
0 0.6857627645877795 0.6428026480620137 0.17513719810012063 0.1326889913621267
0 0.6099262036427885 0.7675709130214085 0.13582903663473136 0.12549825262089379
0 0.8535301187262224 0.650738656699887 0.11494332654882307 0.11325906847545256
0 0.7776083485998344 0.7622757364341064 0.09726450361804453 0.10278264342931002
0 0.42038010402690135 0.6403434862772229 0.1981586182719372 0.1559658050572171
0 0.3954000361845055 0.730707670422664 0.15803158525525038 0.1331500663159842
0 0.06797763681644549 0.5034871429678847 0.13595527363289098 0.13365071406423076
0 0.0700231546815556 0.4017744486434106 0.1400463093631112 0.1160626958656334
0 0.31348156659920046 0.13952956277223985 0.10318695499752559 0.09693316162790722
0 0.153499056988262 0.19104889728682128 0.1544152623244719 0.12357480721668553
0 0.2989819753510562 0.2081992196197851 0.1449583751693421 0.12141152991878963
0 0.21930884271848225 0.09417509485049776 0.11124511646291486 0.10212130937615385
0 0.4802264105608781 0.005212724400147079 0.07079717887824373 0.010425448800294158
0 0.360923132632574 0.09600080583240954 0.0924132293077851 0.09935725478036199
0 0.238388634102912 0.27982269818198535 0.11815021370395284 0.11502182757475107
0 0.18794938433005465 0.7074062800756731 0.12004026232447185 0.12137195712440044