0 0.33851418260428173 0.15878390819486685 0.1337718275747511 0.12283120636839735
0 0.12020666872462107 0.23206268515657005 0.10943316162790721 0.10685552000387935
0 0.07807162862679867 0.35035042848861025 0.1228948843300113 0.0986284318225902
0 0.06139692165466913 0.42751883530635126 0.12279384330933826 0.0986284318225902
0 0.22776793337947404 0.7104742118284092 0.17812260487264703 0.13577748758216437
0 0.3023395319305996 0.8335766141042222 0.19474890036914028 0.15267794515850958
0 0.047797891735879554 0.7034436065181786 0.09559578347175911 0.09524834030732113
0 0.11854552283130097 0.8217149875821643 0.10817105027685518 0.11141547424624462
0 0.31290559454595596 0.7912455928923949 0.15566541640826922 0.1976717097023773
0 0.5063749922942026 0.79918499396026 0.17932415946843888 0.15452748758216436
0 0.8899720488925793 0.4873055868526549 0.17363536397194573 0.13851985030926067
0 0.7024252907161312 0.12958945532962723 0.13615634793281686 0.08727634364130096
0 0.6758558914267251 0.2868439748744646 0.17696062307124444 0.14189994182452983
0 0.7770154781007749 0.17887172033253673 0.11265829117755644 0.10867311151914842
0 0.5262225385566628 0.07279796608047294 0.10779151603912887 0.056983065761513865
0 0.6390451087301583 0.1872427165395149 0.08791910703211521 0.08644742515463037
0 0.5707537885566629 0.0764330201730572 0.10184190468807693 0.061160382730975724
0 0.726768746917681 0.3624655992704906 0.1301461798265045 0.11476361485312828
0 0.7877551141288291 0.30540226942415116 0.12622014342931004 0.10200852333785919