0 0.553125 0.71328125 0.16484375 0.12109375
0 0.16171875 0.81171875 0.084375 0.0890625
0 0.275 0.865625 0.071875 0.103125
0 0.346875 0.88203125 0.07578125 0.09296875
0 0.6609375 0.75390625 0.12265625 0.15859375
0 0.7765625 0.70703125 0.1 0.11640625
0 0.62734375 0.94765625 0.0875 0.10390625
0 0.74609375 0.87109375 0.09140625 0.090625
0 0.62890625 0.7359375 0.134375 0.17890625
0 0.759375 0.48671875 0.115625 0.13359375
0 0.484375 0.06953125 0.096875 0.1375
0 0.2078125 0.271875 0.0875 0.0890625
0 0.27734375 0.10546875 0.090625 0.128125
0 0.26640625 0.278125 0.09609375 0.11953125
0 0.1703125 0.153125 0.08515625 0.09296875
0 0.04296875 0.390625 0.02734375 0.0984375
0 0.1515625 0.29765625 0.08046875 0.09296875
0 0.0484375 0.371875 0.04765625 0.090625
0 0.34453125 0.20546875 0.1 0.10703125
0 0.76796875 0.2703125 0.09140625 0.09140625