0 0.4670890027135334 0.08613635761362495 0.05917800542706679 0.14681281551854847
0 0.8539449508136542 0.2190818675762478 0.0906869549975255 0.09312552586424747
0 0.7392782632289829 0.1595811839527261 0.07736143939369348 0.10677884890464333
0 0.6636264880142123 0.13007788888814875 0.079087713703953 0.10994931301126601
0 0.35722375904511156 0.2522123355103012 0.13623182835784542 0.15841555674305985
0 0.24421582598299624 0.3136690095669114 0.11806168249628843 0.1391654515702104
0 0.38547383254171697 0.061919956122556886 0.08032266508343389 0.1037447771178887
0 0.2653903838757694 0.13721180964605373 0.10129026232447184 0.11683581050398355
0 0.3829164778374471 0.28104202916295273 0.14577060266810493 0.16181334138279588
0 0.2671564382620396 0.5132514724198929 0.12398413387576941 0.1330973079967011
0 0.5548500265695078 0.9339587775136001 0.11074050542706697 0.1320824449727997
0 0.8170180766603646 0.7796496430447839 0.11971271370395291 0.11113137978345584
0 0.7643135577771722 0.9200867749398107 0.0989841338757694 0.13236988229073815
0 0.7700302120064723 0.7314789160060374 0.12093437697836454 0.16421091567683294
0 0.8681069431232796 0.8763033341901529 0.09093261646291495 0.0978130258642473
0 0.9833037808111798 0.6480910691464581 0.03339243837764059 0.10104567445232178
0 0.8815442441186478 0.7308233496295591 0.08797139077317447 0.10084709765100222
0 0.9749711810259504 0.6953608742401653 0.050057637948099296 0.08734688730530316
0 0.6675403770899061 0.8299043926490726 0.13154432835784532 0.1582791644231918
0 0.2665643752808838 0.7698735454602887 0.1040810696514182 0.14031877461060632