0 0.31576037939285273 0.5856907381741829 0.1038491946765232 0.1368235207602467
0 0.19506846638817205 0.1675880425090765 0.09074701680591399 0.08325285178688588
0 0.13608344414505064 0.27082844764227276 0.1170548488211364 0.07808519072219058
0 0.11115242832771985 0.3449371096955513 0.08905718281352519 0.08006418479069151
0 0.2175510310660079 0.6529008014063251 0.1590168557412186 0.11255303262324468
0 0.2552990873780678 0.7827766438016709 0.1211985207602467 0.10321252471457942
0 0.05040995201653499 0.625744099315428 0.09906885277546909 0.09607118676785795
0 0.09169684380385842 0.7455910257031626 0.08318918479069155 0.089184516805914
0 0.48108960764402287 0.6957236072612745 0.17971135771838487 0.12275570357377177
0 0.478146338366651 0.7871616907593716 0.14020318874502422 0.11022652866891196
0 0.8873979574537426 0.6340246922794275 0.1525121877564409 0.10604836463846716
0 0.9072249792025723 0.5315363622413714 0.14900518577927463 0.0965460306460784
0 0.7500942060080488 0.23950407665237705 0.11405718281352524 0.08108285672980182
0 0.8783836906850094 0.31750835433270597 0.14326452174883003 0.10879136266130089
0 0.7318906926621759 0.30214865669043317 0.13200868676785796 0.10053319368794007
0 0.8421198799243254 0.2088217624316518 0.09855951680591417 0.08357118676785787
0 0.6114667406084597 0.06952054600629867 0.09821200692008211 0.03675985376405229
0 0.703040133878658 0.18437356627225374 0.07681185079830274 0.0858048488211364
0 0.6353353221293907 0.07910113444731173 0.08622134288963731 0.04875051779449713
0 0.781146593346748 0.38006275106294524 0.10244852076024671 0.10244852076024662
0 0.680171753385679 0.8032190667665453 0.1086985207602467 0.10270318874502422