0 0.5314820349562037 0.8695411074495777 0.13580609604505725 0.09202878729346083
0 0.29038178755409383 0.8599478857573641 0.10477461733238061 0.09406251324684405
0 0.23824049732523536 0.763873983124959 0.09797831411407198 0.08603175843752045
0 0.1825043135329943 0.6835887715995463 0.11124313861970414 0.09740576805616748
0 0.2588001076971251 0.3747097902038679 0.17036676634364492 0.11817462504240898
0 0.2806536923422159 0.2392435161572508 0.13097648441265974 0.1121230324841376
0 0.09385245089219066 0.4125793563532695 0.11011768119435103 0.10360120435383653
0 0.1365648387555901 0.2842162541763512 0.12272694183801276 0.10560021397248338
0 0.5164762138816409 0.30775787006344957 0.18875613342392406 0.1359623257680484
0 0.5021080752619368 0.21428068857510385 0.1515075056999832 0.1159573606144387
0 0.9221722438834272 0.3318252756062616 0.15565551223314564 0.11170637023308565
0 0.9403129156070108 0.4325147563689679 0.11937416878597844 0.10362105172143128
0 0.9214204399964274 0.6862771626295702 0.15715912000714524 0.08127482576804841
0 0.9397580356633324 0.6527826163504346 0.12048392867333532 0.10485616950744614
0 0.7963154412569351 0.680949800285851 0.13577324505632155 0.11384922359113006
0 0.9335201463364996 0.761522699290059 0.10800887797604233 0.09573414065150558
0 0.7936817501752269 0.8000817462021669 0.11102461733238052 0.09428076805616747
0 0.8482824968210323 0.5953371932996092 0.11011768119435103 0.10360120435383653
0 0.712078654963349 0.18188730690927285 0.09794546312533611 0.10785219473518963