0 0.5316169444807356 0.8876475292686624 0.18145338584218215 0.09634880093507618
0 0.14379709610165045 0.20087721965118313 0.09071925843752049 0.09269656010845857
0 0.2583159530878921 0.1437192255049156 0.07871033175849824 0.10668633723582163
0 0.32936506306935864 0.12303454166349839 0.08161707694917482 0.10045451795398086
0 0.6392261579898828 0.24517420383850155 0.12905756134007812 0.1616556383672898
0 0.7603819061757843 0.2888565470262515 0.1088343413771451 0.11935905405833439
0 0.6013789615254126 0.053508878604732434 0.07536707694917481 0.10041815651766242
0 0.7299826219623661 0.13005371876742033 0.10085815027015244 0.11462610226293628
0 0.5964930209665742 0.26055376414335185 0.13138395317271012 0.18353972872636942
0 0.7418054878494644 0.5075429145126942 0.1250595421027846 0.1366374576491305
0 0.4667533471131408 0.9309874213483853 0.10959823320977691 0.1380251573032293
0 0.18907232433246804 0.7168703791939077 0.0878323606144387 0.14423178903121964
0 0.2583059300527653 0.9048112616092692 0.09989585099579194 0.13180451190385653
0 0.23605645173712975 0.7140180899662962 0.1370337524470707 0.16638859016268803
0 0.15285702742036017 0.8588760720123153 0.09088294954451306 0.09738406010845857
0 0.02448652387698109 0.6190181655928487 0.044171640651505625 0.10179884933607006
0 0.1341665695231446 0.722802216626121 0.08710318511654278 0.07861587939029935
0 0.030672036490852827 0.643277822208707 0.05946925843752049 0.09251475292686635
0 0.34481883812746617 0.8217038458200285 0.13788692431676958 0.14608518052176755
0 0.7505182558208137 0.7279508632830302 0.09713294954451293 0.09742042154477701