0 0.6670199144056844 0.12492294440397797 0.08649391424880086 0.22937958279171564
0 0.13836786706348989 0.8364891047091081 0.0920454025286086 0.09681254464226888
0 0.25035792489848424 0.8790157495962582 0.08825906847545247 0.11079322402541755
0 0.32339490669988696 0.8839838932655922 0.0888202729789593 0.09519549756436803
0 0.6228510934662218 0.7289246517903042 0.12593834361388012 0.162955741882325
0 0.7492622015780712 0.6681899289827025 0.11416023442229636 0.12529210064862326
0 0.610435029309706 0.9226746517903042 0.11335919802510172 0.11279210064862326
0 0.7235741818383146 0.8254939143722059 0.11375971622369896 0.11904210064862326
0 0.6428479225821324 0.4655888547124035 0.14014054595791842 0.18973643019392786
0 0.7281240885289763 0.4500535836090851 0.1357744185677376 0.14595915665497755
0 0.5465059577427093 0.07458339407637112 0.12261308451458142 0.14916678815274223
0 0.4398752259413065 0.06923342086173233 0.11399954811738691 0.13846684172346466
0 0.1655809230435577 0.3022368356343847 0.11195738433001128 0.09091710064862309
0 0.23642075647840502 0.12229419115427179 0.11047402991878956 0.14083528003177212
0 0.21981784007013577 0.30831351177112276 0.1413630845145814 0.1601034772718286
0 0.12372169494278282 0.1882522021113204 0.08297079117755657 0.10133640340856664
0 0.014121403456071848 0.4376675953736173 0.028242806912143696 0.10062729139585787
0 0.11407897979881791 0.3265470888807956 0.09567105027685519 0.10467959172016936
0 0.02148796769102943 0.4118181615262415 0.04297593538205886 0.09470457386326192
0 0.30992001079734166 0.2052918774372796 0.12329540252860856 0.09735801542127549
0 0.7308042072812839 0.23774449838173747 0.10474566162790726 0.10015573295387145