0 0.0730805143397436 0.4753721838414172 0.08970791549465285 0.1114556504675381
0 0.18765766138943624 0.8317489279876847 0.09112496974937896 0.08646474082661797
0 0.13938326697202225 0.7257761839396131 0.09575792759490129 0.07711701190385671
0 0.12094636347942193 0.6454119730690288 0.09264201795398089 0.07866133118569749
0 0.26384589402463055 0.36410236485416403 0.13532948770335987 0.16484427088084708
0 0.2989379906302261 0.2185807865953328 0.11777837334017516 0.10224427693097135
0 0.05678737294739169 0.36061933743221336 0.10524201190385667 0.09592155405833439
0 0.1287845719141194 0.24691538573501112 0.08020565046753822 0.08952610831306043
0 0.45197715309981684 0.3372257265850701 0.2427965540583344 0.10609650565734077
0 0.5201499152982612 0.23760700078556693 0.13661927693097126 0.11797836123992675
0 0.8917815591265 0.7307741760427772 0.17852497579950324 0.06978630093507636
0 0.9318550297596417 0.5195866911680876 0.1362899404807166 0.097684041958086
0 0.7233951734896846 0.794255934823376 0.08805451190385671 0.09582156010845858
0 0.8948701976901814 0.7245059953246178 0.1333488311856975 0.09296018052176755
0 0.7246031494855796 0.7333093444642962 0.11777837334017516 0.10224427693097127
0 0.8462695921075956 0.8310423416356258 0.09582156010845858 0.08805451190385663
0 0.5977598901158057 0.9543672539088248 0.09705680718159222 0.03181360226293641
0 0.7010479956983916 0.8475127450300303 0.09891928903121965 0.08338519262201594
0 0.6258621642181066 0.9502973774453917 0.0924693011314682 0.048973831185697494
0 0.792108291172519 0.6532264138443329 0.10522383118569749 0.09279655405833438
0 0.7349663942210223 0.2316695764121195 0.0911613311856975 0.09271474082661782