0 0.5546458181709106 0.4408906777147575 0.11952765730897053 0.18532186379145837
0 0.06859439004244916 0.7488031355429514 0.10620803207825791 0.09920252583555574
0 0.16628211598375572 0.823841462765278 0.09677247532299771 0.1223854526972918
0 0.2345920249907693 0.8567280043684029 0.09370803207825791 0.09891158510611149
0 0.5543421229235861 0.7874935739912852 0.13092623226282818 0.16842530452090293
0 0.6911004457179752 0.7656393706284034 0.1223732526208936 0.13234233415618063
0 0.5017912145348813 0.9461622923624308 0.11169656847545255 0.10767541527513842
0 0.6261997316537444 0.9237415049370838 0.10424501387966068 0.09291615824437507
0 0.641957248615724 0.5313357993900005 0.15137843460686645 0.19542421561506948
0 0.7302687769933541 0.5451275020872923 0.13617493676633483 0.15294577488562525
0 0.6463161906238462 0.12145165311347277 0.12916347316352947 0.16526393692972233
0 0.5560311520671833 0.08961846523381992 0.11293769586563336 0.15552526101791675
0 0.24298283467146495 0.21299553495361132 0.12449695712440043 0.11679006933854179
0 0.06986670728128395 0.25278146751493064 0.056908938925803156 0.10897626291777784
0 0.2885666425064593 0.2586541802802086 0.1290633436138801 0.1637014369297223
0 0.21720968152454753 0.11459374933440991 0.09577117982650449 0.10676045269729176
0 0.04343581277223985 0.32336607123840283 0.053483550276855196 0.10421602773541672
0 0.17182972547988123 0.2488953609416668 0.09769462523071262 0.08808318787965286
0 0.06597094926171948 0.2769456661281598 0.06518251387966063 0.09200696846486114
0 0.4169104904392761 0.18496471998347258 0.15244028685861988 0.18764808320625015
0 0.7809358127722399 0.34053157427562564 0.1160836798265045 0.107233231382639