0 0.10584846155795544 0.4687152445897237 0.160493114166793 0.19682483887551339
0 0.2509079941462675 0.10518027883374834 0.10369769262201593 0.10143813103709695
0 0.1784557563447118 0.20649037773839166 0.11617951190385667 0.0986768438900784
0 0.1506938498270494 0.2791609996042886 0.10051815046753823 0.09197220282385157
0 0.22708259124284239 0.5753252942731545 0.17917039129415607 0.18487040815498562
0 0.24415594087350004 0.7287087070469938 0.13194086729005097 0.1225689849563052
0 0.04621542808588059 0.5509570947480082 0.09243085617176118 0.11683581050398359
0 0.09681785344128668 0.678317565122837 0.1256635962128121 0.1176996285298145
0 0.4375019407753042 0.6582501398790926 0.19306017447164336 0.1555920851145899
0 0.4643411758463854 0.7441732680131956 0.1539249515990063 0.1419554824490227
0 0.877732551917035 0.44469347591811914 0.23978972872636958 0.1319560083132703
0 0.9217547418085765 0.5308977488793728 0.15067268657189176 0.11998955423577744
0 0.7665142925472612 0.2276543915949522 0.1115738251355733 0.11260295157021041
0 0.9253075095661657 0.32301705271943876 0.1459670058537327 0.11672816191590937
0 0.7607091992613153 0.2856260159681316 0.13194086729005078 0.1225689849563052
0 0.8978461057789777 0.20977290663864698 0.10683178298109546 0.10309155925034227
0 0.6730420693800366 0.04837372004562444 0.09398634933607006 0.04335284639736088
0 0.759038135833207 0.17006921212806564 0.10993860226293642 0.1000574874635877
0 0.7042375272255589 0.05683943791317081 0.09723861436318479 0.06531877461060623
0 0.8117262777165383 0.3778757004495831 0.11784200585373235 0.1159098079967011
0 0.6742292602535367 0.784152095672445 0.10373405405833439 0.107688131037097