0 0.4184017034919994 0.9348207654619515 0.162513952503779 0.1303584690760971
0 0.21908424295453824 0.9150979389495919 0.10885833148532649 0.10685552000387943
0 0.15340530602401328 0.8163258569772205 0.12715330517696724 0.1005735690954939
0 0.12004604543008242 0.7421710087939917 0.10371580517696724 0.09866038273097573
0 0.1972048688111396 0.42820397470528676 0.17786593671876347 0.14358998758216437
0 0.22309107657659047 0.2937332509180839 0.13972889988706055 0.1295913893989355
0 0.04556843966724166 0.4657842387901123 0.09113687933448332 0.11686824879205204
0 0.06324636874055245 0.34269742515463036 0.09948333148532651 0.10609024545807211
0 0.45597990031058355 0.36533641032089875 0.2006509893354819 0.16100062818904784
0 0.4448064528567149 0.2741534298657361 0.15884292093374786 0.1373719384905499
0 0.8661361503105836 0.39881717169996433 0.17134292093374803 0.1383923045516262
0 0.8959685925027803 0.49309320124674133 0.1628933841020448 0.1268170757634536
0 0.7536019980750358 0.808017086393613 0.1069318104386392 0.10047797424624463
0 0.8847525585136748 0.7260970198831931 0.15462585779368573 0.11836684697528099
0 0.7402822216960894 0.7402078330596332 0.14570588410204496 0.12541407242947358
0 0.8616042138741686 0.8270377665492132 0.11345482622365495 0.10567565727678278
0 0.7245900612856851 0.8613813313926432 0.09461382096198286 0.10258260818516866
0 0.67263417718364 0.9670667815278768 0.10235072625188942 0.06586643694424624
0 0.771068761088041 0.6563748380606029 0.1204328683170294 0.11868584030732113
0 0.6435848580760345 0.24406667244887031 0.13026289462538862 0.12726361485312826