0 0.5799025450526011 0.610777142982305 0.14628643912238157 0.15536447921687965
0 0.14568682670593097 0.2127781414696957 0.10010118587597075 0.10219592055068931
0 0.10379756128465548 0.3271794950563215 0.11235572402541769 0.0890075056999832
0 0.09311343141503917 0.40152393119435104 0.1077500446422687 0.09336722376899793
0 0.255078048706049 0.7124335700661566 0.17139553327818294 0.16336264951546725
0 0.31492856128795077 0.8237806154907952 0.12860801542127548 0.12603761213660042
0 0.058571241481878644 0.6775729789647781 0.11235572402541769 0.0890075056999832
0 0.153387089291128 0.8023158888718056 0.12375687418757346 0.11633483020561534
0 0.2760451136408572 0.6763539584337593 0.1793989480508353 0.17484645273377594
0 0.5305496071480353 0.7942727039942838 0.1460409772718286 0.14130197921687965
0 0.9182128429412806 0.498330681369578 0.15045574188232536 0.12600476114786474
0 0.667107859173335 0.23046656613088431 0.1501011858759707 0.10569226114786483
0 0.8624106765437751 0.2894912769104321 0.1377648271096728 0.11419317599857096
0 0.696526577923747 0.29275339868228817 0.11427278003177203 0.10942926634364492
0 0.8016289094976466 0.18668335116396267 0.1047886858759707 0.10252370248167453
0 0.5463022556820428 0.07105372528160726 0.10399775324641088 0.05721120248167451
0 0.6571112962671217 0.17579549162525215 0.10160913879807013 0.09918018119435104
0 0.5720289586041422 0.07598152590202588 0.09637616801906326 0.06760239926336584
0 0.7840208494341023 0.38882500537100706 0.1710409772718286 0.1430501495154674
0 0.7527518896154396 0.7910377153942502 0.10648755357072233 0.11044546312533612