0 0.4474224734988542 0.11772566942262816 0.15109494699770853 0.23545133884525632
0 0.8138839280960071 0.13186497034145125 0.09440592306201409 0.09853175843752049
0 0.7071247818194794 0.11370030209994945 0.0988024823325695 0.08619544954451305
0 0.622076981382639 0.08774049202581566 0.08655705547083344 0.09669643992586621
0 0.33650577013597244 0.247834776957024 0.11780836189159735 0.16492065027015246
0 0.2152133048052433 0.3107117775899962 0.10912303970326401 0.12714783175849825
0 0.33043368882958335 0.05573162826930197 0.10883209897381949 0.11146325653860394
0 0.2260202521842015 0.13675592241785303 0.09589568787965286 0.09546132213985134
0 0.3387274592498962 0.5112524362128511 0.13248911094166688 0.19197422359113006
0 0.2546797675705213 0.5282613761387174 0.1267833183886112 0.14806053248413759
0 0.4698580112053479 0.9046527174310445 0.11620949430041669 0.16330358656782168
0 0.5778341653656605 0.9079190719702155 0.10650718597979178 0.14891370435383636
0 0.824595490119445 0.6592632840437821 0.10883209897381967 0.11464783175849824
0 0.7765794834699313 0.8470286680718658 0.10479921561506948 0.1426091406515056
0 0.7682909387326742 0.6588838273276929 0.122604964665139 0.1697718413771451
0 0.8829190960271187 0.7799825226110368 0.07889002583555574 0.10267362141421188
0 0.9779178990294103 0.5280256638106966 0.04142639342673604 0.10292659255827133
0 0.880445446616459 0.6401114907598713 0.0914627610179167 0.10623513103285873
0 0.9730884682742363 0.5539433230665237 0.05382306345152728 0.09565972958158006
0 0.6948917659550007 0.7638739168907394 0.12256729065319441 0.10107640507947586
0 0.26974564237989646 0.7388442120735668 0.10236389342673621 0.10505457694917482