0 0.8574463128176861 0.35972878087541127 0.2175182736099071 0.12790108576539322
0 0.7630170588116683 0.7475155654231581 0.10324116013203692 0.09840529121570665
0 0.8200079355318532 0.6280641926941221 0.11464755183796278 0.08692565727678296
0 0.8612863378881956 0.5463519360261623 0.1399209539114814 0.09209138939893542
0 0.7066151276151396 0.2750821981541339 0.15175657257314795 0.12098166394474275
0 0.6108227569272227 0.16422405967328224 0.10855337672018486 0.12366038273097572
0 0.9078652693210654 0.2710650225404615 0.11437414976444416 0.08380065727678296
0 0.8371412491515281 0.15738490193745736 0.09583876324231469 0.10245506242753395
0 0.6454424732325468 0.2118166657324189 0.1712092016024071 0.16600712152108804
0 0.45075468982069483 0.20288743119437033 0.14687358294074043 0.1360964809142046
0 0.0543875377471764 0.537564030754725 0.1087750754943528 0.12174693849054989
0 0.19078047384467745 0.7717323813538498 0.13185417568342572 0.12401106909549373
0 0.06384186724754697 0.7416139309045062 0.12768373449509393 0.11096893515657005
0 0.24532100235555704 0.7246183942307274 0.17771347983046276 0.13395989606689512
0 0.10270498392944609 0.8386485565084802 0.10806536116879614 0.10035042848861017
0 0.3444933598011593 0.92983243952932 0.10585902073518519 0.03966802000387944
0 0.2472656282272702 0.8353805510484683 0.10296775805851832 0.09528029121570673
0 0.319903462911437 0.9271856716514726 0.09894463939685175 0.06702774545807202
0 0.16649195626703833 0.6503834109006269 0.12165896946287016 0.11387079454968649
0 0.09596059161138949 0.6559474978739681 0.19192118322277898 0.09594945516044931
0 0.09034026790694584 0.7139992428729982 0.12165896946287018 0.11387079454968649