0 0.10191084438907243 0.38648002075278537 0.09414812307124434 0.1351400166698995
0 0.18079251773717198 0.15000064468976942 0.0951704025286086 0.10258260818516848
0 0.28645103485603507 0.11417510180707283 0.08549501387966067 0.0971298336393613
0 0.38001007017349553 0.0731199249854525 0.1020211798265045 0.11246779121570664
0 0.6497847447582127 0.2049767343688707 0.11968834361388012 0.16986570303441745
0 0.7719112661960125 0.2517405508792906 0.11406010487264702 0.1305481115191484
0 0.6614801156699887 0.04469970142777064 0.1049459207272058 0.08939940285554128
0 0.7677615916112953 0.09820096269800141 0.11375971622369914 0.12586061151914837
0 0.6396437769933542 0.4723715284595153 0.13797726866002263 0.1884562063683973
0 0.7311804349206336 0.47500257875907764 0.11692428901808824 0.15098815727678297
0 0.49503007480619915 0.8735350289185572 0.11928782541528271 0.16361570303441758
0 0.3899420566076019 0.888330594680071 0.10003717766703613 0.15427265394280312
0 0.1376762546327037 0.7985656904474039 0.10362325262089364 0.13746779121570682
0 0.1854035533683994 0.8420767033242814 0.11027377081949093 0.14422797424624473
0 0.20249782310815617 0.6844714974149262 0.12507675046142533 0.18118584030732113
0 0.08762618985787904 0.8034284046917091 0.09547079117755655 0.1072701081851684
0 0.013897309533037352 0.5675064933320402 0.027794619066074704 0.11058655575957417
0 0.09225073797526591 0.6584985419646128 0.09230621838316741 0.08214256242753386
0 0.014323458900885206 0.6077488560591366 0.02864691780177041 0.09639651000193972
0 0.2681042342746381 0.7521694383213721 0.11139617982650449 0.11323306576151389
0 0.7010564366186764 0.6904043092142402 0.11099566162790708 0.10698306576151388