0 0.6059023888046606 0.8920015716765152 0.0905352711033185 0.08748513103285874
0 0.8250439009795253 0.8324257081516697 0.09692163879807011 0.09551588584218215
0 0.8526524780891981 0.7286385092401287 0.09357845048646744 0.08290675843752063
0 0.8791252491925163 0.6451365284774224 0.09050799756436803 0.08592263103285873
0 0.7317180097425279 0.35700406750016395 0.16440914772652385 0.11504962504240898
0 0.6753334163975054 0.22839542866275683 0.12531937418757338 0.1121230324841376
0 0.9013310803593789 0.3582367292030618 0.10487050649282174 0.10360120435383653
0 0.8423436383943284 0.2443899948121584 0.08749209172016928 0.09206350362819704
0 0.4645986935899038 0.34376742440158764 0.18507620373287814 0.13607145317271013
0 0.45368055884902353 0.2527059147829408 0.14574096834337485 0.11908236061443878
0 0.07581949878383165 0.45671628067003905 0.1516389975676633 0.11639387023308564
0 0.07056123153583217 0.5588963395630465 0.14112246307166434 0.10049605172143128
0 0.278609231742646 0.8328869441870355 0.09678527110331832 0.08770338584218215
0 0.1256575556059079 0.7728249195074461 0.1455773271096728 0.1097073606144388
0 0.27512176745646094 0.7639732530800429 0.1346125535707224 0.10776291469812271
0 0.17706432265203648 0.8731175853866953 0.10311709172016936 0.09260914065150558
0 0.3192245491130862 0.8796453822988031 0.08280459172016937 0.09189981252120454
0 0.4160665470844912 0.9712599468657743 0.08700116801906325 0.05748010626845144
0 0.2248274870176518 0.6895164009031246 0.10799550649282175 0.10371033175849824
0 0.2424294131510946 0.26330856496827526 0.10810460064862308 0.10996033175849824