0 0.8091797139585154 0.35885167815025454 0.27778578243518837 0.17337282455550557
0 0.8266960878240586 0.6860042384517566 0.11157092055068922 0.10698306576151388
0 0.8403758115930564 0.5792440554212185 0.09794546312533621 0.11208515394280312
0 0.8636819076381137 0.4903410520872386 0.10811813861970414 0.10204047424624463
0 0.6939203367387778 0.24086656588220007 0.18105289406758587 0.14528003333979883
0 0.6268963637260845 0.13292626224865778 0.14278806956195353 0.13128143515657004
0 0.8874025389683506 0.1955547105719695 0.13185056956195354 0.13038861485312828
0 0.8002081775880547 0.10945745603004162 0.10888296312533621 0.11297797424624481
0 0.42996174354371214 0.2942617302859848 0.20892652179152654 0.166198311219586
0 0.4099166773359532 0.21433498528695458 0.1660834579295562 0.1533795757634535
0 0.06506299924369537 0.49968139348182145 0.13012599848739073 0.14438721303635713
0 0.062129387359196375 0.6041138019665524 0.12425877471839275 0.14100712152108805
0 0.2757020343536483 0.8117677078662094 0.10364915990702758 0.10478283697334127
0 0.10695738819237559 0.7921402183271911 0.15685056956195362 0.132429346975281
0 0.27298657977828683 0.7506229137755648 0.1333038089182919 0.1289536606107628
0 0.18059734796351717 0.8832278618090126 0.11414961733238065 0.09942565727678314
0 0.4369459009297243 0.927552720284045 0.10840236188449896 0.06167056576151388
0 0.32331472568745795 0.8529349707430871 0.11636768119435104 0.10892820303441733
0 0.4096567812515552 0.9290035210426495 0.10291718639013112 0.07209788273097573
0 0.1914741358465871 0.6943566804454643 0.1202246547112475 0.14186824879205204
0 0.20004465060074814 0.27185979817353056 0.11702324505632147 0.11830320303441741