0 0.695237371341609 0.8658933684341775 0.09535913879807012 0.09491534639736088
0 0.8950543648487873 0.7717582381885035 0.10805005357072232 0.10621655925034226
0 0.9080026038917388 0.663596397201419 0.11413641233702024 0.09702341567683312
0 0.922745168015768 0.5687612703209571 0.12696369480442443 0.1161371285298145
0 0.7137757224005646 0.3174929723533859 0.17413870373287815 0.13468855172849495
0 0.6336188437487642 0.19881351702225186 0.138092109577077 0.12739287727617327
0 0.8804041148520827 0.2903263817620128 0.11602619480442442 0.11581887978345566
0 0.7997387215897857 0.18724919437756737 0.09859323295387146 0.10125627461060623
0 0.4495865373353727 0.34728680628084146 0.19798530681713333 0.15880801332783517
0 0.42146944561520333 0.25745141646825587 0.15854097727182856 0.13579641066226814
0 0.08955083847046322 0.5226539014910682 0.16322847727182857 0.13593280298213628
0 0.10069861850223531 0.6244891861308042 0.15821369480442446 0.11704641066226813
0 0.3601902154974105 0.8623913175636126 0.1047886858759707 0.09831313103709718
0 0.19713110794892846 0.8256318004748537 0.15527960957707684 0.1278929824490227
0 0.3425839297835955 0.7931639444440745 0.14426028896022594 0.12288723370266404
0 0.26901183643857307 0.9175214352728744 0.1127375535707225 0.10635295157021005
0 0.5294232309186859 0.9762599377801567 0.10106366801906326 0.04748012443968648
0 0.4046084172016938 0.9019455625490476 0.09859323295387146 0.10125627461060631
0 0.5004897073797355 0.9742882608205526 0.09955571509696384 0.05142347835889467
0 0.2805554882255819 0.7288908442857898 0.1160534683433748 0.11738137978345567
0 0.21535185917003977 0.30377117234075063 0.11767051542127546 0.12055184389007838