0 0.5359375 0.925 0.121875 0.09609375
0 0.16171875 0.81171875 0.084375 0.0890625
0 0.26640625 0.86171875 0.075 0.09609375
0 0.346875 0.88046875 0.07578125 0.0890625
0 0.63046875 0.75234375 0.16328125 0.15390625
0 0.77578125 0.70703125 0.09921875 0.11640625
0 0.63203125 0.94765625 0.09609375 0.10390625
0 0.74765625 0.86171875 0.096875 0.10859375
0 0.66640625 0.5546875 0.08671875 0.2265625
0 0.759375 0.4859375 0.115625 0.134375
0 0.35078125 0.11484375 0.07734375 0.22890625
0 0.4828125 0.06953125 0.09375 0.1375
0 0.20859375 0.28359375 0.09375 0.10390625
0 0.27734375 0.10546875 0.08984375 0.13046875
0 0.265625 0.275 0.1 0.115625
0 0.1703125 0.153125 0.08515625 0.09296875
0 0.04375 0.40390625 0.02421875 0.09140625
0 0.1515625 0.29765625 0.08046875 0.09609375
0 0.0484375 0.371875 0.046875 0.090625
0 0.34921875 0.2140625 0.08515625 0.103125
0 0.76796875 0.27109375 0.09140625 0.0890625