0 0.5098083685287909 0.13131455362034786 0.13863683674699842 0.10463791469812275
0 0.2698659079913298 0.11119299346139606 0.11207433674699833 0.1037103317584982
0 0.20755635281436255 0.1998264183263198 0.10380681043863911 0.09562501324684387
0 0.13894358973077012 0.2757143065307547 0.12998987884037314 0.11681053248413757
0 0.18627653213472845 0.5920684820286507 0.17795694198043535 0.13719744355406327
0 0.19237607173844165 0.7292783053496283 0.13981990514873238 0.12495041469812271
0 0.04119982259504302 0.5331870114327454 0.08239964519008604 0.11319445916315996
0 0.04454535949733313 0.6557986214142119 0.08909071899466627 0.10332838584218215
0 0.4365579822194331 0.6900521473597456 0.19274748407381015 0.1501885168750409
0 0.40857792441162993 0.7806672236759482 0.1586609104104042 0.127167679126093
0 0.8406994506494019 0.7135591462634372 0.16794490514873245 0.12593256134007813
0 0.8844865189805489 0.6203647069705432 0.16307539462538898 0.12264387023308565
0 0.8845767952183209 0.5381697658635506 0.12621243145709152 0.1322718413771451
0 0.8997075135071155 0.3993528025240395 0.15213789462538863 0.12226192431676956
0 0.7580429292497788 0.34508691005843534 0.1915644156720761 0.12987601687504108
0 0.8891556923333711 0.2713815699472347 0.1124537683452644 0.08345239546082901
0 0.7970291055157857 0.29399812521204505 0.12669827886860788 0.08706846878180681
0 0.7699275501976441 0.23512163301659336 0.0993923262236546 0.10014882213985137
0 0.7780222293062484 0.4052803655933982 0.16905237884037305 0.11817462504240908
0 0.6481339770989355 0.8477456293883963 0.16049642619541976 0.13190974282842377