0 0.11953125 0.5703125 0.07421875 0.1234375
0 0.1625 0.80703125 0.08203125 0.090625
0 0.2640625 0.84296875 0.07421875 0.084375
0 0.34921875 0.88359375 0.08125 0.09609375
0 0.64375 0.75390625 0.09609375 0.153125
0 0.775 0.709375 0.096875 0.1140625
0 0.63046875 0.925 0.090625 0.09140625
0 0.75078125 0.859375 0.09140625 0.1109375
0 0.6765625 0.4875 0.11484375 0.15859375
0 0.76875 0.4859375 0.09609375 0.134375
0 0.5953125 0.0875 0.09375 0.14609375
0 0.49140625 0.071875 0.08515625 0.14140625
0 0.41328125 0.09375 0.10859375 0.1
0 0.27578125 0.1171875 0.09296875 0.128125
0 0.275 0.28046875 0.08046875 0.128125
0 0.16875 0.153125 0.08203125 0.096875
0 0.1953125 0.171875 0.05234375 0.15859375
0 0.1515625 0.303125 0.08046875 0.084375
0 0.06171875 0.3140625 0.05703125 0.09453125
0 0.3421875 0.21953125 0.08046875 0.10546875
0 0.77109375 0.271875 0.09765625 0.08046875