0 0.5694751568670549 0.8078435617379605 0.09946016141722502 0.2651137449116174
0 0.22911026599526152 0.8084255744011166 0.09280465186945541 0.09512879353213614
0 0.3338578881957228 0.8554876028952476 0.08113344606059662 0.10541119629109837
0 0.41984293238686404 0.8619622529406762 0.08307445435896632 0.08994997060135787
0 0.7061687508484145 0.7175383870435882 0.1085965178461393 0.15976450361804453
0 0.8321266769882794 0.6615230031678188 0.10731743776222666 0.12234639077317447
0 0.7052602141304505 0.881515677862191 0.0997650468904336 0.10483134215265544
0 0.8176292369509675 0.8324872783825894 0.09533765601864026 0.08748006784239593
0 0.7128401902610265 0.4536463054063823 0.1292409045687478 0.1857471494796016
0 0.7981856944102115 0.441330011874246 0.12123822780418295 0.14175148801421233
0 0.5883656056037218 0.06578715541672461 0.11460971950581325 0.13157431083344923
0 0.4833937630722545 0.05835365332478887 0.113662526144509 0.11670730664957774
0 0.23018902054543172 0.23265429047991865 0.1258306394219008 0.12020403663473138
0 0.27854124232633015 0.09442727216255294 0.10177783278320493 0.13139384215265534
0 0.28440384648015943 0.27530545793820166 0.11077432448483515 0.14742827792830404
0 0.17114406203728055 0.1573134537543302 0.08065984937994446 0.09916119629109836
0 0.16919324357573 0.2868338574178034 0.08837726099766212 0.0777775192218769
0 0.07558679876453331 0.3764496353461074 0.05206125269929238 0.09143722749876285
0 0.35943789004660065 0.18901607587145458 0.12081125269929238 0.0950402623244719
0 0.7866525080978771 0.22702185040885672 0.10601504689043359 0.10515889077317438