0 0.326421944361112 0.9027888388064895 0.13514001666989942 0.09564623195336779
0 0.09799379754531069 0.8218069128671175 0.10427265394280305 0.09796574855010753
0 0.07984931754919003 0.7166691269743461 0.09738492515463038 0.08967965186945541
0 0.05472035347406277 0.6251202444009227 0.10944070694812554 0.09531434523075966
0 0.23890416377556484 0.34747160892771406 0.1602036606107628 0.1363663203356503
0 0.2986614142346068 0.23172913237293083 0.13054811151914833 0.11548513527271587
0 0.061114003623843983 0.3395020531142109 0.10647288273097573 0.10589664772027056
0 0.12238595665826146 0.23409342531467217 0.10752519970043757 0.0997650468904335
0 0.5029666637755648 0.3674810686852651 0.18376870636839726 0.13970480788809567
0 0.5184956821124542 0.2735418145360803 0.15073306576151388 0.11546182448483525
0 0.881219596347061 0.5101253128856951 0.15711061151914835 0.11749792116548737
0 0.8812040077067298 0.6162452583215916 0.15478283697334091 0.10800452199532415
0 0.8453305384614549 0.6897769240884942 0.1173784318225902 0.12535704274124876
0 0.8007040804260676 0.8223875919299892 0.14435552000387944 0.11342572780418295
0 0.6447091719413367 0.8074226749136869 0.16466802000387942 0.11496491701630233
0 0.7460009917857364 0.92436356641018 0.11403029121570682 0.10336364357108571
0 0.6659785229995034 0.8742792108064581 0.1285393303053814 0.0718535344428787
0 0.5997159231492847 0.9156369939999373 0.10414510818516849 0.09640324855010754
0 0.550003223448847 0.9788758968950779 0.11014001666989941 0.04224820620984424
0 0.7257038225501599 0.7396683350815121 0.11036315727678296 0.11550844606059663
0 0.7311551787784744 0.30695000084841456 0.09435552000387944 0.10963695435896632