0 0.561899515419898 0.20469260316729843 0.1171703610435351 0.2723593893637169
0 0.1716290394240032 0.16650641858526066 0.0880363311856974 0.09728379465362354
0 0.285982430914551 0.1098630344832157 0.07561814441741399 0.11061825256024874
0 0.36346708148028506 0.08113952403045917 0.07565450585373243 0.11686825256024877
0 0.654777361829102 0.2149027900978234 0.10556926483072289 0.15765985253201392
0 0.7784915969001831 0.2943866217949114 0.11484427088084707 0.14101838410204498
0 0.636386951893594 0.037191738443587016 0.07248405405833439 0.07438347688717403
0 0.7578256146577724 0.08784819545831728 0.09113406010845856 0.09277830517696724
0 0.7270200004909793 0.2817647954300824 0.15244426483072288 0.16039001038216938
0 0.756352455606027 0.4753026928274814 0.12108518052176756 0.13981990514873247
0 0.4657122574248663 0.8975619136059375 0.10556017447164337 0.156097352532014
0 0.20972639871902238 0.7328447791509567 0.1162795058537325 0.11923438936371689
0 0.2573412212223169 0.8714298660391293 0.09607609016268785 0.13680132096198286
0 0.25297240467095067 0.6826858844549808 0.11657039734428025 0.16923438936371688
0 0.15373495307194435 0.8259192159403075 0.08806360226293633 0.10197129465362371
0 0.034867820165603546 0.5844891210890397 0.028724963699254768 0.10476309471009326
0 0.1405178564663488 0.681425763295354 0.08492042154477705 0.09866428413027997
0 0.04018657924078985 0.6099518526731883 0.056786331185697446 0.09546368942018653
0 0.33760141384433284 0.768351097693865 0.10999314441741408 0.1126203683170294
0 0.37690883265863545 0.8582179635212329 0.07791696350286301 0.23727175782192056
0 0.2925792844540335 0.8553197476515126 0.09748405405833438 0.11032982622365495