0 0.5077009524429273 0.6218441885715796 0.2023330955329392 0.12291597743445788
0 0.8728766120772745 0.2726076843484375 0.11105312406898663 0.10621655925034235
0 0.8922365800265706 0.3944288600544004 0.12162675103345748 0.09872230799670109
0 0.8955199377606189 0.47510219853420244 0.12475175103345748 0.09881323620994635
0 0.6762625537668349 0.7315782044066973 0.18176803846084474 0.1504044799417404
0 0.5623391408227187 0.8260519669431096 0.15320639081820958 0.14021112602253183
0 0.8708836949993293 0.7521049677345324 0.11984592721213971 0.09398934389007838
0 0.7574868209303427 0.8520702123242561 0.13997864474715094 0.12422241316955071
0 0.5674504799455173 0.7331059489964209 0.1720334735308672 0.2094157670887588
0 0.3916670758927414 0.7616304511079919 0.15825776385373888 0.14816001834239997
0 0.07776962737875548 0.38538122202418146 0.15553925475751096 0.13602373119538153
0 0.32698837737875547 0.16832306881725376 0.12584337014004515 0.12225073620994645
0 0.16161593445085004 0.19167433762187225 0.15240587014004517 0.12302362602253206
0 0.3475512803980741 0.23072378041659397 0.18787248924663302 0.14746133636823097
0 0.23849311166298975 0.10316341857982692 0.11581339867609249 0.10791545157021036
0 0.5040496451614358 0.045176388492437346 0.10538101282028159 0.051438131037096956
0 0.3853124536812724 0.12542852665567028 0.11879284946188076 0.10488137978345571
0 0.483591595947224 0.047710355106342486 0.10469180810555194 0.07014266693047427
0 0.2150790746498871 0.30353549162022275 0.18547523531769156 0.16299540815498564
0 0.18574671567749368 0.7149587249271754 0.13529114474715104 0.12408602084968265
0 0.29145544582338956 0.09140521615168673 0.09669952564056317 0.09955738229073821