0 0.5010496092724303 0.8179603653825342 0.12483972970625654 0.2517508986760923
0 0.2049080618478058 0.7940497146395271 0.09840529121570665 0.09953342721213972
0 0.3186036421531872 0.8616075498333842 0.08874324879205205 0.11464900496239849
0 0.39463985473050245 0.9063978190638066 0.0920913893989355 0.13659677956950453
0 0.6891236941197396 0.7955888674494489 0.11795225879399177 0.16737589867609232
0 0.8187636545710228 0.7152378955712113 0.1270085233378591 0.1257705955329392
0 0.6666103206417976 0.9628447181541837 0.08316292848861018 0.07431056369163258
0 0.7943847632152333 0.921903118482906 0.11565643515657005 0.1392508986760923
0 0.7618917722990891 0.7336025978047417 0.16157471303635712 0.16785108767505647
0 0.8016086212312239 0.5432173463569996 0.1360964809142046 0.14175946856846852
0 0.5217471963664577 0.09901562034493294 0.12161939273291544 0.15509422249741003
0 0.2574928619781904 0.23691576488719618 0.13313097758022469 0.12449919396136275
0 0.31136767682162036 0.10556091108208925 0.10784393515657005 0.13888702564056316
0 0.3016093948589473 0.29111526736839555 0.1339598960668953 0.17279114474715093
0 0.20602634364130096 0.14034682588823216 0.09878792848861026 0.10422092721213971
0 0.08030809289239493 0.36408392473094037 0.03628792848861027 0.10130994292790536
0 0.18899782455550554 0.2749743829603267 0.09269742515463038 0.08681510339082213
0 0.08555370228551144 0.3425364104629168 0.06702774545807211 0.09651543507002262
0 0.38678187818904786 0.20947146918764115 0.1319830657615139 0.11043669396136276
0 0.24743259364130096 0.1422753529765374 0.08042030788560606 0.184306533498446
0 0.34140586318613836 0.1303083540099947 0.11699579454968659 0.11752144789030416