0 0.11862571750988378 0.42421875 0.0772806383672898 0.1234375
0 0.1668824520899857 0.18671875 0.0833488311856974 0.0921875
0 0.26864039481019747 0.153125 0.07706246974937896 0.0859375
0 0.3548051537871879 0.1140625 0.08026019262201593 0.0984375
0 0.6547819070086417 0.25234375 0.11647040339440444 0.1453125
0 0.7771881721339522 0.2953125 0.09911018657189175 0.115625
0 0.6370500272255588 0.07734375 0.09272383118569749 0.0921875
0 0.752315958041914 0.1390625 0.09284200585373234 0.1125
0 0.6719865459651067 0.51796875 0.11658857806243947 0.165625
0 0.766513250785567 0.51875 0.09922836123992677 0.1359375
0 0.582977025477043 0.91171875 0.09772040339440444 0.1453125
0 0.4781940767067071 0.928125 0.08832722267624522 0.1421875
0 0.4009912272724412 0.90390625 0.11151928298109551 0.1
0 0.26363667301771504 0.87890625 0.09294199980360833 0.1296875
0 0.263001389643836 0.71953125 0.08520222267624522 0.1421875
0 0.15604688681516565 0.840625 0.08651928298109554 0.1
0 0.19451903435583764 0.8078125 0.08214994554888215 0.1546875
0 0.1443968353891099 0.69453125 0.08334883118569744 0.0921875
0 0.04695875400702075 0.65703125 0.07713519262201593 0.0984375
0 0.3344582331261736 0.79140625 0.09899201190385672 0.0953125
0 0.7629241215916592 0.7328125 0.09890110831306043 0.0796875