0 0.40723948177419655 0.7824734500276866 0.14872027531256146 0.28547402991878956
0 0.7743872870390069 0.8968291532945758 0.0971329495445131 0.10288277297895938
0 0.6565078170760739 0.9315570018457013 0.08663195916315977 0.11468186613141391
0 0.5736853933922765 0.9411953558739394 0.08259922359113023 0.11760928825212105
0 0.28677321435100145 0.7567446599298642 0.1495337524470707 0.1748369185677376
0 0.17874494874190486 0.6887480266795871 0.11842759618646848 0.13230945712440043
0 0.30258171970847914 0.9485247424418608 0.08350695916315995 0.1029505151162784
0 0.18637885555066128 0.8513178778516064 0.10888890507947595 0.1270211798265045
0 0.3256273832254755 0.7427915838962725 0.16107145317271013 0.1927253254152827
0 0.2268724578123975 0.4765076449704694 0.13309029691210789 0.15039812307124442
0 0.5560292559904498 0.1092338139996323 0.11919148801910033 0.15418445712440043
0 0.8027678136175129 0.3756049953672963 0.0973164880191006 0.15278264342930994
0 0.7603422445577044 0.17791966455334268 0.1078720421027846 0.14254605027685524
0 0.7410862691524758 0.3481623133813235 0.10587303248413775 0.12994592072720587
0 0.8574330101668011 0.24521539095607459 0.09729664065150559 0.1075702729789593
0 0.9508828766868713 0.5064613764581051 0.052038704353836354 0.10622901603912886
0 0.8562648358500315 0.39077821483019787 0.09406251324684405 0.10424501387966068
0 0.947904209626496 0.47964855258398187 0.06270338584218216 0.09911742288667433
0 0.6484027505481542 0.24434809607789018 0.14561014427970279 0.19641152991878957
0 0.24890125835270246 0.24928381091731336 0.1065079495445131 0.10348355027685516