0 0.6059936191051921 0.3293815184725937 0.14164485030926066 0.176834485014259
0 0.17212944682549963 0.1808611463240744 0.09333515394280303 0.09814355702175907
0 0.27847529955065636 0.11490537271416716 0.08198306576151389 0.11111244872768503
0 0.35202449879205205 0.08093162243134325 0.08223815727678296 0.11423744872768504
0 0.6628021153121703 0.18671627337356606 0.11575203000581898 0.16370976842611093
0 0.7981494260727142 0.2543446878409274 0.12385157242947357 0.1489049746466665
0 0.6174264871231224 0.02549155819953759 0.07860297424624481 0.05098311639907518
0 0.7474645445496865 0.05083401932106548 0.09410042848861018 0.10166803864213096
0 0.7451041744057243 0.2503304225723625 0.16198930121764638 0.15999829952888864
0 0.8014173025947722 0.43896369561662185 0.12777379788366652 0.13994007775694417
0 0.5693208613984622 0.882583722384075 0.11524184697528099 0.1574597684261107
0 0.2893947610892014 0.7402662491515282 0.11999324879205205 0.12064327360990727
0 0.35615131063985783 0.8736946123465745 0.10277379788366643 0.13775286116879606
0 0.32593829684489634 0.6867120221957876 0.12563721303635714 0.17077997464666658
0 0.24613871078963903 0.8368965328462041 0.09371779121570664 0.10283105702175917
0 0.09374793699273784 0.6086723709707409 0.040975428488610265 0.10287072177194431
0 0.21331075108726177 0.694991996842454 0.09033769970043756 0.09943265494824054
0 0.10191112335725587 0.6315630668237038 0.06221269970043758 0.09697203628657398
0 0.4183008821512476 0.767543065692408 0.12286315727678296 0.11779167568342572
0 0.5090371945787815 0.8477295602257879 0.08893418061464224 0.2342765466541664
0 0.3880391683659844 0.8402184395378709 0.08249324879205204 0.11736244872768502