0 0.6159274976836482 0.36233556326345845 0.15961243676633483 0.1613663203356503
0 0.3018856955518664 0.8642238302844053 0.1077705320782579 0.10457094606059662
0 0.2252650339239592 0.7711142929417413 0.1200702729789593 0.10239313942190087
0 0.19243394509044112 0.6998079780046756 0.11049501387966063 0.09855774440092269
0 0.24791917488925902 0.36510016866668754 0.18587454811738685 0.15869160622842174
0 0.26896525524178727 0.24025353401867164 0.13719721622369913 0.127014631123531
0 0.07609304210040721 0.44013882531002774 0.1019210502768552 0.1103473493799445
0 0.1154886042543382 0.30762140062005555 0.10973355027685519 0.11093934523075957
0 0.2700840715577715 0.39246722945456824 0.20562584361388012 0.17573739627037802
0 0.48812626542082016 0.20559050102568524 0.16027377081949085 0.14742221950581333
0 0.9382974437061652 0.37906724167840833 0.12340511258766966 0.12843542116548728
0 0.8178437577057973 0.6955946586947107 0.10640829117755653 0.1075775468904336
0 0.946278128082319 0.5877793908485713 0.10744374383536197 0.12003092531467204
0 0.7929648712163179 0.6503772470769931 0.16339877081949084 0.1476590178461393
0 0.9438080185815808 0.7033102250816687 0.11238396283683834 0.10805114357108572
0 0.7387837206902941 0.8829305605641661 0.10436612739018099 0.051445946060596624
0 0.8106110510428224 0.7542359528858519 0.11079540252860873 0.10324524440092268
0 0.7562017581672228 0.8729752201072912 0.10088018198597268 0.06984074855010754
0 0.8530128948135859 0.5461265323450645 0.12752182757475125 0.12161673610255282
0 0.6971415175802884 0.1473599134685955 0.10973355027685514 0.11093934523075957