0 0.3975352934244527 0.09738875994875493 0.1264727711033183 0.0938469336130419
0 0.1666086217519415 0.178252286717964 0.10160913879807003 0.09976504689043356
0 0.1426274253226639 0.2833308730256539 0.09363299756436802 0.08979805103961844
0 0.10827179058178364 0.3766790539394035 0.11095686525911974 0.0989129419114116
0 0.26944466436232 0.6468703869231011 0.16602619480442443 0.1249319128671175
0 0.32945268424782237 0.7682708676270692 0.12216710064862309 0.11536673610255281
0 0.09914580113179516 0.6605571464708706 0.10015573295387141 0.10589664772027056
0 0.15886744885831897 0.7655513771748387 0.08595686525911975 0.09701855518880328
0 0.5421963717486461 0.6316784817296534 0.175592109577077 0.13657980788809568
0 0.5516452840856665 0.7248364858788383 0.14396028003177222 0.11233682448483506
0 0.9255052449252176 0.4866904875292235 0.1489895101495648 0.11304721950581324
0 0.929313173294069 0.3845359916784083 0.14137365341186198 0.11124792116548728
0 0.8995825831954575 0.3112411242518318 0.10204551542127546 0.12476504689043359
0 0.8634796676120262 0.1700367064103368 0.13502165665497756 0.136626429463857
0 0.7302950206962813 0.20359733545927536 0.15034664772652384 0.12062292116548727
0 0.8144461038950339 0.09474163110030905 0.10273526217486477 0.07488344606059653
0 0.7297262305182395 0.12619438587419385 0.12145798863591431 0.07474173610255286
0 0.6742205243497292 0.0834633568298997 0.08121481818121908 0.0935383576783142
0 0.5818772913958579 0.010790715657367436 0.10402502678536116 0.02158143131473487
0 0.8060978157455871 0.10945532653620568 0.09546823295387127 0.10554145020978142
0 0.8028805016182625 0.6870242194825914 0.15037392126547394 0.12218542116548736