0 0.3326458030430817 0.7861460834701834 0.16835578813517146 0.27474439273291545
0 0.05183674354371217 0.7060271172690242 0.10367348708742434 0.11154302000387925
0 0.13931642012336082 0.784838030295683 0.09849176634364491 0.11989765394280312
0 0.20074023918111134 0.8062349271114844 0.10219592055068931 0.10621779121570682
0 0.5265650478473016 0.7345842281599528 0.14962793144645267 0.18466152667183913
0 0.6627046436402573 0.7094890201245655 0.13138067599857095 0.14588606909549373
0 0.45788111380295893 0.8947721711924306 0.11902278763096841 0.12468074879205204
0 0.5830832095959145 0.8705697834604852 0.10989915990702741 0.10529302000387944
0 0.6303066789254371 0.5062841428536016 0.15580152179152656 0.16186175546001175
0 0.7201340034310693 0.48807653466843315 0.14686356436617345 0.16734648091420468
0 0.6790869304380464 0.07696214423072748 0.1430501495154674 0.15392428846145495
0 0.5889589571732514 0.05712781188390309 0.13280106436617345 0.11425562376780618
0 0.279059797266224 0.15277521620115914 0.15180243664223275 0.1491066639447427
0 0.19950869108170816 0.1017864142346068 0.08908391535490923 0.1408798336393613
0 0.30588474119792364 0.2135055510484684 0.14951867080279085 0.1830990266718391
0 0.25242052363311196 0.0671724271114844 0.10296074505632147 0.11715529121570667
0 0.06236433414088769 0.2745538477241869 0.07494500569998319 0.11642196757828502
0 0.19558637956552624 0.20231257271933772 0.1032121173323806 0.09853283697334118
0 0.0847363608760928 0.23233452575375518 0.08678944183801278 0.10806733363936134
0 0.44277808984087086 0.1331966845283502 0.16256497402109957 0.1919318927329154
0 0.7930955280725873 0.27782481875713805 0.12538204827463026 0.1267534318225902