0 0.55234375 0.91875 0.06328125 0.1625
0 0.16171875 0.81171875 0.084375 0.0890625
0 0.27265625 0.865625 0.07421875 0.103125
0 0.35 0.896875 0.07109375 0.1234375
0 0.6578125 0.7546875 0.121875 0.153125
0 0.77734375 0.70625 0.10234375 0.11640625
0 0.61875 0.94765625 0.06953125 0.10390625
0 0.74765625 0.86640625 0.09453125 0.1125
0 0.634375 0.73359375 0.12734375 0.16640625
0 0.759375 0.48828125 0.115625 0.13046875
0 0.4859375 0.06953125 0.1 0.1390625
0 0.20546875 0.26796875 0.07265625 0.10546875
0 0.27578125 0.10390625 0.090625 0.1265625
0 0.27109375 0.278125 0.08984375 0.12890625
0 0.1703125 0.153125 0.08515625 0.09296875
0 0.0421875 0.39609375 0.03828125 0.1
0 0.1515625 0.29765625 0.08046875 0.09140625
0 0.0484375 0.36953125 0.04921875 0.090625
0 0.37578125 0.19609375 0.10859375 0.16796875
0 0.76640625 0.23671875 0.0875 0.1234375