0 0.5226529839480902 0.15877756737373544 0.14695296086541704 0.27432961850553056
0 0.2224937961653465 0.8754464646932221 0.10087412860909728 0.10640573295387128
0 0.3406073633196868 0.9007174257329963 0.0996025693385418 0.11887845941492117
0 0.41488066470645757 0.8970781826328551 0.09455139342673621 0.10317163879807012
0 0.6529300978364578 0.6680144253292545 0.18038109707395833 0.16714440990138843
0 0.800732471411562 0.6256069626679226 0.12344011284152785 0.13647506249917604
0 0.708594297115277 0.8935132573101912 0.12002417211208342 0.12392051542127547
0 0.804108778497916 0.7825154817426461 0.12173214247680555 0.13019778896022594
0 0.666632841186944 0.48191328409555245 0.1443344943004167 0.16182961850553051
0 0.7392540300165275 0.41504733807331196 0.14582425911805572 0.158731892044481
0 0.49454747416444433 0.09620897808590274 0.1296550516711113 0.1924179561718055
0 0.38397365007624995 0.07802292694916464 0.12547539152687506 0.15604585389832928
0 0.15439002716673583 0.34560105194916463 0.11341049620027785 0.10818642126547413
0 0.19145753533486096 0.16221580763120752 0.12064242116215293 0.15048301542127546
0 0.21781674753145802 0.33824647362167587 0.12860039152687514 0.1568693831160272
0 0.09447212614055536 0.23575449350717825 0.10570709897381954 0.11273755357072242
0 0.022824423585433837 0.5033198689125677 0.045648847170867674 0.09766593262955983
0 0.10597005775194412 0.37924539488715003 0.10418096656500012 0.11427278003177213
0 0.027067073803853987 0.47522214245151806 0.054134147607707975 0.09955571509696384
0 0.27959200854937477 0.23408507914156296 0.132233231382639 0.11163870373287824
0 0.7051011548259025 0.20479167654707045 0.111920731382639 0.11128414772652381