0 0.5103362344198619 0.8758916842377419 0.11533928495361145 0.24821663152451628
0 0.8396055071212855 0.8910658143355876 0.08811955547083343 0.10026195435896632
0 0.7370623885801744 0.908251469104828 0.09553201196784719 0.08366645020978147
0 0.6534329241993758 0.9338891639160247 0.08176045269729179 0.0951008576783142
0 0.3564462085843062 0.7725676199253761 0.1114856267092362 0.16598204274124875
0 0.23095459289298673 0.7084673858974158 0.10592530452090292 0.12812684523075965
0 0.36562510609510496 0.9540686722027836 0.10407186379145834 0.09186265559443285
0 0.2552675279228479 0.881881575109535 0.0942604526972918 0.09604805103961808
0 0.33701883567479207 0.5074987269789906 0.12616637575930573 0.19361013527271584
0 0.25084494633211846 0.4908305226200242 0.12202308320625013 0.14962333693238977
0 0.4347036147413889 0.11404657013515765 0.11144925911805573 0.16441954274124865
0 0.5383734753987153 0.11176386495099873 0.11112195079743063 0.15035704274124867
0 0.813431946047778 0.33615317138920187 0.0881559230620141 0.10182445435896632
0 0.745714503134132 0.1742675554125179 0.10003898043270851 0.14327824855010748
0 0.7532217978713891 0.36278560375284397 0.11780836189159735 0.1695806394219007
0 0.8564714715989933 0.24193049732392957 0.07881729065319476 0.10267655933798814
0 0.9723556172099308 0.49637138882042275 0.03830139342673604 0.10428568091374953
0 0.8659945548052435 0.3830290940045817 0.08830139342673604 0.10807445435896632
0 0.9670316843642712 0.4686724413099337 0.05370818787965277 0.09609467261537982
0 0.6712613234226044 0.25909099607452973 0.12249455547083343 0.10286673610255281
0 0.2505864539315627 0.2786857201305133 0.09760365824437507 0.1056598493799445