0 0.0995915465099193 0.4035488031430748 0.09489687278026229 0.1326287935321364
0 0.17982462177185607 0.1756561765033946 0.09572739926336586 0.09998006784239584
0 0.2856429330359364 0.1537579223195231 0.08602461733238069 0.09480124491161734
0 0.3786170368746638 0.12491362731704872 0.09939870248167448 0.10795634215265534
0 0.648268983152152 0.29429987166283916 0.12062884629715871 0.16666960085908258
0 0.7700622196584985 0.3579230376507842 0.11477233020561535 0.12744332654882315
0 0.6609596433112811 0.12402831524040406 0.10553944183801285 0.10672139077317437
0 0.7670350446683339 0.19937355325461642 0.1124450056999832 0.11642393939369336
0 0.6365620327641645 0.5626371138609231 0.13901821337743775 0.18475785956550989
0 0.7280393385803631 0.5776247060135784 0.11775521857321784 0.14783771370395282
0 0.4912234915268998 0.9338460133983251 0.11862930372251182 0.13230797320334986
0 0.3845364489522528 0.9363856365893028 0.0993330005042031 0.12722872682139438
0 0.05120441492758071 0.7703301893936934 0.0990380695619536 0.12506195499752568
0 0.18114900502055314 0.8743703154675465 0.11106817599857095 0.14126016508343398
0 0.19676256938672662 0.7183659769329359 0.1261904314464526 0.17941526232447186
0 0.08286432433040518 0.8221726503841127 0.09605518119435104 0.10466756784239592
0 0.008870488473982854 0.5697293238352896 0.017740976947965708 0.10369156603337348
0 0.08750218386911568 0.6773547953411587 0.09274451089576327 0.07958568068726599
0 0.01663389397997226 0.6107637596109384 0.03326778795994452 0.09390048620519006
0 0.26450209042194855 0.7924862296464694 0.1057579631253363 0.10984639077317446
0 0.6966097500768746 0.7916086408847159 0.11146165990702758 0.10236143939369331