0 0.5831583368456101 0.7193431010827214 0.1024194366867496 0.23098923871722904
0 0.1559711306803952 0.20337974960428856 0.08902731818121908 0.09004598997087017
0 0.26030802881395615 0.1354671724072576 0.07989778003177203 0.10383570533113406
0 0.3350762037328782 0.12000364528936891 0.07959777110331831 0.08664820533113407
0 0.6424950117678275 0.22283416244463478 0.10741485389503395 0.15929609514371962
0 0.7729052605500115 0.26046689159495223 0.10363528896022593 0.12170516693047428
0 0.6153989034085667 0.05869510609728632 0.09549550649282175 0.10272784639736088
0 0.7332818786518003 0.09512904810058523 0.09204322402541773 0.0838869181841155
0 0.6837548060030592 0.4819220059390018 0.12180463636243814 0.17845527210332368
0 0.7720906030809599 0.4824782839148202 0.11333757142762994 0.1407279515702104
0 0.6198067232080483 0.8933656227903338 0.10420803327818291 0.15451766693047447
0 0.5248215056754523 0.9148889332943174 0.08839211850553053 0.1431255258642473
0 0.2423248311635673 0.7620895083797773 0.12381142126547413 0.11448370031656907
0 0.07068956452447578 0.6912638460016495 0.04563187418757346 0.109085494985435
0 0.284393554378206 0.7092767454476535 0.11366485389503396 0.1594779515702104
0 0.1938112390363608 0.848700609791703 0.07981595941492108 0.09914820533113407
0 0.05457759496328497 0.619039505014565 0.04242505357072244 0.10430706677218975
0 0.17105775730030537 0.7094478931777979 0.08571140340856669 0.07901756175762475
0 0.06948557467074551 0.6670678280549608 0.06090231818121905 0.08922763605166181
0 0.4016822402541768 0.8012249015575751 0.12312167451188501 0.16443823620994635
0 0.7906026440697805 0.6922026249019048 0.10163641233702041 0.09665970282385157