0 0.11799803837208381 0.5706568506524553 0.21054006933854175 0.11960561736154425
0 0.1592516326931599 0.19429379797900098 0.09905705547083343 0.09487724267981754
0 0.11902863582729192 0.3127625346515007 0.1113024823325695 0.08408519334818117
0 0.09969871399954894 0.38878923265436416 0.12082295269729174 0.09044428134945388
0 0.27499488041204917 0.6680756486314562 0.16824346656500005 0.11442722135581711
0 0.3902588173417715 0.7855165926161841 0.11998780452090285 0.12167610001590834
0 0.08271646143409779 0.6664057026575458 0.11122974715020839 0.08096019334818116
0 0.17919403077263954 0.7825023226448191 0.13063436379145843 0.1093033693507266
0 0.3562461868328131 0.7343359006206385 0.16610039152687522 0.15657835868872638
0 0.5551382817225701 0.751558121260367 0.14204464247680573 0.1297431386855445
0 0.9263482137152085 0.4306792632081876 0.14730357256958299 0.11588063335454453
0 0.7287646988975697 0.18688545190168634 0.12325827488562524 0.12796246268299924
0 0.874241506268264 0.22582867854873273 0.13826502583555572 0.10158177601845368
0 0.6861420942241668 0.2358320292409588 0.1732219072944446 0.12698176535645347
0 0.8133202304327085 0.1265104785566869 0.10374455547083343 0.0949317866804539
0 0.5562324694147917 0.026349035924594377 0.10232621941479181 0.033994286680453914
0 0.667916811454757 0.12429509257641325 0.10054682028847228 0.09177042401336301
0 0.5813233883927431 0.030884457630501665 0.09676720364722229 0.06176891526100333
0 0.7870701210096531 0.308115014560823 0.11697190729444458 0.12632723734881743
0 0.9004955349536115 0.24584118654523285 0.17216724715020817 0.08166926535645355
0 0.8483336229095141 0.25426276121900526 0.12445709897381967 0.1123556440165447