0 0.69921875 0.14453125 0.065625 0.22890625
0 0.1625 0.803125 0.08359375 0.08359375
0 0.27109375 0.865625 0.07421875 0.0984375
0 0.34921875 0.88359375 0.08046875 0.09609375
0 0.646875 0.75390625 0.10078125 0.153125
0 0.775 0.7078125 0.096875 0.11640625
0 0.62890625 0.91953125 0.090625 0.096875
0 0.7453125 0.875 0.0875 0.078125
0 0.675 0.48828125 0.11328125 0.17890625
0 0.76328125 0.4859375 0.10703125 0.134375
0 0.58984375 0.0859375 0.09765625 0.1484375
0 0.49375 0.06953125 0.08359375 0.1375
0 0.21328125 0.2453125 0.10234375 0.10390625
0 0.0515625 0.32421875 0.03984375 0.1015625
0 0.26328125 0.290625 0.10625 0.15390625
0 0.16640625 0.1578125 0.075 0.09296875
0 0.04140625 0.396875 0.034375 0.1
0 0.1515625 0.29765625 0.08046875 0.0734375
0 0.05234375 0.35390625 0.05546875 0.0859375
0 0.37578125 0.19140625 0.115625 0.1640625
0 0.7703125 0.27578125 0.09609375 0.090625