0 0.38142190076615223 0.680503224597971 0.17334187476889085 0.16272262351524952
0 0.7729010439439501 0.8275718235691212 0.09817673871722885 0.10121081050398359
0 0.6514519412783831 0.8701350597790677 0.0844779515702104 0.1133016335443795
0 0.5793041566386471 0.8816014086837111 0.08898359514371953 0.10718802586424729
0 0.2842142801538966 0.7215805171552658 0.1533476235152495 0.17306909012915472
0 0.17969191620555847 0.6652970764056082 0.11774509263643718 0.12988137978345585
0 0.30029260655950474 0.9201627696625483 0.0844779515702104 0.1133016335443795
0 0.1866142029568656 0.829799845605938 0.10773359514371963 0.10773359514371954
0 0.3260069750601894 0.7070944683297649 0.15697272868809903 0.1903475183424
0 0.2304744808661771 0.4491575993668618 0.13543269780928666 0.1475689849563052
0 0.5650279549354227 0.06678536856719164 0.11681909012915473 0.13357073713438328
0 0.8091032492085771 0.28088704018302646 0.09347251834239997 0.15415395407749283
0 0.7655758727238269 0.11354642748832955 0.11025084138279588 0.1405915592503423
0 0.7454953902748039 0.26712606855455634 0.10592705423577727 0.15295516693047428
0 0.8638255046188537 0.17079297466447796 0.09831313103709718 0.10589831050398354
0 0.9541847655059132 0.4187327180005604 0.043580166930474465 0.10274456677218975
0 0.8613871632360575 0.30824751055785526 0.09151756175762457 0.08696645407749282
0 0.9516053347853853 0.40007364621380576 0.060585810503983595 0.09699467194503927
0 0.6818935430195132 0.19950431103270896 0.12027905925034225 0.1096598079967011
0 0.25558945579335246 0.22986203008738956 0.10451766693047429 0.10451766693047429