0 0.5384552494313191 0.3473987866158807 0.2118129350298613 0.1900562378889811
0 0.2672789660932284 0.877122408717917 0.10556162860909737 0.11370976842611072
0 0.18190647017729097 0.7933714167764355 0.11471842306201396 0.1051549746466666
0 0.14600664418923548 0.7279022416586577 0.11787979065319454 0.10699087672018504
0 0.20820405176802045 0.4004614553720837 0.17656511284152787 0.14954881508027745
0 0.22543053220072892 0.26329364604125044 0.13877417211208343 0.1337679901980553
0 0.054474467088419964 0.47123115956638895 0.10894893417683993 0.12105337672018486
0 0.06836160818878442 0.34564539919879644 0.09927526101791675 0.11160046427907382
0 0.4611309896476733 0.28633343897222313 0.20352765634451409 0.1690602327051849
0 0.444381207162604 0.20203635141333418 0.15941398043270852 0.14960760367592565
0 0.8724139817638885 0.23553731630453872 0.17020601006798622 0.14431451093324038
0 0.9101484114754163 0.32267643986717764 0.15745143692972227 0.13228340263916644
0 0.7965885256481244 0.6460346103668071 0.1231855397032641 0.1339634798304626
0 0.7691687744138533 0.819178875918196 0.10937630642076393 0.07661987153638856
0 0.7451175978364578 0.6131140950982422 0.17983558320625015 0.1560722171537959
0 0.8952617617804162 0.6607915945325944 0.1115934230620141 0.10488157257314797
0 0.6942772239770132 0.8545784251642606 0.1061422036472223 0.0716589694628702
0 0.7621031164538188 0.7207803321387515 0.0928797906531944 0.10480366013203693
0 0.7401170540491313 0.8279578450982422 0.09527743882958326 0.07382706220555554
0 0.8170861296559371 0.4688179994808349 0.20360039152687506 0.1721852327051847
0 0.6472893080362846 0.12658941767139015 0.11362870174736131 0.1253307736099072