0 0.1310628824701454 0.6201330560139959 0.21488485376405228 0.11285888797200823
0 0.8758926324329643 0.1671601601446032 0.10407468775644091 0.1075775468904335
0 0.9198256576418352 0.2837314308905276 0.1163200197716634 0.10227474025173774
0 0.9246670079458464 0.3640817817203646 0.11501218775644091 0.10840634108157472
0 0.7463323968046014 0.6416893313100905 0.17559686068413463 0.1425930095477696
0 0.6792005880210835 0.7635419431375896 0.1376511917107738 0.12881392946385722
0 0.9126577337627397 0.64632651927281 0.11851918973360753 0.11801813942190087
0 0.8489546725077639 0.7561643831749014 0.09945085475263546 0.10878484937994451
0 0.4795932243711996 0.6344734402378046 0.2028596976422728 0.16179329544054113
0 0.4620011591618911 0.7220093290350054 0.15847302768032884 0.14285311867597628
0 0.10012460577839968 0.4955241423216858 0.16446835969555132 0.1370767153566284
0 0.0969585020143474 0.3985899427366043 0.1560828567298018 0.12242221950581325
0 0.3185629520908971 0.14434811555247673 0.12371602570316256 0.13087333693238984
0 0.4229891724334019 0.013372647920763172 0.10847834486680372 0.026745295841526344
0 0.35369929745199236 0.1988929829790532 0.17741402866891204 0.14896140871793265
0 0.23854518825073265 0.08458387447554641 0.1115688527754691 0.10035704274124865
0 0.37899377471457935 0.08883089874595576 0.09294618676785796 0.10206125269929238
0 0.47496550790866543 0.02139771285782874 0.09993101581733085 0.04279542571565748
0 0.2370158162350727 0.2970722190816061 0.19192219764227278 0.16096450124939982
0 0.2534737347513229 0.700978469081606 0.11402269072219058 0.12235044191141178