0 0.8746624015575751 0.35140081315778 0.10483591567683312 0.11663835475263547
0 0.8108058046979958 0.13239082798652765 0.09339831050398359 0.09900518577927472
0 0.6957634778966761 0.09025901920300981 0.08291545157021041 0.11418451680591397
0 0.6170761882423752 0.06512698045689178 0.0821713054894186 0.13025396091378355
0 0.3301120826738143 0.24015417882201145 0.11254076708875882 0.16689302273741297
0 0.20422788110360396 0.35608953802327115 0.11880748746358769 0.11408635771838505
0 0.3458604177884041 0.05149355062770664 0.07813702335696497 0.10298710125541329
0 0.21442254968343089 0.11299345403088239 0.10943248746358769 0.1137043557412186
0 0.260901429929105 0.3124231096583703 0.1482054824490227 0.15898236364988402
0 0.2227014332943173 0.4989163665784525 0.13126202335696496 0.11303319368794007
0 0.5169034450393067 0.9005001353243518 0.11387594655564541 0.15914418973360753
0 0.7924132250601893 0.6840488284808192 0.08388691818411545 0.09393568380210837
0 0.7295458490376573 0.833311340838109 0.08823944906292791 0.13625051779449712
0 0.7254530455933027 0.6789740093171781 0.11154055674305993 0.13251802273741298
0 0.8291881478631584 0.7878940700778623 0.09353470282385139 0.10369268577927464
0 0.947749245909872 0.5481856298499632 0.057869987463587694 0.11160334486680376
0 0.8380356136191338 0.644734319089279 0.09147209765100195 0.08644151878308026
0 0.9383227701247667 0.6039727148309352 0.05585284639736088 0.09591467787060921
0 0.6492111428485934 0.7515294416364118 0.1174723079967011 0.12183519072219048
0 0.6834520990376574 0.8351895172258434 0.08939277210332364 0.1222516847906916