0 0.7957732888612047 0.520354373777241 0.30738860271317864 0.16924447240056467
0 0.7850183705980089 0.9126958323813831 0.1127584207272058 0.10341710064862326
0 0.8563042828442249 0.819514622559425 0.12349566162790718 0.10048301542127547
0 0.8947672031100055 0.7499521448805595 0.12642040252860837 0.09741256249917604
0 0.8009638317368042 0.40651006208884377 0.16399954811738696 0.14801258035608367
0 0.7486224768641573 0.2838577662287591 0.1491360117201923 0.13526711850553053
0 0.966361886950905 0.49943572199023223 0.06727622609819014 0.0922886858759707
0 0.9324992242432636 0.3573339967469985 0.13500155151347287 0.11947847727182852
0 0.7126325169619796 0.40418785713814953 0.1905014913621267 0.17188645697928914
0 0.5633265245201187 0.25409062540209415 0.16067428901808825 0.144833033278183
0 0.10715327498154407 0.4178108372559425 0.16924825262089366 0.13249667451188502
0 0.24716101788483025 0.7394285129856435 0.12273419802510181 0.11295574188232518
0 0.10827089373385175 0.6300926489443398 0.1434472162236991 0.11956029788867965
0 0.2907317427464026 0.6886842191541538 0.18879928901808823 0.14532395697928918
0 0.1351116008582522 0.744496068181219 0.1176461798265045 0.10662392126547413
0 0.3512138695182748 0.9261939017837136 0.10612888648947968 0.048675053570722326
0 0.2782596259966798 0.7984995499172746 0.11900842072720579 0.10352619480442442
0 0.33264434222037886 0.9165052560857847 0.10470608883351815 0.07518300649282175
0 0.20137124922480765 0.5607034951287361 0.18657545496493205 0.15933190990138843
0 0.3385279811830939 0.19241891964062105 0.1082711798265045 0.10646028003177213
0 0.2204762068106334 0.8466546318982111 0.08705751387966068 0.09204322402541791