0 0.17094906834658768 0.3432319609819118 0.10940643515657004 0.14068316162790725
0 0.2450250707624837 0.11544931755260184 0.10698306576151388 0.11099566162790722
0 0.3509084089437729 0.09452794340162333 0.09540783697334118 0.10248225478036196
0 0.4420277454580721 0.06591398519748873 0.1123082945496865 0.11910855027685519
0 0.7175532592530336 0.23752366518087675 0.14046498758216436 0.178422993521595
0 0.841325341225405 0.30105763418235304 0.12946384364130098 0.1388598457733484
0 0.7248082945496865 0.06664066626061091 0.11686824879205204 0.11784643892580315
0 0.8338481968254996 0.1421134307585804 0.12219347758022465 0.12595932757475112
0 0.7135185609297219 0.5055820527500906 0.16074553667377883 0.19837454811738695
0 0.8058654286577882 0.5208682888704299 0.13580943849054988 0.15947273442229637
0 0.5782494512467413 0.8880707850129186 0.13488466727872267 0.167185104872647
0 0.4755868368526549 0.8907230205149492 0.12512703000581915 0.16189682757475127
0 0.11622858593457105 0.6734386975636765 0.1327163893989355 0.14062260487264702
0 0.26675422866748644 0.8145772324197115 0.1273592097023773 0.15115958667404988
0 0.27756469866166744 0.6583877891749716 0.14773535364324059 0.19132351172019213
0 0.16665876275619138 0.7620913849483202 0.1073657030344175 0.11568316162790708
0 0.0713311898676758 0.5082537885566629 0.059980520003879344 0.10642927513842756
0 0.16736078017499686 0.6167590985511255 0.10063747091226487 0.09038277297895939
0 0.07726219653563557 0.5424285294573643 0.07340529121570664 0.09951794108527139
0 0.34813203230102874 0.7339699776393496 0.12181084030732103 0.12127182757475108
0 0.7801791288172677 0.7353406014857862 0.12130065727678314 0.11502182757475125