0 0.5181004453020043 0.16263881704234556 0.16993939311129083 0.31031130698520065
0 0.2074440901291547 0.1472557533196497 0.09656877461060623 0.09742042154477706
0 0.32262280925034237 0.10439102156821818 0.08769387978345566 0.11455337939029935
0 0.39684155925034237 0.10395922951193634 0.08705738229073816 0.09267837939029935
0 0.6899647366056578 0.2686883082617469 0.1325804824490227 0.15387040944452862
0 0.8079849623907631 0.3234798265103153 0.11462009263643722 0.12720791549465282
0 0.6818159528238515 0.0960502389799061 0.1047449874635877 0.10996587334017516
0 0.7936316427155795 0.15244061866479303 0.09951191818411545 0.09118860226293632
0 0.6888271000917776 0.5249883052366847 0.13835912100796718 0.19139768052176756
0 0.773702205264627 0.5416849258463854 0.129273626022532 0.1476022287263694
0 0.5650596088007592 0.9171808712970716 0.12182483887551357 0.16005677693097126
0 0.46053123317393857 0.9232586753554062 0.12150659012915473 0.14911927693097127
0 0.20618339931299 0.7215790424490652 0.14430759263643722 0.1273806323171655
0 0.256414383015654 0.8634983768562166 0.10855194906292791 0.1334215540583344
0 0.2629502248606683 0.6853051991631194 0.11681909012915473 0.14909200585373233
0 0.14979465848419005 0.797701180914551 0.08576766693047429 0.10204428903121983
0 0.048702205264627055 0.5459028524593281 0.05451766693047429 0.10186248184962743
0 0.14816029915470547 0.6609687953759316 0.0915175617576248 0.08489315046753809
0 0.053077468196750785 0.5888534217411688 0.07156877461060622 0.09727497579950324
0 0.3382206609914725 0.7747262474659171 0.12969952335696497 0.10854881908544911
0 0.762720555818623 0.7550661697962612 0.11099498746358769 0.11000223477649378