0 0.38386930970179545 0.11981435220486078 0.13427318068726618 0.09051851006798621
0 0.14827596845365126 0.19318368949517348 0.10318695499752559 0.09291615824437512
0 0.11861172263752276 0.2976536371584721 0.09652751922187686 0.08495818787965286
0 0.07788382406243229 0.38989634175562493 0.11905761646291486 0.09796733415618064
0 0.23037257971664182 0.6664737594993053 0.16239153663473135 0.12082425911805572
0 0.2786319380389563 0.7878571438079859 0.12908771370395283 0.11068553970326409
0 0.05529069256151207 0.6721094297115278 0.10524077792830414 0.10232752583555574
0 0.10819328527999432 0.7793393950422568 0.09076884215265535 0.09418771751493064
0 0.4983822732942067 0.6594554676118399 0.1816328595655099 0.13063567021222228
0 0.5020218504088567 0.7537866958603467 0.14940021370395282 0.11115831838861112
0 0.8882403906616327 0.530995973977013 0.15573210085908257 0.11286628875333342
0 0.901580273632891 0.4253453860211104 0.153760165083434 0.10501742116215293
0 0.8743018006566838 0.35029148784472147 0.11403592378986112 0.12125936379145844
0 0.8453656524202777 0.21753419244187427 0.14602955223856356 0.10639808320625015
0 0.691377515265148 0.22267890017315914 0.18393898801421252 0.1150834053945835
0 0.7911052775896199 0.10643434470232574 0.10705558344622794 0.07740026101791675
0 0.7072348886254678 0.15832545944371468 0.11651247060135787 0.07918096656500011
0 0.657924285391536 0.11655683995267305 0.1031869549975255 0.09291615824437507
0 0.5972534582768859 0.030345329645607412 0.1068918091359686 0.060690659291214824
0 0.7624878753964848 0.29515200579649237 0.10885710085908276 0.11177526101791671
0 0.7218773270031085 0.7276014830950688 0.09931832654882307 0.10843205547083343