0 0.63502586760738 0.8109409062654649 0.16218023304023638 0.2714323439616777
0 0.31211439715415706 0.8631706281100182 0.11023561151914833 0.11157266508343397
0 0.42796253776104054 0.8790678657855462 0.10778029121570665 0.1005532779283044
0 0.5096589479127613 0.8802784837187992 0.10035042848861017 0.10483134215265544
0 0.7584159569966171 0.6789395545018712 0.14202748758216438 0.17702724672063966
0 0.8670737377513422 0.5971395985998343 0.13128143515656987 0.14068031094499106
0 0.8052265394280305 0.8679268113992762 0.13038861485312836 0.12974281094499104
0 0.8905425439699585 0.7693045256690558 0.11297797424624463 0.10704893939369349
0 0.7057382697140152 0.4180772976044661 0.1661983112195859 0.20629866689245618
0 0.7864462647130454 0.3879560283825893 0.1533795757634536 0.1636198439616777
0 0.5002548336393613 0.06846895974722399 0.1442596672787225 0.13693791949444797
0 0.39588619803344766 0.0727337358665058 0.14100712152108805 0.1454674717330116
0 0.18370428879981068 0.3089168973318951 0.13102634364130097 0.13755531094499088
0 0.2079235545516262 0.15386754918634588 0.13217425546001182 0.15161781094499088
0 0.2520077497101359 0.3382901368164455 0.15009507909743341 0.18056168249628843
0 0.1167721381909875 0.23867299638195538 0.09942565727678296 0.1125619549975256
0 0.07172980259477219 0.5038719504749698 0.06167056576151386 0.10747166327441153
0 0.1479738250145475 0.38061815694283346 0.11112843182259016 0.12251016508343389
0 0.07099647895735055 0.4756650633198401 0.07209788273097573 0.10179487336031982
0 0.30570709243335303 0.22720215061125543 0.1435582945496865 0.11954229534115868
0 0.7281402018264694 0.18309478799352777 0.11830320303441759 0.11510710085908267