0 0.3783501331226177 0.81461217668953 0.16565582223840886 0.27968604195220054
0 0.08594621916074428 0.7098916685146734 0.1049796006486231 0.11225634727034209
0 0.1781961745184756 0.7903688528143625 0.09735801542127547 0.12273882096198285
0 0.2441115008173695 0.814626129193309 0.09862050649282175 0.10564232622365459
0 0.5675995937553548 0.7481772926580721 0.14052736282348768 0.18144596302712265
0 0.7030013056059079 0.7262428375234572 0.12424779788867965 0.1430359104104042
0 0.507073376629796 0.9070132373399306 0.11454551542127547 0.12373987884037305
0 0.6307427017108739 0.8865425716678544 0.10643300649282175 0.10609735253201365
0 0.6633286996789838 0.49519723485026895 0.1550535129856435 0.20882751038216937
0 0.7482122142894804 0.5058624480891531 0.14178985389503396 0.16434946828879457
0 0.684632324270299 0.08384307792730203 0.13263304220663663 0.16768615585460406
0 0.5900289362830078 0.06361736603912935 0.1355671274339844 0.1272347320782587
0 0.2867345665596613 0.16124352395987201 0.14773984496658024 0.14752598933548197
0 0.3761709878251354 0.05790496330947139 0.11953302434972919 0.11580992661894278
0 0.319264648540598 0.22022441083392724 0.1389103157455871 0.17822995776545084
0 0.25628518181878096 0.0724841318241449 0.09406937418757347 0.1131818104386391
0 0.08193224391421533 0.2691679579772124 0.0627921006486231 0.1097992052052021
0 0.2071055677774772 0.20724553967430034 0.09845686525911974 0.09626732622365461
0 0.09566350730689595 0.24261316325300167 0.08146028003177208 0.10620376834526431
0 0.4258243400986116 0.15158155567107742 0.13809210957707693 0.13135495776545092
0 0.81117368466145 0.2969354981456229 0.11923301542127547 0.12401289462538863