0 0.6958262240027385 0.8187433062480343 0.09955738229073816 0.09669952564056317
0 0.9000386993921324 0.7122256708065081 0.10759720282385174 0.10487589867609248
0 0.9185948196086766 0.5971443263070262 0.12455738229073816 0.0978639193542568
0 0.9201369360642971 0.5157123897892615 0.10272784639736088 0.09840757485477489
0 0.720402394364932 0.265288666463282 0.1756939849563052 0.13925520678164433
0 0.6412568004748537 0.15319323490791606 0.13948370031656906 0.12820639081820956
0 0.8868170045523465 0.2309392835029552 0.1157279515702104 0.1161772717116217
0 0.8080578555685609 0.1321251019475893 0.09817673871722903 0.10287675103345731
0 0.45577760471063106 0.3120353496712777 0.19811455423577745 0.15902405128112634
0 0.4289901326864496 0.2248821060814185 0.15846102084968247 0.13689218610347992
0 0.09535824491892807 0.5079708577340483 0.16471102084968253 0.13718328453190337
0 0.10369123363615698 0.6061536466091779 0.16135870031656913 0.12922523531769164
0 0.36453075989611583 0.832609022954476 0.1058983105039835 0.10011562406898662
0 0.20500499571035088 0.8079643955757205 0.15506323620994644 0.1273716368892682
0 0.34773205331134055 0.7661128817219817 0.1455973079967011 0.12380998924663303
0 0.2732214497878437 0.8939703620772746 0.11384720282385156 0.10516699710451576
0 0.41332361256168293 0.8694518974377473 0.09344377461060627 0.10109592721213971
0 0.49921329994612834 0.9444647059575839 0.1003924565847754 0.07177230024766885
0 0.2856890428864993 0.7040709540955572 0.1188529515702104 0.11632282092583353
0 0.23343359177850737 0.27936420657675654 0.13006323620994645 0.12620724317557447