0 0.4509716005203984 0.13957699287545242 0.13090251922187685 0.08944535956550989
0 0.20895451888319258 0.15352887098547063 0.09989818068726608 0.09249511646291486
0 0.16164907168758308 0.24897416779696732 0.09332063206674705 0.08591756784239583
0 0.11125624604327111 0.3285897467206397 0.10598440637700661 0.08969766508343388
0 0.20741975859488565 0.6462043718899817 0.15794969810012063 0.1298180540475858
0 0.2320778426069406 0.7736233649925768 0.1257989393936934 0.11099281094499087
0 0.04333894533081636 0.6043023976705794 0.08667789066163271 0.10195200361804453
0 0.07470907790761952 0.7269896251693421 0.12711577792830414 0.10638719810012062
0 0.4669275554063823 0.7021079703742152 0.1783440852552504 0.13244508706427283
0 0.45498307609859723 0.7954894781761312 0.14602955223856356 0.1104948439616777
0 0.8696707751032289 0.6707273320874317 0.15236143939369323 0.11238489258219672
0 0.8992940773417926 0.5688715829919428 0.15178822930778502 0.10144739258219673
0 0.887023128675845 0.48910551786308043 0.1123096494796016 0.12119332654882306
0 0.8817701419048282 0.35016917062204245 0.13961577792830404 0.10704229534115868
0 0.7248993441888203 0.3239298179539375 0.154913229307785 0.10161116689245624
0 0.8594591299190405 0.23775770182970693 0.10943695499752551 0.09611143939369333
0 0.776820370308102 0.2749467633405247 0.1307453889641522 0.056714746720639655
0 0.7162790179786814 0.20440188998020486 0.099898180687266 0.09249511646291486
0 0.6925726023294206 0.10366822761030445 0.10582063206674715 0.08657266508343389
0 0.7863071556996382 0.4078378284693871 0.10540455223856356 0.10836577792830404
0 0.66814481739217 0.8238955184289074 0.08977955223856356 0.10754690637700648