0 0.08589034726514494 0.46878832722232644 0.17178069453028988 0.1313266544446529
0 0.23574656817740985 0.12289721181534743 0.10947033697334119 0.09923889342673617
0 0.15551732105234778 0.22356805262104182 0.11964256242753399 0.09011846656500007
0 0.1101253305952455 0.2906094290459376 0.1295277454580721 0.09658667211208342
0 0.17420483755306937 0.6083255655388197 0.17857102333785918 0.12424019984750015
0 0.23981437785069212 0.7538757613022572 0.13207866061076282 0.1278366721120836
0 0.026993837263205273 0.5495467115310071 0.053987674526410546 0.08659342306201409
0 0.05665763195782386 0.6897911582443751 0.11331526391564772 0.11559124525034736
0 0.22662859376198718 0.6948637840036808 0.18201475879399168 0.16642769984750014
0 0.4076077846684331 0.7695222111497573 0.15628143515657006 0.13775718597979178
0 0.8759425517973746 0.5745636950009383 0.16776106909549365 0.12554812670923637
0 0.7738210398385809 0.2817923539109034 0.13727634364130098 0.13419577488562506
0 0.8971950248356713 0.36215461397888965 0.14929811151914835 0.10952308320625015
0 0.7161999874129865 0.31645698821958396 0.1858413893989354 0.13688567021222237
0 0.8758457965065405 0.24972669595086883 0.11428538273097573 0.10091049620027785
0 0.6690531468158014 0.07897386559441029 0.10462359818322894 0.0398638934267362
0 0.7393820090838558 0.20506554654020898 0.10921524545807201 0.09611389342673622
0 0.6916615993911769 0.08967562946211864 0.10392196757828494 0.06947865824437507
0 0.7848546504396452 0.4151140001874312 0.1308987978836665 0.13248780452090295
0 0.8989329969558841 0.3888080329568411 0.14933006242753386 0.09080945079743072
0 0.8620069528652395 0.3809039607685077 0.13600088606495575 0.11857077488562506