0 0.5587600829787324 0.8922733622284845 0.12061813861970413 0.10239313942190051
0 0.2015981569801614 0.7826796775897572 0.09561813861970414 0.10049875269929238
0 0.3077660295083221 0.8296120319440792 0.08646165990702759 0.1029133576783142
0 0.38831118916324814 0.8470703738508465 0.08624313861970415 0.0997883576783142
0 0.6701953376703094 0.700048128200524 0.1784741972858944 0.15184961037760658
0 0.8152675370498906 0.6631373562051998 0.11466306956195353 0.1283636435710857
0 0.673461721346335 0.9040019223916651 0.10543018119435103 0.10745914772027057
0 0.7880051865653581 0.8348473354592754 0.09797831411407217 0.08979805103961844
0 0.6955292013963937 0.5119910985315299 0.1296539210548925 0.25383724025173765
0 0.7942837756499244 0.4416767533007704 0.1317084579295562 0.14986013527271586
0 0.2989616599070276 0.08370984263171355 0.08756497402109957 0.1674196852634271
0 0.510385478964778 0.05308542074128001 0.11139595792955603 0.10617084148256002
0 0.23621527749150975 0.24442081576225813 0.10477461733238061 0.09808414772027055
0 0.30504776894153496 0.07191700849886243 0.10638067599857096 0.14327824855010748
0 0.2965900487788332 0.24298744771098174 0.11466306956195353 0.12836364357108562
0 0.1986228063204018 0.1223924504102741 0.09594592055068932 0.10518625269929238
0 0.07555056512247814 0.37283292613986474 0.03969592055068931 0.10092388257342355
0 0.18205765521545056 0.2673739863030455 0.09303944183801276 0.10807445435896632
0 0.0798338735365669 0.3442343294592127 0.05800887797604237 0.09609467261537982
0 0.3765946230323638 0.17409389252217844 0.10285148441265975 0.1150348493799445
0 0.7996275674682666 0.22607506408865102 0.10186813861970415 0.10097234937994451