0 0.12129075536275316 0.4450225589182919 0.0772806383672898 0.12879127153942496
0 0.15819027078265127 0.21019944468800436 0.08334883118569744 0.09797831411407198
0 0.25874880698520064 0.1789655062041863 0.07706246974937905 0.091291271539425
0 0.34365961729005096 0.1427327112837508 0.08338519262201594 0.10422831411407199
0 0.6412618460164203 0.2884922335794805 0.10089994554888211 0.16168018119435104
0 0.77275728571157 0.33985762764706623 0.09911018657189175 0.1225084205506893
0 0.6230789516972022 0.1161966164992014 0.09274201190385671 0.10175887797604237
0 0.7453266564194665 0.18878144670481672 0.0928147347764936 0.11425887797604242
0 0.6863890354169825 0.5282702816020091 0.11796018052176756 0.14100704827463026
0 0.7717134570599554 0.5631312366815736 0.09922836123992677 0.14282092055068923
0 0.6068621793434171 0.937698508928127 0.09773858411256367 0.12460298214374603
0 0.5046184232932929 0.9444403638136979 0.08832722267624522 0.11111927237260417
0 0.4194258118569745 0.9346038649865921 0.10090903590796181 0.13079227002681576
0 0.2871854835981432 0.9056590461809432 0.09606699980360825 0.13635239926336595
0 0.27767360733110186 0.7472456126408037 0.09291472872636941 0.13144637797604233
0 0.18073095051885185 0.8630730724119452 0.08336701190385667 0.10110331411407217
0 0.08791167056281843 0.7480329444359028 0.04593064441741401 0.10941855866619025
0 0.159582137483527 0.7179026840443427 0.08336701190385667 0.10110331411407199
0 0.05372250204310346 0.6433400905971756 0.045839740826617834 0.09379355866619025
0 0.355394607232906 0.8174977645020596 0.09274201190385671 0.10175887797604233
0 0.7792042910743232 0.7768495292562205 0.09891928903121965 0.08969592055068923