0 0.6226861891632481 0.914439501673607 0.21317697921687967 0.15914189212119326
0 0.24857134596818256 0.8542292491748075 0.09885239926336586 0.10229805103961809
0 0.37194314399071116 0.9070959852773604 0.08577324505632138 0.11529495850815116
0 0.44302046849634336 0.9233614479346963 0.08980518119435103 0.10627515601864027
0 0.7354543509118612 0.7823275865314046 0.15122328243518837 0.16221842531467204
0 0.8414422709583473 0.7421780284428161 0.11800659084927716 0.13172544191141178
0 0.7232049952315484 0.9636182111071973 0.08889824505632156 0.07276357778560545
0 0.8366176491864913 0.9065598371561044 0.10688342055068922 0.10601504689043359
0 0.6996971673717216 0.7710698552027365 0.16412747402109956 0.19117221950581326
0 0.7894816611675353 0.5214268979439851 0.13661447921687966 0.15334033278320494
0 0.4519556199302707 0.10651841266662485 0.11797373986054142 0.15348204274124866
0 0.20987665261756053 0.3119825495897259 0.09896165990702759 0.10386055103961844
0 0.2526001121366005 0.14503277054543173 0.11106817599857095 0.14363344606059653
0 0.26841577229572966 0.3156412684708393 0.11488159084927707 0.13148864357108564
0 0.15418974530842303 0.19352762489975367 0.09918018119435104 0.1069855510396184
0 0.06531218765063887 0.433913981328668 0.04293018119435103 0.10272318091374966
0 0.15682806227248652 0.3312760786340201 0.09318155347041021 0.08788035352912935
0 0.06785267960486718 0.41467872925407556 0.06280563861970409 0.09801237012586891
0 0.33213978268728983 0.24897583195801234 0.11175659084927707 0.13125184523075964
0 0.764192812020385 0.30425105333792546 0.10532092055068923 0.10589664772027056