0 0.24666800526455726 0.5114945514063252 0.16845105991206688 0.22399986859279988
0 0.8887565530763759 0.7891605198460255 0.10684996369925485 0.1074543557412186
0 0.913033869529546 0.6659604417851359 0.11773292154477702 0.09852502471457925
0 0.912606622652804 0.5925229417851359 0.11307269262201594 0.1030215237259963
0 0.7078771742752515 0.30846498227986496 0.1853567587805987 0.1762627055509382
0 0.6338669816532356 0.20703513345872854 0.13666472872636942 0.13053902866891204
0 0.9070777435570923 0.31345752429464985 0.11772383118569749 0.09696252471457942
0 0.7955266443192182 0.2034684175648481 0.13036927693097128 0.12247186068413447
0 0.7034487495090207 0.3528052312912818 0.20249880698520056 0.16915054250907646
0 0.42646354781181844 0.2688799229648745 0.15552381303532492 0.15005303262324476
0 0.08953728219552862 0.6222516847906915 0.15856699980360828 0.13611786661563344
0 0.37750141138943627 0.8479970785923623 0.15532382513557322 0.11567803262324494
0 0.1750394867214012 0.8194397025851886 0.14756586729005097 0.12473469764227296
0 0.3076838150784283 0.795945147261712 0.1131272347764936 0.11239652372599611
0 0.24822752272755885 0.9138064679082281 0.113118144417414 0.11083402372599593
0 0.5165780678089028 0.978874381691527 0.10504202400410509 0.042251236616946033
0 0.3856411643163025 0.9045654135733343 0.09275110226293633 0.1006313527754692
0 0.4938945467316639 0.9737571294672147 0.10197156615858276 0.05248574106557058
0 0.23460486338122605 0.7203283819386728 0.1618283551898026 0.15968270060802237
0 0.21187887304558756 0.30465696098814565 0.11001132513557321 0.11383168973360736