0 0.2500849385167993 0.8360328392949434 0.09979196350286301 0.23912066162790718
0 0.8906169514026147 0.3241612137504637 0.09901019262201594 0.10474566162790726
0 0.7956084575509348 0.23607212599667976 0.09283291549465282 0.11684514342930993
0 0.7219800600102627 0.19855353716316168 0.09908291549465283 0.11724566162790721
0 0.4052016261688455 0.24853973858434947 0.1306783491396784 0.17862325262089362
0 0.2709493460164204 0.2610223473145079 0.11795109016268786 0.13875971622369904
0 0.45349315954272457 0.09231881939830314 0.1084670058537324 0.11940893892580315
0 0.3317454245698392 0.10638371452565606 0.10210792154477702 0.10025842072720588
0 0.328562899878363 0.49900201110188347 0.14489538524403187 0.2060869185677376
0 0.24175779146710666 0.47860107109634614 0.1305692648307229 0.1598732526208936
0 0.33798491431630245 0.9103900940753054 0.12595448770335996 0.1720728639719457
0 0.4295911522160541 0.9356684442460322 0.11025676483072289 0.12866311150793558
0 0.7375167608237021 0.8555545087855316 0.12419199980360815 0.13759773442229636
0 0.9114400741536144 0.8159377035714309 0.06000223477649343 0.11161742288667434
0 0.6965554175377563 0.7951386404946492 0.1338033491396784 0.1788235117201923
0 0.7677315016503201 0.946001574257107 0.0928056444174139 0.10799685148578604
0 0.9344821435336513 0.7494708968161706 0.05373405405833438 0.10809190468807692
0 0.8075747307694728 0.8163103385197511 0.09425906010845857 0.09350777297895937
0 0.9151872428697214 0.7888442774455542 0.07555451190385654 0.10011871838316733
0 0.5680900499531177 0.8626592026485802 0.14637607201231528 0.19212454811738694
0 0.19607817368607638 0.6810659346068665 0.1131272347764936 0.11502182757475125