0 0.41889875590563175 0.4034737293920882 0.12042660580511537 0.13884541868236297
0 0.7945460196158118 0.8369253127784495 0.09524306733052797 0.08857269867918127
0 0.8486110154394606 0.7211008654519035 0.10881449400955034 0.07467383068109008
0 0.8667186638955144 0.6501889287873581 0.10278274881887342 0.08085110534690862
0 0.7360068995523623 0.34229351810149533 0.1653571598887993 0.12843517735518084
0 0.6885639590783419 0.22372478409449567 0.12240576805616729 0.10606928134945379
0 0.9302008436545798 0.37659743479467594 0.10719743030721958 0.07309314934754471
0 0.8509721898410483 0.2506247334499946 0.1158829495445132 0.09818405601527207
0 0.7176462799522488 0.37568727343249547 0.18136410580511536 0.13955449069063527
0 0.4696949079898828 0.24696973806490613 0.14013890507947585 0.12189427601845368
0 0.06197789446896177 0.530505660009545 0.12395578893792354 0.10632382001909005
0 0.2783406662577672 0.8027822913749072 0.1466418762235353 0.08448518268618095
0 0.08677321435100147 0.7380278060152721 0.1345783858421822 0.09683973201781733
0 0.22198402805333234 0.738037991366953 0.09993056733052796 0.08862724267981754
0 0.13546119629483414 0.8433243806890445 0.09998513103285878 0.09018974267981754
0 0.3734745730665237 0.9656737373885884 0.10109127404661714 0.032413605346908625
0 0.2724701229738565 0.8589868380410437 0.08107143992586625 0.0852840666772721
0 0.35491554602468167 0.9599868113860431 0.09404266587924912 0.054197698679180915
0 0.17595725463968742 0.6460590293602715 0.1540922776748142 0.11893290802036276
0 0.2509721898410482 0.24364310136854384 0.09702382213985139 0.09484088001272672