0 0.1078125 0.5859375 0.09375 0.109375
0 0.16171875 0.81171875 0.084375 0.0890625
0 0.275 0.86640625 0.07109375 0.10546875
0 0.35078125 0.90625 0.07109375 0.13359375
0 0.6453125 0.75703125 0.096875 0.15703125
0 0.775 0.6546875 0.10859375 0.1
0 0.62109375 0.94765625 0.06796875 0.10390625
0 0.75 0.88359375 0.09453125 0.12890625
0 0.71796875 0.690625 0.13671875 0.14296875
0 0.7625 0.509375 0.121875 0.0984375
0 0.4859375 0.075 0.1 0.1484375
0 0.21171875 0.2609375 0.06484375 0.078125
0 0.27109375 0.11796875 0.07734375 0.12890625
0 0.26875 0.27265625 0.1 0.11953125
0 0.1703125 0.153125 0.08515625 0.09296875
0 0.04296875 0.378125 0.05234375 0.10546875
0 0.15546875 0.29609375 0.08515625 0.0765625
0 0.05390625 0.32578125 0.04765625 0.090625
0 0.346875 0.209375 0.10703125 0.109375
0 0.31484375 0.12265625 0.078125 0.1125