0 0.4424435800606906 0.9326096762506726 0.19467572780418313 0.13478064749865482
0 0.7746187238554908 0.19396597344002187 0.10457094606059662 0.1083366599070276
0 0.6561889551841589 0.15034202355623738 0.09602474025173766 0.11861859604505716
0 0.5841247010349739 0.13744890362596668 0.09723204274124875 0.11404035668871888
0 0.2840268448065523 0.29396207551403836 0.1566555095477696 0.18036447921687965
0 0.1679981804895423 0.3533920698140552 0.127014631123531 0.13788204827463008
0 0.3066984406620118 0.09841462873234699 0.09289974025173775 0.11840007475773369
0 0.1849991941864968 0.19121985174504036 0.11884693361304191 0.13264824505632147
0 0.32669959688114475 0.30087299321473604 0.16875369046151914 0.2169575430788501
0 0.20418044376228953 0.5703335513767233 0.14562292116548728 0.15783391535490915
0 0.5121165400187344 0.9416840274915097 0.13179721950581325 0.11663194501698051
0 0.7720289493613669 0.7152835985660726 0.10992221950581342 0.15844592055068923
0 0.7187702043357443 0.9102629627963601 0.12003092531467222 0.14827324505632156
0 0.7169620184476173 0.7475608670034044 0.12571224025173783 0.12069454827463008
0 0.8197183203124283 0.8529199923815568 0.10648864357108545 0.11313342055068923
0 0.9277722317296533 0.5981557187484448 0.061057744400922334 0.10840236188449914
0 0.8273084452121819 0.7112952210942334 0.09917305103961845 0.09863387797604233
0 0.9242561454219634 0.6238277081047832 0.07464664772027056 0.10313570767745475
0 0.6183926186527544 0.8357003693491929 0.15532980788809567 0.18338021857321785
0 0.21338580993946615 0.7908863519971419 0.11273864357108562 0.11357046312533611