0 0.4330394881771453 0.1435914227297907 0.0857258576783142 0.08479410703211539
0 0.21273956618646542 0.17067914712993776 0.09533765601864026 0.08851988433001132
0 0.1682693610023065 0.2712310572166855 0.11602866431701005 0.07429669802510182
0 0.1507518195104577 0.3478541139719457 0.09173905933798818 0.08206962523071262
0 0.29229365976683985 0.656245209745294 0.1622650468904335 0.10991282541528272
0 0.34514874047545235 0.7894675223606504 0.12464664772027056 0.10594721622369914
0 0.12218206930996507 0.6274624683831674 0.10229805103961845 0.09829540252860855
0 0.17805540624235489 0.749216354872647 0.0860810551888033 0.08948160703211538
0 0.5597421915104264 0.7075921684108539 0.1821990385920639 0.1267393800110746
0 0.5674497929649632 0.7990484831856787 0.14363344606059664 0.11027377081949083
0 0.9390792297785293 0.6552505274455542 0.12184154044294146 0.10951230721668548
0 0.9457723040512608 0.5602582024916968 0.1084553918974784 0.09973678901808825
0 0.7608227912913561 0.2524492951827262 0.09486405933798814 0.08226988433001133
0 0.9091195039486923 0.3319236489756391 0.14244945435896633 0.09464877081949093
0 0.7621261047785293 0.3209489713086029 0.13198555103961845 0.10019786397194572
0 0.8624202574731772 0.228639160234406 0.1013508576783142 0.08579540252860858
0 0.7211557174312209 0.20092756554079177 0.08127515601864026 0.08761871838316741
0 0.6524630717855429 0.09467876310446827 0.09453217261537965 0.057370013879660606
0 0.8086710632866805 0.40167733959948515 0.10542305103961844 0.09849566162790713
0 0.7696042888157784 0.8197776950904411 0.11527164772027057 0.1053464389258032