0 0.3807574686170551 0.47630361955662115 0.12898535364324068 0.19279167568342573
0 0.8544969549912714 0.15561537045157575 0.10334788273097573 0.1067762632423146
0 0.7561389454483738 0.0967372393960663 0.09056084030732095 0.12117095391148132
0 0.6862249292375162 0.06950008760537171 0.09343074879205204 0.11831935598499983
0 0.35331709226417507 0.19480890325129702 0.1558348960668953 0.17962729434509236
0 0.22723308226223543 0.25703408411851897 0.13724439273291536 0.16093608294074052
0 0.4319835815133294 0.03114481884995408 0.08915783697334123 0.06228963769990816
0 0.2905456384808516 0.08007175146060241 0.11632611485312835 0.13273317049962943
0 0.37126999574793623 0.2219380397734267 0.1674101248550679 0.18839670160240712
0 0.20231347528501492 0.4577859398206948 0.1411666181871082 0.15197118605101817
0 0.38543041148035506 0.8846731941560193 0.12786939273291545 0.1601158767201852
0 0.6850632339098287 0.7203893528739366 0.13156847758022466 0.1294126808672221
0 0.599158071632076 0.8605447526383809 0.11747402667183912 0.14679567049962933
0 0.6430031507295094 0.6845099329399551 0.12723166394474283 0.15230337672018504
0 0.712965351178853 0.8156827290284736 0.10373052000387925 0.11146376324231469
0 0.8864818258841398 0.5809872258709277 0.05529302000387944 0.10722603110277759
0 0.760573288002413 0.6695698551830109 0.10086061151914834 0.11431536116879606
0 0.8753849581560736 0.6029011820914832 0.07197033697334092 0.1024797425071295
0 0.5229460001206861 0.7679266086233808 0.14840503333979882 0.1836312891612959
0 0.1349514057304792 0.7033615714418522 0.13207866061076282 0.1356626808672221