0 0.5320419826941352 0.2362876673311199 0.11117604670590726 0.2959714389258032
0 0.19086792544554027 0.8381775277593213 0.09480451734563582 0.09663277297895911
0 0.3078014341183582 0.8909496792081957 0.08106928134945379 0.12385660703211557
0 0.38299233812058536 0.9121621475913632 0.08230451734563574 0.09583173658176491
0 0.672707724100859 0.7855238086009615 0.1127919960216353 0.16648419802510173
0 0.7970713774267685 0.7388466725729073 0.10610564401654479 0.12858367982650448
0 0.6684122174569943 0.9492127621816178 0.09807496801399936 0.10157447563676456
0 0.7818383707829037 0.9057139975267645 0.0900442920114541 0.09008238433001096
0 0.6789737160645879 0.5189370858988573 0.12714539735836256 0.19238536397194572
0 0.768717468730088 0.5161007850036934 0.11413632001908987 0.14783432757475107
0 0.5618829293443631 0.11719650832410629 0.10804995202099903 0.16149630937615383
0 0.4649170226766359 0.10317597624584837 0.09233404535327186 0.15268251387966064
0 0.19694082403722554 0.2866348141565158 0.1137181493475448 0.11189682757475108
0 0.24614029801877185 0.15395152452011876 0.11108404535327185 0.15388406847545247
0 0.2535817227084526 0.32383322794389136 0.11595335868872622 0.16980945712440043
0 0.1458590346912716 0.19046191856773753 0.08239542401336304 0.10364423658176469
0 0.04086464139081554 0.4257404796419344 0.03866360534690847 0.10240310919158375
0 0.1420266047103616 0.33073646514396493 0.08684656667727224 0.08363212523071262
0 0.04814988271799764 0.38092862739018096 0.057268154678544916 0.09110466378737563
0 0.35144596335931694 0.2137852043466233 0.13933631468808994 0.1666239003691402
0 0.7569152607017712 0.30690625770579744 0.10425224267981754 0.10348355027685514