0 0.43837796327977524 0.38679920170757864 0.14547722668681726 0.15094666558343128
0 0.8799580306333652 0.22990295049305792 0.09805678668045417 0.10325345941492108
0 0.7838648279758192 0.164406409907979 0.08875451201463562 0.10933981818121907
0 0.7092193639799554 0.1352467897775953 0.09024428668045399 0.10311709172016936
0 0.3802125693030014 0.21675548295716673 0.1442419906906352 0.17904439204448097
0 0.25721996463241065 0.2478027057647684 0.11869655068427196 0.13173301542127547
0 0.4408517193268639 0.044274331170157846 0.10892156134627218 0.08854866234031569
0 0.31454321065404606 0.08745949513203131 0.10427042401336309 0.10023755357072243
0 0.3833279312937745 0.2846560491097908 0.17287606802990768 0.2232853157455871
0 0.23589730593573024 0.4692237382321725 0.13770108935390812 0.1539352978886796
0 0.8776189925605049 0.766553516645682 0.07678177068745348 0.1544341298696164
0 0.4376559692075512 0.9187349943212524 0.11733404535327172 0.148893241882325
0 0.7488854652291865 0.7539598336090851 0.11053860534690844 0.10190914772652385
0 0.647821309874324 0.9142854533324318 0.11101132001909005 0.14253414772652348
0 0.686503643897232 0.7448945251670986 0.11869655068427179 0.13173301542127547
0 0.7606849365452328 0.8810717585280073 0.09967383068109044 0.10796823295387128
0 0.9264843012412769 0.6618154237076966 0.041806786680454164 0.10227161201270896
0 0.8037093252307773 0.7412865097458232 0.09654883068109035 0.1079136858759707
0 0.9176723752387316 0.6807154281719235 0.06206474267981754 0.09793866801906326
0 0.5983672972231414 0.8011093433483177 0.11077496268299925 0.12222164772652384
0 0.19206384790741335 0.6785402370143565 0.10585110534690845 0.1018273271096728