0 0.11953125 0.5703125 0.075 0.121875
0 0.1625 0.80703125 0.08203125 0.090625
0 0.26484375 0.8421875 0.07265625 0.084375
0 0.35078125 0.88359375 0.084375 0.09609375
0 0.64453125 0.75390625 0.096875 0.153125
0 0.775 0.70859375 0.096875 0.1140625
0 0.63046875 0.92421875 0.090625 0.09296875
0 0.7484375 0.871875 0.08828125 0.08359375
0 0.675 0.4875 0.11328125 0.16953125
0 0.76796875 0.4859375 0.096875 0.134375
0 0.59296875 0.0875 0.090625 0.14609375
0 0.490625 0.071875 0.084375 0.14140625
0 0.09453125 0.2390625 0.05234375 0.12109375
0 0.275 0.11796875 0.08828125 0.13203125
0 0.26796875 0.275 0.09453125 0.121875
0 0.16953125 0.1546875 0.08203125 0.09296875
0 0.02578125 0.38203125 0.03203125 0.05546875
0 0.15078125 0.29609375 0.08125 0.071875
0 0.34453125 0.209375 0.090625 0.09453125
0 0.77109375 0.2765625 0.09765625 0.0890625