0 0.35057048361401555 0.8499934220448532 0.1355050543720746 0.2636344685684687
0 0.7613128903044487 0.08930405521457695 0.10582818874502423 0.10941784946188074
0 0.6422418967302393 0.06443894996172797 0.09689885771838505 0.11991870181924558
0 0.5628727317112112 0.06033795492412669 0.09689885771838505 0.1199187018192456
0 0.2806319401907179 0.26998489847120466 0.15869320357377187 0.18205913688926817
0 0.17435542387909556 0.35213177254019123 0.13860619665368965 0.14837334160399784
0 0.28709148171121124 0.07318267307831053 0.09377385771838495 0.11977315260503389
0 0.17338712596999267 0.18452689557572052 0.12090936068413445 0.13507282092583345
0 0.3056810197344825 0.286752867453958 0.17332870653952134 0.1967766083532209
0 0.22542188087572748 0.5532725874701686 0.14517453163466154 0.1564769400324213
0 0.5657843067319893 0.8883152516571391 0.13299286661563342 0.1637072431755744
0 0.7963962726630509 0.6444238947516603 0.1386698636498842 0.14993584160399784
0 0.7673096560474173 0.8032916265546952 0.12141869665368965 0.14757282092583351
0 0.7441307771116753 0.6258044813932594 0.12986786661563343 0.16356169396136266
0 0.8631115873780679 0.7294302874318966 0.10601918973360754 0.11410534946188075
0 0.9496525597349199 0.46183821898726257 0.06214185574121878 0.10894266046291676
0 0.8573775350203405 0.5831010969851905 0.10445668973360753 0.11403257485477489
0 0.9447594712939068 0.48623890550502724 0.07126218775644091 0.10312930810555195
0 0.6589188358951931 0.7459586236592111 0.16051037155854947 0.18838191149637407
0 0.2553335794694024 0.7951668349889693 0.12384335969555131 0.13053087014004508