0 0.5892701693542569 0.132061666797952 0.12871150496239867 0.08186938311602719
0 0.8268279813887501 0.18772883440997817 0.09767982878371625 0.08601141233702041
0 0.8628447181541838 0.2906180551889849 0.09113873035529281 0.07965231818121907
0 0.9052377334556647 0.3795675068932683 0.10407537799792799 0.08924550649282174
0 0.7788572857702485 0.6661890251572128 0.16098034946188075 0.10428985389503395
0 0.7356424408564817 0.7942361586802772 0.12191784946188075 0.10360801542127547
0 0.9494832122607717 0.6613629776722751 0.10103357547845668 0.09544095941492117
0 0.8949981701783173 0.779844196422687 0.09350175103345748 0.09686709172016954
0 0.5126522429661774 0.6826189999967047 0.17740587014004525 0.12175008928453739
0 0.512294832088976 0.7755059293798536 0.14223034946188057 0.10396257142763013
0 0.11133799193272016 0.5803790211033183 0.15451202564056316 0.0994932597392328
0 0.09481611786373358 0.47704946956119076 0.14789815260503386 0.09157166558343129
0 0.20106384801413868 0.16041316882984216 0.14389985731976357 0.07276711850553061
0 0.1379709966902311 0.2639142698855023 0.13866870181924557 0.09453302434972918
0 0.2948930847795723 0.2643115105500115 0.12973034946188075 0.10374438311602727
0 0.17375648531769158 0.16071713189821119 0.1008048287837163 0.08606595941492108
0 0.40105523180303493 0.029638275971287032 0.05665241439185813 0.043142073863261896
0 0.3192316511572918 0.14998595779006801 0.10392982878371626 0.08612050649282174
0 0.2311987659206535 0.3381387483751469 0.10124147642635144 0.09544095941492108
0 0.29961289557121135 0.7678904780826075 0.09223034946188076 0.10308981818121907