0 0.79667465912471 0.30926016040051474 0.28991402866891214 0.15416107803617649
0 0.28128435284983117 0.8670921607050566 0.10550985376405234 0.10338342072720579
0 0.20611591509339014 0.7716480552141006 0.11606535178688597 0.09470932757475108
0 0.16565539977035093 0.7013949144056844 0.12081651878308035 0.09657221622369913
0 0.23903591406762592 0.3684939744001471 0.17616986364988402 0.15466412091177598
0 0.2605050543720746 0.24179177205610863 0.14083985870696816 0.12902377081949098
0 0.06611967889637353 0.4500710487356957 0.09875051779449713 0.09048290252860855
0 0.1119521492388783 0.30614177359726813 0.12952035672980178 0.11894786397194572
0 0.265644835018153 0.3871543368309333 0.1906143656270504 0.1649402868586199
0 0.48096213441013075 0.21199844078072969 0.1539128616727176 0.14388730721668547
0 0.9320816240300074 0.3868671213824265 0.13583675193998523 0.1300250663159841
0 0.8255224896942387 0.6904403092284955 0.12878552768032883 0.13916023442229636
0 0.9408351887636147 0.5999981770579526 0.11832962247277053 0.11828652991878955
0 0.7707739812912818 0.6540009639165725 0.17240819368794008 0.13883886181247734
0 0.9259509126219321 0.7137695828257636 0.11032468775644091 0.10680880937615385
0 0.7123871142185377 0.8935128493263178 0.10685217787060922 0.05983367982650449
0 0.7870130880210835 0.7641874922942027 0.10857118676785796 0.1020211798265045
0 0.7330670287432742 0.8820048504060519 0.10117518083635879 0.07349566162790708
0 0.8540255385919249 0.5249061443613858 0.18579953163466173 0.161514898209672
0 0.6917112920147849 0.155412072028422 0.13889535672980174 0.11954864126984166