0 0.34357645144342963 0.4534126543616857 0.1605456635169964 0.21784724282842394
0 0.8928250056119318 0.7486779589087058 0.10656251324684404 0.10203870435383652
0 0.9222446323836213 0.6279735893085925 0.1170635036281972 0.08992065027015243
0 0.9258755746717402 0.5527553344992691 0.11259425843752027 0.09600695916315996
0 0.7321329760382009 0.2685415695231446 0.17900299763774735 0.165431570958725
0 0.6613715535355299 0.16854405872337141 0.13550596878180662 0.1264583509957919
0 0.9309797038056823 0.2733307293271259 0.1170635036281972 0.08992065027015243
0 0.8239261172378607 0.1644319336809624 0.1288740228654909 0.11530259618646843
0 0.7171453822988031 0.3097394883976186 0.19021331614940173 0.17362601687504098
0 0.4515898149682752 0.2314061903892024 0.15474704210278442 0.1411756154237622
0 0.09866823392756721 0.5855530648834572 0.15738096878180674 0.12722224282842376
0 0.3756573529795265 0.8121056080825501 0.15510914065150558 0.10685517912609299
0 0.17601945152824763 0.7846601982785687 0.14449902286549077 0.11584823320977691
0 0.33384930969561566 0.7572469824919869 0.1083432680561673 0.1083432680561673
0 0.24653533737042982 0.877626459078342 0.11135914065150561 0.10532739546082936
0 0.5119544954451306 0.9520535070867581 0.10665179328391083 0.05990576805616712
0 0.390821050709941 0.8655480666127378 0.10645338584218215 0.09891370435383635
0 0.48609139989163436 0.9506100581752172 0.10078373920022692 0.07062501324684405
0 0.24410227421625316 0.6735565179713493 0.17823910580511534 0.14355657095872498
0 0.23309527531256152 0.2687598905666876 0.11152283175849823 0.11001489546082902