0 0.525 0.875 0.09375 0.25
0 0.16171875 0.81171875 0.084375 0.0890625
0 0.2703125 0.865625 0.08671875 0.10390625
0 0.34921875 0.89140625 0.071875 0.10546875
0 0.65703125 0.7546875 0.11953125 0.153125
0 0.775 0.6765625 0.10859375 0.12109375
0 0.6203125 0.94765625 0.06875 0.10390625
0 0.74765625 0.86640625 0.09453125 0.1125
0 0.628125 0.66875 0.14296875 0.175
0 0.759375 0.4890625 0.115625 0.12890625
0 0.4859375 0.071875 0.1 0.14296875
0 0.2171875 0.24765625 0.1125 0.10703125
0 0.27578125 0.1046875 0.08984375 0.128125
0 0.26328125 0.29453125 0.10859375 0.159375
0 0.1703125 0.153125 0.08515625 0.09296875
0 0.0421875 0.3921875 0.02578125 0.1
0 0.1515625 0.3 0.08046875 0.096875
0 0.04765625 0.3671875 0.046875 0.09140625
0 0.36875 0.1890625 0.12265625 0.15390625
0 0.7671875 0.2328125 0.08984375 0.13359375
0 0.05546875 0.31484375 0.071875 0.05859375