0 0.4501433125057668 0.8530068583762157 0.1280740016215578 0.2684980397032639
0 0.777191971186044 0.1611161779990979 0.10015573295387128 0.10072865824437507
0 0.6599732435071782 0.11540167486496582 0.09097164772652384 0.11144795269729171
0 0.5818891538156038 0.11123954530593798 0.09398755357072233 0.10527068787965285
0 0.30612372037526503 0.28301840064493083 0.12950804220663673 0.17169577488562507
0 0.18698220820040037 0.3474601475107988 0.1179159772718286 0.1339412017473612
0 0.2980908522734762 0.11635757750666693 0.10818642126547413 0.11341049620027785
0 0.19072263717651228 0.17794708130638903 0.10160913879807003 0.09451502583555564
0 0.3202508555231824 0.5482985617390975 0.14397964529089186 0.19546058320625015
0 0.2332048230557783 0.5650301604285766 0.130770533278183 0.15454464247680555
0 0.4675159987887746 0.926003374809375 0.12619212743398442 0.1479932503812499
0 0.5643637252498243 0.9299742479095141 0.10730575973923262 0.14005150418097187
0 0.8140030353133685 0.7387697057345146 0.1385557597392327 0.15316398043270835
0 0.960661621351495 0.6202587079187161 0.05972164772652348 0.11072060087368066
0 0.7579263591766303 0.6827547886564242 0.13419554220663682 0.1718048776591667
0 0.8746853908332556 0.7995812255861465 0.0924523271096728 0.10679682028847229
0 0.961175864451636 0.5460217741231258 0.0502648271096728 0.10581489532659738
0 0.866970122569311 0.659501086243473 0.09368754464226896 0.08808318787965277
0 0.9556156112052253 0.5959126713495841 0.07038641233702023 0.0953501740119446
0 0.6621308437553548 0.7977602331855909 0.14526940990138826 0.17987195079743062
0 0.2592513056059079 0.7743148946610072 0.11279210064862308 0.10883209897381967