0 0.862976697947639 0.474258955464148 0.2740466041047219 0.11921196740532806
0 0.8228231702122223 0.1511768081297151 0.08946384992375007 0.08692098997087014
0 0.8714990191860419 0.260773116984346 0.08619337955902787 0.08058006175762475
0 0.8919764797671184 0.33444629770487383 0.09088087955902786 0.08071645407749281
0 0.7644385869090631 0.6321062108744244 0.1586138934267364 0.10610891066226813
0 0.7158582293858687 0.7617315263929729 0.12111389342673604 0.10501777210332364
0 0.9518862687110765 0.6217811616532118 0.09622746257784698 0.10465405925034225
0 0.8856252155181604 0.7333384387711006 0.08648432028847211 0.09308006175762476
0 0.5016482993900006 0.6608606628403462 0.1840139369297223 0.12402383636823107
0 0.4942735169049312 0.7470709474800822 0.1402275693385418 0.12118834138279588
0 0.09539633975885466 0.5718318844023093 0.1555616286090973 0.1091429824490227
0 0.08124096114975735 0.46748536520197936 0.14306162860909732 0.10877926959604131
0 0.2585976692622919 0.19417458267381432 0.11809799620027786 0.10961434389007838
0 0.11784668911392385 0.2600305663764783 0.13346842306201395 0.0991314849563052
0 0.30674553495361134 0.2474981594751339 0.15875936379145844 0.11235891066226814
0 0.17465777393569457 0.14814668032481643 0.0986206443766667 0.07781877461060623
0 0.4180785059839236 0.02614233353174414 0.1023625870059723 0.03733016693047427
0 0.3150827521842015 0.1354611607287751 0.09415134992375007 0.08705738229073817
0 0.38931772634864587 0.03323341950426374 0.09335126291777777 0.05268238229073818
0 0.21414176728618087 0.3330612379258061 0.0965139369297223 0.12147784639736088
0 0.27710420070052144 0.7541717083006348 0.11170252583555565 0.10318248746358769