0 0.64547528754273 0.13611215759781692 0.1387562746106063 0.09766586123992674
0 0.8722400275136002 0.2223076910698918 0.10750627461060631 0.09748405405833438
0 0.8917378367639424 0.32846224229955584 0.09946645407749273 0.08962610226293624
0 0.9178349870013693 0.4197321369133616 0.11380173871722903 0.09908291549465283
0 0.7419474030739137 0.6856440041052166 0.1723871285298145 0.1259817587805987
0 0.6766981392838602 0.8063564799047198 0.1330973079967011 0.11794199980360816
0 0.9128282044066973 0.7041844049655384 0.10934155925034225 0.10686814441741391
0 0.8283970316037281 0.8101622150739969 0.1282279515702104 0.11166472872636923
0 0.4836575299543756 0.6707376633533535 0.1618588054894186 0.13998062626704133
0 0.45729726992524566 0.7584058349963264 0.15350073620994653 0.12118517447164337
0 0.09384120902555075 0.5128221868664793 0.16131323620994645 0.12123062626704133
0 0.0931843279884538 0.4096835513278599 0.15786998746358769 0.1102749455488821
0 0.12778899703049912 0.3368136778894889 0.12243259263643717 0.12725336729005096
0 0.17318876207419392 0.2052773315784809 0.1471598079967011 0.11802381303532483
0 0.3357485980467135 0.23324272941374047 0.1547449874635877 0.11025676483072289
0 0.22581600541027633 0.10729837383115445 0.11380173871722894 0.09908291549465284
0 0.2602819336235217 0.11022338593140288 0.15526181301126601 0.07432835518980255
0 0.37537573620994646 0.11814899453905099 0.10438127461060631 0.09746587334017516
0 0.404906460345699 0.033347789424003196 0.10356292069139794 0.06669557884800639
0 0.26316655588513005 0.2899245214700223 0.12322220282385157 0.10069995764913058
0 0.24524589931299 0.7213517834720748 0.10171091567683303 0.11307269262201594