0 0.5783763580054473 0.15390476634367076 0.10529225768074628 0.23090764342930997
0 0.08611139021076286 0.783410882170543 0.09939232622365464 0.10288277297895938
0 0.18702217185138112 0.8549633119970477 0.08918286831702944 0.11468186613141418
0 0.2585030587254364 0.8932631508305656 0.08936487884037306 0.11780686613141392
0 0.5754924086266143 0.8092826812107805 0.1252715577372161 0.17303458667404986
0 0.7146073875093398 0.7499751372554467 0.12979245776545092 0.143747604872647
0 0.5172340456418439 0.9686345882152093 0.08532982622365459 0.06273082356958141
0 0.6558939982162102 0.9358208906515328 0.11343941567207594 0.1283582186969344
0 0.6594648612009805 0.7542831030177204 0.16911256299888783 0.17740071406423077
0 0.7292522583866179 0.56585046112957 0.1362244682887946 0.14727312307124443
0 0.5261004974397512 0.10899398210594453 0.12279900512049764 0.15730945712440048
0 0.2389582712584489 0.23252710749354072 0.12731990514873237 0.12802247532299776
0 0.31305446586972013 0.10475136335363686 0.11113346302712265 0.14410855027685524
0 0.2709293370999342 0.28946752236065043 0.1349195735222315 0.17832286397194572
0 0.20158634485126764 0.13367979487818435 0.09966534200867017 0.1075702729789593
0 0.034165813492998034 0.3558482842377263 0.04828485253201389 0.10739099784053163
0 0.1597566186699653 0.27293325956072395 0.09626732622365464 0.10268251387966068
0 0.04435215557225539 0.3290552467607975 0.06805132096198278 0.09931768198597286
0 0.39380466595442476 0.19932098858434952 0.15385158404557514 0.1826494185677375
0 0.7796441844408635 0.29305331122185513 0.1827200366905286 0.17048938001107458
0 0.3552951737763454 0.12000492596899318 0.12466534200867016 0.1091723457733484