0 0.46806202759614013 0.19248887783772614 0.15181151055001152 0.28537621266133195
0 0.23577563311602717 0.12907739407307584 0.10338982710967279 0.10646028003177213
0 0.3571187991064956 0.10073598011120236 0.09426028896022594 0.12035913879807003
0 0.43953583279171565 0.07952522767557037 0.09782166558343128 0.14541368587597073
0 0.6993995767026358 0.2910293380634261 0.12643758928453738 0.1740296095770768
0 0.8100797524323367 0.41245609902047475 0.13362279788867965 0.1382284772718286
0 0.713246068181219 0.09992309699187986 0.09108074188232518 0.11717959172016938
0 0.8221046452908919 0.20647883440997816 0.11799779788867966 0.13795574188232515
0 0.7571496213449044 0.37794868546563837 0.16550008928453738 0.17471144805083538
0 0.7621894975610728 0.5771947090045887 0.14168075973923244 0.15242734496658022
0 0.4135976335164737 0.9185364502829488 0.13098872158978575 0.16292709943410238
0 0.18550604098552545 0.6944336128234877 0.1382557508107789 0.13518529788867967
0 0.2130697536468574 0.8417449894466932 0.11813416558343129 0.145768241882325
0 0.23794920251176696 0.6562984131477994 0.14373418344033875 0.1805796185055307
0 0.1189282414719928 0.7729347138791479 0.1034716477265238 0.11114778003177203
0 0.03934628692833566 0.5091255840095317 0.0439602800317721 0.10229888555165925
0 0.12664350973593735 0.6332682418823252 0.09856595941492108 0.09856595941492116
0 0.04208550324311559 0.5318227443179572 0.06737050649282175 0.1011454886359143
0 0.30468846346881556 0.7660240150142383 0.13488528896022584 0.12106825081077907
0 0.1430515340856666 0.7678887037328782 0.09403419236879249 0.19689436525911982
0 0.25357202272158086 0.835422851459402 0.12257620373287823 0.1317875624991763