0 0.5643383861846759 0.9212581867365415 0.1273641335443795 0.09072193361304173
0 0.7995688440230924 0.8827088626759136 0.09629598997087019 0.09460395020978148
0 0.8330382250601893 0.7818926464940926 0.08977320533113406 0.08475535352912936
0 0.8723711611909936 0.6948312769929237 0.10424488229073817 0.09988344606059663
0 0.7361371106496328 0.3987231037528439 0.16085859514371953 0.11664581618646537
0 0.6874986853393814 0.26741298155238263 0.12175063103709682 0.11212333693238988
0 0.9070717362764535 0.4171565628856951 0.10121081050398359 0.10277164772027056
0 0.8416178840065978 0.298665749398522 0.11706313103709709 0.1117681394219007
0 0.468645733769171 0.36201139606988536 0.17854620031656906 0.1351357070582587
0 0.4651008481132205 0.26856904938923326 0.142063131037097 0.11366252614450918
0 0.07416361104534425 0.4383656056037218 0.1483272220906885 0.11617221950581343
0 0.06546155512696071 0.5415022609976621 0.13092311025392142 0.09370522365499809
0 0.16661995170322436 0.839444698759889 0.1450517387172289 0.10921182448483516
0 0.10797838908766977 0.755920881123531 0.13563127461060623 0.10693892946385689
0 0.2650096390876698 0.7678199977249148 0.17188702335696499 0.12059961037760658
0 0.1479465080505728 0.8623018583030142 0.10093802586424747 0.09339664772027056
0 0.38679239621380573 0.9852186787389108 0.10591503087881246 0.02956264252217835
0 0.29296349135752536 0.8834692311281753 0.07589256175762475 0.08993976099766243
0 0.35576971674691915 0.976518184962688 0.09074467194503928 0.046963630074623806
0 0.19763793415224712 0.6883324846526604 0.10442673871722889 0.10613344606059663
0 0.2499843134734844 0.2616641634918174 0.09826766693047428 0.10878484937994451