0 0.4457373824054313 0.3388097717948316 0.09715604025277602 0.22057445435896633
0 0.8308416434867079 0.23337171350575062 0.09397572930778501 0.10049875269929238
0 0.7126781416776855 0.17617267491368682 0.07916960085908258 0.11493976099766212
0 0.6358323586609987 0.15011781516078018 0.08213082654882306 0.11205155933798813
0 0.3398691627085847 0.27865167656407197 0.14116498982323478 0.16943892946385705
0 0.23302602046507226 0.3483703354824973 0.12250352103089916 0.14001153859206372
0 0.36014296189493056 0.08642921038225097 0.08213082654882306 0.11205155933798819
0 0.2412911425821967 0.16457567593937208 0.10614153663473136 0.12476504689043351
0 0.36617935719066075 0.3055460632866804 0.15086753844375372 0.17639932448483514
0 0.26887939054603177 0.5425114217901872 0.12891729534115867 0.14361013527271585
0 0.5852778329919428 0.9452457967901872 0.11542800542706697 0.10950840641962571
0 0.834703543643678 0.7970431271980607 0.12620837516934208 0.12161673610255282
0 0.7907974926483099 0.9345765401538136 0.10383540818602892 0.13084691969237278
0 0.7901413161449151 0.7485338496036591 0.13836753844375363 0.175452131123531
0 0.8910973857963335 0.8931377998134404 0.09422139077317411 0.10518625269929238
0 0.9854870785271876 0.6580901388204228 0.029025842945624804 0.10452247925407558
0 0.8942965496365719 0.7463103440045817 0.09126016508343397 0.10807445435896632
0 0.9787612443457905 0.6803319917248521 0.042477511308419126 0.09813076929603196
0 0.6865803041591276 0.8511834076922474 0.1352425384437536 0.17521533278320475
0 0.2789791660994867 0.7946183734498611 0.11946040818602892 0.14133724025173783