0 0.5309459938516798 0.08820381273867851 0.13472952400410493 0.06250109468490825
0 0.16281413826909394 0.1901630180219535 0.08489315046753823 0.090044292011454
0 0.2773442708808471 0.13759309603754372 0.06934996369925477 0.10392497867599956
0 0.34755677693097137 0.12122375604708875 0.07554542154477702 0.09462270401018133
0 0.6678925237095175 0.2632230887571322 0.135184041958086 0.14062609468490822
0 0.7782669423274283 0.30200487277208604 0.10067268657189174 0.11678860534690845
0 0.6190545270291672 0.05954355808399614 0.06934996369925486 0.10392497867599956
0 0.7468482498036083 0.1383690867679499 0.09273292154477701 0.09482269867918126
0 0.6288891110435351 0.27292480541849606 0.1353567587805987 0.17031359468490825
0 0.7623611829576544 0.5221173781030861 0.11640677088084708 0.13572041868236298
0 0.48978830883191227 0.9333911256962033 0.09923745159900647 0.13321774860759347
0 0.2128434928697213 0.7328959580283169 0.08492042154477711 0.09473179201145392
0 0.28254798057308117 0.8977584367043164 0.09137040944452864 0.12917951734563574
0 0.270615086253863 0.7265374173694983 0.10067268657189174 0.11678860534690845
0 0.1752394746211528 0.8488567653564534 0.08492042154477705 0.09473179201145428
0 0.04651399004105091 0.6098749866724997 0.028697692622015915 0.09876476400381798
0 0.15569406820168624 0.7119198393539081 0.08168633723582164 0.07594542934436319
0 0.052091824350006324 0.6286886213399088 0.048964740826617836 0.09118862133990877
0 0.34757301687382636 0.795397052713225 0.09752950585373252 0.11362724267981754
0 0.7722184928697213 0.7394048754375862 0.0911522408266178 0.09167951734563573