0 0.22065816333809685 0.4634072198853943 0.28097648441265977 0.11895422433401848
0 0.7643492711120965 0.85614508999825 0.09696211733238051 0.09431768577927499
0 0.8190910374557415 0.7455550998840816 0.12275979282674845 0.08446252471457924
0 0.8416323089951664 0.66969293684222 0.09463479282674854 0.08331651878308044
0 0.7223295600035726 0.3702447406828219 0.16557000569998337 0.11736786661563361
0 0.6787266614965114 0.24311189631030983 0.1275237024816745 0.10802735870696818
0 0.8904786264634332 0.3857145262718162 0.10822739926336596 0.09945085475263546
0 0.8446030337725705 0.2686742649031097 0.08904035668871871 0.09243685079830274
0 0.4561254057965282 0.345295184333581 0.18820983020561535 0.12919670456235507
0 0.4554312731289089 0.2543836828507062 0.1467107450563215 0.1150413626613008
0 0.0660217067950992 0.43540560079830276 0.1320434135901984 0.11086319863085592
0 0.056556730554261934 0.5350235988211364 0.11311346110852387 0.10442219764227278
0 0.20735622593955952 0.8216972223568522 0.12018109604505715 0.09214769072219049
0 0.07667966232969067 0.7521275271860374 0.14972648441265973 0.11360619665368965
0 0.22511716232969067 0.7581758918245045 0.16178944183801275 0.10786553262324468
0 0.11483559016984701 0.8563176200756747 0.10422831411407193 0.08682352076024671
0 0.34477482642409213 0.9891287907790559 0.05552873416055819 0.021742418441888133
0 0.25558627630787656 0.8714544832312672 0.08246257475773362 0.08749468281352506
0 0.35031998607901815 0.9728584977942785 0.08954310124083724 0.05428300441144316
0 0.18315889129446875 0.6859533819386727 0.1324625747577337 0.08953202669174569
0 0.2518692305542619 0.25235697334543533 0.11335194183801275 0.1058918557412186