0 0.43125 0.7083779181566838 0.121875 0.24331846878180663
0 0.81953125 0.14247508812746612 0.0859375 0.09675100362819707
0 0.70625 0.09799345654645317 0.0765625 0.11204862141421193
0 0.6328125 0.0911829505560034 0.08125 0.09346231252120452
0 0.33828125 0.2413119584453697 0.1109375 0.16168652286549073
0 0.2140625 0.30033727278067274 0.1046875 0.1239682680561673
0 0.34453125 0.051902261980899554 0.1015625 0.10380452396179911
0 0.234375 0.14337794465037162 0.103125 0.11766370435383648
0 0.32578125 0.5058109680640166 0.121875 0.1886309687818068
0 0.240625 0.5189409398410482 0.11875 0.1447718413771451
0 0.43359375 0.9043898226031875 0.1078125 0.160014895460829
0 0.540625 0.9100272089935239 0.1 0.14567957694917483
0 0.80546875 0.6796849114484438 0.0984375 0.09250001324684405
0 0.74296875 0.856086209541678 0.096875 0.13932044954451292
0 0.74453125 0.6857191458393472 0.103125 0.12703870435383652
0 0.853125 0.7928644685273527 0.0734375 0.09943949400955035
0 0.96171875 0.5453222912153584 0.0328125 0.10114583774894789
0 0.85859375 0.6528297455691947 0.0859375 0.10456350362819719
0 0.9578125 0.5704587004711854 0.0515625 0.09398810217691818
0 0.66640625 0.7704785809558901 0.1171875 0.09627977767481415
0 0.24453125 0.731304530585221 0.096875 0.09869544954451293