0 0.10859375 0.58046875 0.10078125 0.1125
0 0.16171875 0.81171875 0.084375 0.0890625
0 0.275 0.86640625 0.07109375 0.10546875
0 0.34921875 0.890625 0.07265625 0.103125
0 0.64609375 0.75703125 0.09765625 0.15703125
0 0.775 0.6640625 0.10859375 0.11953125
0 0.62109375 0.94765625 0.06796875 0.10390625
0 0.74375 0.88046875 0.08359375 0.0734375
0 0.70859375 0.70625 0.11875 0.15859375
0 0.75859375 0.50859375 0.11484375 0.115625
0 0.4859375 0.075 0.1 0.15
0 0.08984375 0.24296875 0.05625 0.11796875
0 0.26796875 0.265625 0.10234375 0.1515625
0 0.1703125 0.153125 0.08515625 0.09296875
0 0.04140625 0.38984375 0.04296875 0.10546875
0 0.15703125 0.29375 0.08671875 0.08046875
0 0.05078125 0.33984375 0.05546875 0.09140625
0 0.34765625 0.2125 0.10078125 0.109375
0 0.29453125 0.16015625 0.071875 0.10546875