0 0.56953125 0.415625 0.08125 0.17109375
0 0.159375 0.803125 0.08828125 0.084375
0 0.271875 0.85859375 0.071875 0.1109375
0 0.34609375 0.87890625 0.07421875 0.0859375
0 0.6453125 0.75390625 0.09765625 0.153125
0 0.775 0.7078125 0.096875 0.115625
0 0.62890625 0.9203125 0.090625 0.09609375
0 0.74609375 0.87421875 0.08671875 0.078125
0 0.675 0.48828125 0.11328125 0.1765625
0 0.76484375 0.4859375 0.10546875 0.134375
0 0.58984375 0.08671875 0.09765625 0.1484375
0 0.49375 0.071875 0.08125 0.14375
0 0.21328125 0.2484375 0.10390625 0.0984375
0 0.05234375 0.31875 0.03515625 0.10390625
0 0.26796875 0.28515625 0.09609375 0.14609375
0 0.16640625 0.15703125 0.07578125 0.09296875
0 0.04140625 0.3921875 0.03125 0.1
0 0.1515625 0.296875 0.08046875 0.0734375
0 0.05390625 0.34296875 0.04765625 0.08359375
0 0.378125 0.190625 0.115625 0.16953125
0 0.7703125 0.2765625 0.09609375 0.090625