0 0.8634917481532882 0.7442759387711007 0.10059996369925486 0.10603470282385156
0 0.8930979558024188 0.623122352798581 0.12711701190385655 0.09899509263643722
0 0.8982354285768599 0.545642210478713 0.10052724082661797 0.09353470282385157
0 0.7162006751590143 0.28301549300687806 0.17264768052176754 0.13781355172849494
0 0.6450029069104459 0.16870059191152134 0.13350336729005097 0.12261444906292791
0 0.8842785094679698 0.2593781015449398 0.1146988251355733 0.11269387978345566
0 0.8137892683467645 0.15754046839627178 0.09432269262201594 0.10116534639736088
0 0.45041659387512106 0.31808814113273376 0.19616699375348395 0.15255801332783517
0 0.4298319039835796 0.23120190657214001 0.15387040944452862 0.1325804824490227
0 0.07842394008793314 0.49455633056224324 0.1568478801758663 0.12963733887551357
0 0.08087066657480738 0.5998886882423753 0.1616556383672898 0.12812030298213628
0 0.31155199825148416 0.8251685184089069 0.11479881908544902 0.12988137978345557
0 0.17032755543307648 0.7980330200582596 0.15698631908544902 0.13110891066226812
0 0.3267411818965096 0.7653616093959916 0.16792381908544912 0.1314271594086268
0 0.22837588388829938 0.8900781160599092 0.1083670119038567 0.09844952335696497
0 0.4888861370115574 0.9559231102539215 0.1002727107723885 0.049784702823851744
0 0.368301447120016 0.8719465785171792 0.08804542154477701 0.09629598997087001
0 0.4740742032683361 0.950886269266837 0.09256020472226431 0.06674488229073816
0 0.24035877518245546 0.7100723673135504 0.11630677693097136 0.12055184389007838
0 0.2280512353656688 0.27456677632646587 0.11786018657189172 0.1190348079967011