0 0.12828092173083377 0.5349884614079362 0.08575827488562511 0.13283765601864025
0 0.1611707293858687 0.7711977259300833 0.09128092306201392 0.10206125269929238
0 0.260608338143334 0.8067073282098128 0.0801979526972918 0.09498245850815117
0 0.34609254967434105 0.8479700230210095 0.09615026101791671 0.11022895020978148
0 0.6443280682917021 0.7158031827646274 0.11152199430041669 0.16754454274124875
0 0.7770853636945493 0.6697425537156889 0.10748780452090294 0.1282452444009227
0 0.6224745181392022 0.8865067690723173 0.09920252583555574 0.10734074855010753
0 0.7422954024478827 0.822643333384683 0.10737870174736112 0.12355774440092268
0 0.6874188791777782 0.44879235890449215 0.12754703780340293 0.18591603444287888
0 0.7797154819513198 0.4464943078648737 0.10952308320625015 0.14867614357108572
0 0.6209502392664237 0.06411662520049266 0.10981402393569457 0.12823325040098532
0 0.5172979091943055 0.053996725305383374 0.09084581838861112 0.10799345061076675
0 0.2485855832062501 0.12203633028440523 0.09833101006798621 0.13690984937994446
0 0.3031633272223265 0.0795519097436179 0.10309124525034737 0.14039004689043352
0 0.28883133634038216 0.23716350020049265 0.11490156743868063 0.17871884108157465
0 0.1968230614547571 0.11734975289978503 0.08979115824437507 0.10506785352912935
0 0.0591276121759378 0.35474577696970166 0.050874128609097305 0.10835787427505376
0 0.17282512984336829 0.26317173837763796 0.08771951196784729 0.08307445435896632
0 0.06990080480524333 0.313232783193479 0.061520687879652855 0.09668666846619489
0 0.3686448164887502 0.16928799335201541 0.10552526101791679 0.11093934523075957
0 0.7927018719595835 0.23107021740799896 0.1053797906531944 0.10468934523075957