0 0.7562929901392467 0.5313854042259362 0.2693863251355733 0.11406604869945838
0 0.774223816060387 0.12165584821958171 0.09273292154477701 0.09535913879807008
0 0.837341960477801 0.22681490666156812 0.12078519867214013 0.08335006249917613
0 0.8651084121750031 0.29899386972993713 0.09266928903121965 0.08442163879807003
0 0.7692565984523073 0.6108547159143334 0.16159200585373235 0.11530917451188501
0 0.7356451886149952 0.7427047337712409 0.1240556444174139 0.10840460957707698
0 0.9346907009116354 0.5751512207855974 0.10526019262201594 0.1002648271096728
0 0.8986764537403056 0.6968858989509303 0.08647383118569749 0.09368754464226861
0 0.5078332851223948 0.6662042836885154 0.18511131908544912 0.12978077759614007
0 0.5138247307694728 0.7559525763021891 0.14285109621281222 0.11654439204448082
0 0.0997344388113869 0.6241039273545541 0.15689541549465286 0.11366485389503396
0 0.07727311065075156 0.5237045068998588 0.14905564441741398 0.10884098620028233
0 0.228698213502863 0.22884420008272555 0.10380677693097129 0.11898755357072241
0 0.10333512002052544 0.30291471996822794 0.14752950585373248 0.11506371266133195
0 0.2665254664297293 0.28443963514791737 0.14905564441741398 0.10884098620028233
0 0.13084197560311145 0.19617379626712178 0.10049996974937896 0.08768300649282175
0 0.3549920270291672 0.046152656658272825 0.09864657825883114 0.03765573295387141
0 0.2681783491396783 0.16564872483949186 0.07863406010845857 0.08886367694751698
0 0.3394261143631847 0.05658164204777623 0.08945338544042354 0.06874209172016939
0 0.19197089402463055 0.36231126501753363 0.11002041549465287 0.11284664772652384
0 0.305371881335207 0.7838123437520595 0.09748405405833438 0.10637845941492116