0 0.4745851684261003 0.1521827060785333 0.13458528003177203 0.1124038893989355
0 0.7154692670461286 0.1569810027542517 0.10955800649282174 0.10880065727678297
0 0.7725084253259592 0.2508264686655468 0.10163641233702059 0.10191292848861026
0 0.8367697483784422 0.3343083904861973 0.12704551542127546 0.1273911606107628
0 0.771145153818899 0.6426791288172676 0.1757830243497292 0.14853257909743345
0 0.7570263323912692 0.7792225356350088 0.1349398360381265 0.13271638939893543
0 0.9353946144516361 0.6005389104900767 0.11128414772652348 0.11830320303441759
0 0.9145036416440344 0.7216646113984622 0.09862050649282175 0.10790783697334128
0 0.5156024914818786 0.7157029432016557 0.18847393912238158 0.16049044515850958
0 0.538239376222759 0.808304902444991 0.15527960957707698 0.13593698424818434
0 0.1106149825534249 0.6998560919743111 0.16309210957707684 0.13657471303635713
0 0.07618196307001669 0.6020724251546303 0.15236392614003338 0.13163212152108805
0 0.07774575568533815 0.5211412895487167 0.12257620373287823 0.1395085233378593
0 0.07268372625917877 0.37890599212409226 0.14536745251835753 0.13711684697528082
0 0.2146805142067548 0.3406402018264695 0.1865568831160272 0.14005039940087513
0 0.08861862053742078 0.2568077225792548 0.10437958279171564 0.08029302000387935
0 0.17886179099211602 0.2860803765220579 0.1249102711033184 0.09445111485312827
0 0.20879079870275374 0.2298462230382968 0.09703073295387143 0.10621779121570665
0 0.15182991234031568 0.40044589439990536 0.14787621266133194 0.15873675546001173
0 0.29494729789527013 0.851816560011638 0.15692393019392786 0.14075203000581915