0 0.17334828619715267 0.5253654790944869 0.26146826805616735 0.11970336817585511
0 0.24482650443080525 0.8460805265201208 0.10149306733052794 0.09323333148532668
0 0.1903622045234725 0.7435694475244559 0.08268850362819706 0.09057876834526439
0 0.15730167866275685 0.6711253001270568 0.09351687622353536 0.08809080517696728
0 0.24892366115474368 0.35813320548755084 0.16313989546082902 0.1170950366905286
0 0.28259427830778633 0.22387232657659045 0.1255307680561673 0.11178591041040423
0 0.06307793039203738 0.3940083342573367 0.1021478317584982 0.1119833314853265
0 0.11607146641955406 0.27506164220631424 0.09389882213985135 0.09902830517696729
0 0.506661750084818 0.29615133205002386 0.19030259618646853 0.13582962613895005
0 0.5044419964566209 0.21016832941918792 0.1464434687818068 0.13015647881213824
0 0.9201550318935745 0.3291571929686557 0.15968993621285107 0.12012903142885678
0 0.9364087590704926 0.43027237193608575 0.12718248185901473 0.11765647881213823
0 0.8005010963561044 0.7299523954724347 0.12229664065150558 0.10847889988706054
0 0.9330878408289909 0.640693932445312 0.13382431834201824 0.110951452503779
0 0.7563220212210282 0.6753782875375747 0.14600695916315978 0.11765647881213823
0 0.8915998115097142 0.7606570929263035 0.10116568511654264 0.08385833148532633
0 0.6652059810171603 0.913188371653737 0.10287202885594056 0.043415342008670164
0 0.7564534851935116 0.7912308006917542 0.10149306733052796 0.0932333314853265
0 0.6914683806543407 0.9030475322053156 0.09560516587924912 0.05858531570031076
0 0.8313641720393349 0.5825467744539822 0.10113096878180663 0.12751732622365458
0 0.7099281046239889 0.17628063487850384 0.0971329495445131 0.10233531570031093