0 0.4644856057412186 0.127682121792675 0.14020318874502422 0.11101889081820956
0 0.2371882766917457 0.1373695291552198 0.10232118676785792 0.09989730024766902
0 0.17351704893486714 0.23967258374611503 0.11750051779449713 0.08968754631872758
0 0.12719514726171194 0.3084739336222805 0.14562551779449717 0.09099748924663302
0 0.25161546300249304 0.6253960680303493 0.17202619171077377 0.12653688296032684
0 0.33693749216569674 0.767388822992748 0.13309102570316256 0.12784251778268024
0 0.07070370262236972 0.5678446255167287 0.09862318380210836 0.0856892510334573
0 0.13639898129128178 0.7065839478903042 0.12783052273741302 0.11356169396136266
0 0.312674979808407 0.707776228493266 0.16580536661563353 0.16523550992479752
0 0.5082859101504743 0.7816076424708395 0.1460366946765234 0.13936221463952717
0 0.9316160504177418 0.5796557681924559 0.1367678991645164 0.1244649607105858
0 0.8163730523949082 0.2859891972666224 0.1540110207602467 0.10542386228216234
0 0.9278364871670093 0.36760953246047945 0.14432702566598152 0.10967471463952716
0 0.773910979771226 0.3346963709641055 0.1186465237259963 0.11781254631872766
0 0.8931292119767289 0.2560341776219153 0.10700868676785795 0.10011562406898662
0 0.6711693458553869 0.09052253184130696 0.1081600098858317 0.0518236732831983
0 0.7519484550566465 0.2167083502859411 0.0897575197716634 0.09775260339082215
0 0.6863314308363588 0.0990263906088126 0.09779551285158128 0.06537675103345728
0 0.8249734140676258 0.42050974648083417 0.12684102570316255 0.1275514193542568
0 0.9129535751323212 0.398095399085868 0.11762785178688588 0.09281254631872767