0 0.54921875 0.92109375 0.0484375 0.1578125
0 0.16171875 0.81171875 0.084375 0.0890625
0 0.27265625 0.865625 0.075 0.103125
0 0.35078125 0.896875 0.06796875 0.1234375
0 0.6578125 0.7546875 0.121875 0.153125
0 0.77734375 0.70625 0.10234375 0.11640625
0 0.61875 0.94765625 0.06953125 0.10390625
0 0.74765625 0.86640625 0.09453125 0.1125
0 0.6328125 0.73515625 0.12421875 0.17109375
0 0.759375 0.48828125 0.115625 0.13046875
0 0.4859375 0.06953125 0.1 0.1390625
0 0.2046875 0.26015625 0.07578125 0.09140625
0 0.27578125 0.10390625 0.090625 0.1265625
0 0.27109375 0.278125 0.08984375 0.128125
0 0.1703125 0.153125 0.08515625 0.09296875
0 0.0421875 0.39609375 0.03828125 0.1
0 0.1515625 0.29765625 0.08046875 0.09140625
0 0.0484375 0.36953125 0.04921875 0.090625
0 0.37578125 0.1953125 0.109375 0.16796875
0 0.765625 0.2375 0.08671875 0.121875