0 0.1420609150766409 0.7049042390667596 0.26114088584218226 0.11786817106527714
0 0.7678546441948846 0.06990133732254777 0.09540675843752063 0.1002528611687961
0 0.8361557216922136 0.165956839631622 0.1075793762235353 0.0919714694628702
0 0.8584548184268362 0.24111337304347388 0.10779763103285873 0.0982214694628702
0 0.7438268009188231 0.5572352419879645 0.16486608656782167 0.12658020678620333
0 0.7048684499230312 0.691492664796668 0.12714783175849825 0.11704938190398124
0 0.9082266068166056 0.5109187336466221 0.10812501324684405 0.1075964694628702
0 0.8704587335882952 0.6333890559369462 0.08921132213985139 0.10126855702175916
0 0.48033473059307025 0.6309139156451399 0.19197422359113023 0.14452912441111074
0 0.48193938141137693 0.7187850625348621 0.14784227767481414 0.1297639953818516
0 0.07676087432461881 0.6174424867576853 0.15352174864923762 0.12460760367592556
0 0.06266365798988277 0.5242488528274538 0.12532731597976554 0.10775229434509229
0 0.2151165353945445 0.21873300174342636 0.11168652286549074 0.12036987153638865
0 0.28674354265093865 0.04111655819953759 0.10481647477225646 0.05745976842611091
0 0.2612177198781151 0.25909487012226906 0.166646841377145 0.13296690782296267
0 0.12278519165514674 0.18631006394898172 0.10289187622353535 0.09156136635259245
0 0.26202130644593674 0.14686827219578755 0.08274306733052797 0.09447175287472205
0 0.33844245190676575 0.03587570176706047 0.09151786660488845 0.07175140353412093
0 0.16711800109630834 0.38883017973592626 0.182653787293461 0.14527141819055522
0 0.27244533032291784 0.7628159009422227 0.1020932680561673 0.11329966531583313