0 0.9164165573842802 0.469645620102647 0.09339993145709151 0.13463695435896633
0 0.9085108650509091 0.7111469584849293 0.09470482622365459 0.10362375269929239
0 0.8126670150085566 0.7631373562051997 0.08809080517696728 0.09690015601864026
0 0.7334114254895481 0.8170095626387586 0.09663134727034191 0.1099921518694554
0 0.422717578219206 0.7369724008205483 0.11874854195220053 0.16922544191141178
0 0.2872127177240972 0.7142830298694868 0.1133484104104042 0.12992614357108573
0 0.4614523964797657 0.9035320161725323 0.10417083148532633 0.10589664772027021
0 0.332485962321251 0.8583756493706556 0.10682539462538862 0.12476504689043333
0 0.35333272845920244 0.488772621776254 0.13511699459715382 0.15646533278320493
0 0.26091771530502283 0.49185192281587237 0.11609397881213823 0.15035704274124875
0 0.3752190788544906 0.07551208402099382 0.11525952090551303 0.15102416804198765
0 0.47454424466774103 0.056672362027991766 0.10533848933548207 0.11334472405598353
0 0.5560217578219205 0.057737031944079184 0.11829351564384112 0.11547406388815837
0 0.6964493367469984 0.05980134449420236 0.11260495776545092 0.11960268898840472
0 0.7259078655450192 0.20315962757582412 0.10920694198043535 0.13894594606059654
0 0.8065901761954197 0.06600132446161325 0.09644933674699843 0.10686715186945542
0 0.8973509550640278 0.14230187010264692 0.05931335779368574 0.11027557178554281
0 0.845385907638394 0.20666129064343428 0.09497784200867017 0.10831125269929238
0 0.9562470839044008 0.2508354979021856 0.057204826223654595 0.10078217261537983
0 0.6404184156014889 0.15000058400938285 0.10435284200867016 0.10902164772027048
0 0.2274017470868154 0.2801690616130733 0.10831229991529537 0.09687684523075957