0 0.3752628769743461 0.16301236029501515 0.14003484937994443 0.1045996547112475
0 0.1566564321631494 0.2316538276077253 0.10878484937994451 0.10241444183801277
0 0.14673882573423502 0.3366473302056153 0.10182445435896632 0.09260239926336578
0 0.12878357635893495 0.4278679099070276 0.11875184523075957 0.11088250569998319
0 0.32703643528664905 0.7059486232844654 0.17642263527271584 0.1335658888718056
0 0.4033406713892019 0.8309593309619199 0.13844903859206373 0.12469363342392406
0 0.15862997740319776 0.7089375934471671 0.11586364357108563 0.11378898441265975
0 0.24949362097428338 0.820978407561239 0.12871884108157472 0.11935056956195363
0 0.5937619939999372 0.7082805736724529 0.19659342531467203 0.15362701659574646
0 0.6178758454544742 0.800888690752732 0.15923513527271585 0.13236402179152656
0 0.9375987788438014 0.580760769116762 0.12480244231239723 0.13145708565349706
0 0.9356093037389108 0.4775811387949311 0.12878139252217835 0.11216078243518837
0 0.6966293141118729 0.20957491192383992 0.10362375269929239 0.09583665990702758
0 0.8527026379720082 0.2694465746808591 0.1443438410815748 0.12044317599857095
0 0.709888175939372 0.2819962151421486 0.15852474025173766 0.12298902179152656
0 0.7906743894219007 0.16874745215269837 0.11359074855010753 0.10430472376899802
0 0.5304929834032605 0.06818009755766644 0.10906826929603178 0.06513296312533626
0 0.6459538852727158 0.16639871229215702 0.1103473493799445 0.10252370248167449
0 0.5477988825734235 0.07094446463794553 0.10172936597668389 0.07083665990702759
0 0.7696076406713006 0.35222658767030934 0.12571224025173783 0.12069454827463018
0 0.8269306141258062 0.7805372579688971 0.11465634108157481 0.11836722376899793