0 0.5278836249814095 0.2351326507759751 0.14194605536065782 0.2716778940675857
0 0.20160496787104684 0.16687541560701075 0.09919618676785787 0.10197739926336583
0 0.3230143942587814 0.1291401048471335 0.08564302273741298 0.11349405347041022
0 0.3948893942587814 0.13416609445557331 0.09275518577927463 0.09685285668871887
0 0.6695180266545646 0.31633301031468564 0.1301862015966055 0.17425659084927708
0 0.7880014298105946 0.38886321019847003 0.11772069368794007 0.1359917663436449
0 0.6817673117492673 0.15030917256750168 0.10751802273741298 0.11502370248167453
0 0.7886911323957833 0.21811366762382312 0.10050401878308043 0.09583665990702758
0 0.6606218932330171 0.5538876406365164 0.1431663626613009 0.14867743664223276
0 0.736151133841477 0.6038272924977723 0.12948586463846717 0.15706909084927717
0 0.4929688892415035 0.936810857192922 0.12368153361182799 0.12637828561415604
0 0.39355913825292027 0.9386111628830699 0.11229836463846717 0.12277767423386017
0 0.15652334775819113 0.7348770165957464 0.1349081936879401 0.13719363342392404
0 0.0318137675101703 0.6874178725281608 0.0636275350203406 0.1235574683211162
0 0.21077710764402288 0.6916622481584145 0.1333112015966055 0.17447511213660044
0 0.0896276664275407 0.7999285802056153 0.09170202174882983 0.10924359604505725
0 0.01961219785223755 0.5505680825514039 0.0392243957044751 0.11185514381548423
0 0.10001336258693876 0.6604126121366006 0.09406301779449713 0.09071211733238052
0 0.024827609164078685 0.5947004948042199 0.04965521832815737 0.09877598960843983
0 0.30453508342373514 0.813389418709104 0.14262253460041113 0.17356817599857094
0 0.7048680058571369 0.8139617631646772 0.11383168973360754 0.11702324505632156