0 0.869382647261712 0.2881654638857385 0.1098737015966055 0.16742505357072252
0 0.750645940227899 0.09869563515121266 0.10908052273741298 0.10963982710967277
0 0.6262216017868859 0.07663149472828952 0.10184102570316256 0.12356595941492107
0 0.5396155983268448 0.06685271469322214 0.10735619665368965 0.13370542938644428
0 0.30552839429596246 0.2839350746773361 0.14156937056996624 0.17890802434972922
0 0.20818250349722214 0.40837774147858336 0.14179486364988403 0.1461227978886795
0 0.27123035425834385 0.09455497483949186 0.09852502471457933 0.11882391233702042
0 0.17503312798434006 0.2088141181017888 0.1257241946765233 0.13491256249917613
0 0.25196699558855673 0.3700868088490235 0.18206703657757747 0.17649213636243805
0 0.2742743715957304 0.5721850969984704 0.15474053262324478 0.15727848620028234
0 0.6604280247889415 0.8969303579588143 0.14125103558899427 0.17109552434972955
0 0.8701691448274351 0.6720183125057668 0.13886086463846717 0.1507557508107789
0 0.8498632565001527 0.8068433258984473 0.1279870316346617 0.1521273360381265
0 0.8115926408731025 0.6542774334469292 0.12846719269935686 0.12559210957707698
0 0.9391539081733079 0.7341404371003774 0.1108340237259963 0.11435460064862309
0 0.9803500042200689 0.4721119955423637 0.03929999155986223 0.10879434740221221
0 0.9114215445234238 0.590772266645682 0.10544618676785796 0.09708528003177222
0 0.9765147149424784 0.4909301793897395 0.04697057011504313 0.1011454886359143
0 0.7544924066904332 0.7303274646965174 0.13985036167271775 0.1367205243497292
0 0.8168279220134723 0.8019473202164045 0.10496602570316256 0.12362050649282175