0 0.67178368075122 0.8666990822658519 0.09388577886860805 0.0833306504675381
0 0.8858392044993304 0.7982434771742453 0.10059080517696728 0.0911795119038569
0 0.9055231019673166 0.6934059862494315 0.0968287683452644 0.0802238311856975
0 0.9256088178370365 0.6088855405041578 0.09388577886860787 0.0833306504675381
0 0.7567931154744321 0.32695935051442043 0.16887036831702956 0.11032039734428026
0 0.6908279392790122 0.2007377389799061 0.12971686305535748 0.1085306383672898
0 0.9260513496894165 0.32128554655428193 0.10894933674699843 0.10059996369925477
0 0.8586069734798791 0.20992132055838703 0.09112479991529554 0.08956246974937895
0 0.4893781023202524 0.32460755191703505 0.19036593671876342 0.13075107201231528
0 0.47159979714328515 0.23405527478967197 0.15039338410204497 0.11489881303532483
0 0.10690577851567215 0.45343809650739964 0.16271137357870127 0.11184653590796176
0 0.10817912315517826 0.5558091175846386 0.15398882096198277 0.09617608411256366
0 0.34088302027022854 0.8209518076725717 0.10031778939195171 0.08649201190385689
0 0.1837915861117138 0.767159708041914 0.14984735253201392 0.10552381303532492
0 0.3321912887566672 0.7522290787498106 0.13881884727034208 0.10389768052176755
0 0.24264991759704033 0.8652881358332071 0.10674979991529539 0.08965337334017534
0 0.38492842285871215 0.8660234131569619 0.08643729991529536 0.08953519867214013
0 0.48868973066651533 0.9568569705349459 0.08957771046687384 0.06299996974937905
0 0.2763970440889262 0.6798728105994379 0.11207433674699833 0.10061814441741408
0 0.2617088576525114 0.2532512232654204 0.11243835779368574 0.10686814441741399