0 0.7388479558598594 0.7541317111295701 0.2921828029821361 0.1793613371354752
0 0.7011564245853357 0.9462123253368411 0.1092051669304741 0.10757534932631785
0 0.7829041812492532 0.8540105976190496 0.12304034639736088 0.10145997532299803
0 0.8410636737274058 0.7919902614064253 0.14973923871722894 0.1078496776670363
0 0.7706735835317442 0.46735240437430986 0.17712009263643722 0.13767688001107464
0 0.7155949416075875 0.3158912314876357 0.14765991316955046 0.1435869185677376
0 0.9382953410535915 0.5438414605112613 0.09794941818411544 0.09673290252860856
0 0.8994410927029441 0.3996816478959049 0.13148934389007821 0.12383562307124434
0 0.7185320735026143 0.37634787013658366 0.17977373119538154 0.17527700956072395
0 0.5413223673135504 0.27967672192691173 0.15569973370266404 0.15190006631598418
0 0.07691653800494838 0.4224443013565894 0.15383307600989676 0.14176360271317878
0 0.16748142122012338 0.7269093607327433 0.13837584138279593 0.14611114126984148
0 0.06045280054136069 0.6333119501845701 0.12090560108272139 0.1259989003691402
0 0.22620320335257701 0.699364154069768 0.18382473370266394 0.153702398209672
0 0.06588181730091512 0.748576004780362 0.11398359514371965 0.1117966980251019
0 0.2669261770926181 0.9406993553340722 0.10283549498543501 0.05025842072720579
0 0.19723946588898933 0.8070870165005543 0.10286423871722894 0.10484579117755644
0 0.24612794378566555 0.9291913564138066 0.10209134890464337 0.07828329117755643
0 0.15895953054960799 0.5893895743355486 0.12422241316955059 0.14208497532299766
0 0.09760317874197078 0.7881787253229977 0.15567098997087014 0.09731269586563354
0 0.07240605700742256 0.5963323843300113 0.14481211401484512 0.13567428901808826