0 0.16015625 0.80390625 0.0875 0.084375
0 0.271875 0.85703125 0.07265625 0.1140625
0 0.34609375 0.878125 0.07421875 0.0859375
0 0.646875 0.75390625 0.10234375 0.153125
0 0.775 0.7078125 0.096875 0.115625
0 0.6296875 0.921875 0.090625 0.09609375
0 0.74609375 0.87421875 0.08515625 0.078125
0 0.675 0.48828125 0.11328125 0.175
0 0.76484375 0.4859375 0.10390625 0.134375
0 0.58984375 0.08671875 0.096875 0.1484375
0 0.48671875 0.071875 0.0953125 0.14375
0 0.2109375 0.25078125 0.109375 0.09296875
0 0.27109375 0.11953125 0.1 0.1390625
0 0.26640625 0.275 0.09765625 0.14453125
0 0.1671875 0.15703125 0.07734375 0.09296875
0 0.04140625 0.396875 0.02578125 0.096875
0 0.1515625 0.296875 0.08046875 0.071875
0 0.04921875 0.38359375 0.046875 0.08359375
0 0.33984375 0.20546875 0.09921875 0.1
0 0.7703125 0.28125 0.09609375 0.0984375