0 0.1094208627708105 0.4120589261954198 0.218841725541621 0.1470093208208084
0 0.06622953317551075 0.786732702503779 0.11173716531583315 0.10444384727034191
0 0.052078671535995956 0.6667618367469983 0.10415734307199191 0.10204688936371689
0 0.05012997323254681 0.5851555209761002 0.10025994646509362 0.10304794724210709
0 0.2503842514606024 0.3153266813159173 0.18472489745537013 0.1568855787839034
0 0.32856662299699113 0.21151841282947864 0.14191268086722203 0.12951944198043536
0 0.056876487912222475 0.3101100183452643 0.11375297582444495 0.09258088410204497
0 0.16521702247861147 0.20278961298477044 0.13640497464666645 0.11987142619541977
0 0.26127323331731545 0.343443976040128 0.20898260367592564 0.1676256577089811
0 0.5346512361920375 0.2792728731551783 0.1618929901980554 0.14467400512049747
0 0.8696258096601401 0.641928851755555 0.16535018086722184 0.13088452090551303
0 0.6156246489624553 0.8705565677664495 0.11812386635259245 0.10637036831702958
0 0.781678875918196 0.8393961149803217 0.15033077360990726 0.11912797355046649
0 0.6120594430247237 0.8036042861964183 0.1503307736099071 0.11912797355046649
0 0.7069338626758814 0.9308408913592683 0.11669806738935158 0.10784186305535748
0 0.4379016072092611 0.9840087918816133 0.10960873732333329 0.031982416236773406
0 0.562236517341298 0.9153461520237863 0.11472546427907382 0.10306335779368574
0 0.47234495772764074 0.9839517313370933 0.10206963939685174 0.0320965373258133
0 0.7227713505648624 0.7228918834667605 0.1985139953818516 0.15457962613895013
0 0.7774641613098153 0.3311062018684945 0.1402722684261109 0.11076944198043534