0 0.865326482192922 0.5751005715719821 0.269347035614156 0.1333259136130959
0 0.185439745308423 0.19186103064183757 0.0987431386197041 0.09858134215265535
0 0.14888452229572965 0.30358974672063965 0.12432229282674845 0.08591092378986112
0 0.1377774135133238 0.37851118159177727 0.09474405347041022 0.08591756784239583
0 0.3034670235562374 0.6775329370188441 0.16735102698730664 0.12241498982323477
0 0.3661141250491762 0.8053580438708206 0.1291954631253362 0.11107469810012063
0 0.1343346113034213 0.6632203742648309 0.10989915990702759 0.10227955223856355
0 0.197779388290728 0.7801898682719373 0.09060285668871888 0.09348440637700647
0 0.5713100874182078 0.7009106405460317 0.1899908514929388 0.13449890999505137
0 0.5862409547505884 0.7919860198992454 0.14849176634364483 0.1198698439616777
0 0.9388486045950319 0.6090871472162942 0.12230279080993611 0.11427494120271575
0 0.9400943943196873 0.507893139414378 0.11981121136062534 0.10777927973732648
0 0.7450332665957464 0.22430163217828875 0.12007183540139543 0.09191526232447186
0 0.8851773013767232 0.29158206467457715 0.15139824505632155 0.11690861827193721
0 0.7346692029858776 0.2875862042045561 0.16011768119435105 0.10802494120271566
0 0.8296378595387106 0.18748106286555485 0.10433757475773361 0.08953389077317438
0 0.5802173777239409 0.04908919097557307 0.0570912341605581 0.03724105042954131
0 0.6877945669640636 0.1738202753263123 0.08413433540139544 0.09003185775648759
0 0.5787312873788668 0.07236291666531357 0.09121486188449915 0.057710680687266105
0 0.7879141713069939 0.3588747060135784 0.13257183540139544 0.0925703595655099
0 0.787929140888618 0.7932154064885483 0.11502370248167466 0.108775213703953