0 0.5905082381885035 0.9149296520943734 0.12254024122451135 0.08356990514873246
0 0.8268716355229365 0.8896999518684945 0.09776756175762466 0.08992632096198286
0 0.8606806826990848 0.791838575517783 0.08977320533113406 0.08322129465362345
0 0.9035153888881489 0.7093214781062666 0.10709709765100187 0.08890985253201382
0 0.768291976576528 0.4042938019108468 0.16081313103709682 0.1123165314288567
0 0.7207229916202228 0.270495654584035 0.11692673871722885 0.10508088410204497
0 0.9391045817493776 0.43140087543307837 0.09486988229073816 0.09755681043863906
0 0.888865237859299 0.3130457175829229 0.08062552586424729 0.09048776308359248
0 0.496979266230829 0.3541748916416169 0.1688984156768331 0.12214655773721601
0 0.4958139198334681 0.26051589690328875 0.13549488229073817 0.09992294724210718
0 0.10150529334871772 0.4060140525461313 0.14794941818411553 0.0990884893354819
0 0.08642351411925796 0.5041862420369051 0.1448244181841155 0.09890647881213824
0 0.11374218355701468 0.5853298262236546 0.09541545157021036 0.11630681043863902
0 0.13598455957954672 0.7332513867328809 0.1268473079967011 0.12437691567207612
0 0.2724077928864993 0.7310580971291677 0.14197220282385156 0.10809946828879458
0 0.17901915723054881 0.8184300235363489 0.10177310015828459 0.06676183674699843
0 0.2581610879510766 0.8043212918816133 0.12190374373179384 0.06169490514873246
0 0.3238148316828705 0.862740007610159 0.0929891335443794 0.08652830517696727
0 0.18922087133717153 0.8205840577372161 0.09018238229073816 0.09728379465362372
0 0.24714909930035472 0.23823356029746473 0.13880173871722887 0.1063549577654509