0 0.8656449742596564 0.537826107994966 0.10553902866891214 0.13826502583555572
0 0.8855741081754955 0.29821874733763964 0.10270318874502422 0.10697865824437507
0 0.797304787034688 0.23829692704916736 0.0930735207602467 0.10051045269729178
0 0.7240065498862693 0.1755955988769103 0.11252385771838505 0.11813436379145843
0 0.40742920353659084 0.23000446304961839 0.13669086958138302 0.1748935100679862
0 0.26932436707274404 0.24164786502572938 0.1257241946765232 0.1356128045209029
0 0.4663624876427104 0.06950402735416707 0.11395902372599628 0.11504573138263899
0 0.3336799802283365 0.10160539969500029 0.12071835969555131 0.1276912017473612
0 0.3073350671492937 0.4794758265567364 0.1562685405319101 0.19564242116215294
0 0.21822348760552926 0.4594159400638544 0.1343643656270504 0.1561071424768056
0 0.283591230648266 0.8894684223964239 0.1348737015966055 0.16860714247680555
0 0.37812513924150337 0.9256939236791496 0.11411553262324485 0.14861215264170086
0 0.70636949745418 0.8195456206284035 0.09619852076024671 0.10058318787965286
0 0.5950261377586287 0.9339990191860419 0.12779603064607842 0.13200196162791614
0 0.6375704179104155 0.7999585128208686 0.12298119665368965 0.14491506933854162
0 0.7082264747167669 0.9275035909931256 0.10445668973360736 0.11170252583555573
0 0.8895905157429688 0.7370091436141675 0.06513952174883002 0.10454333605604163
0 0.7629524198875819 0.7934929201153131 0.10270318874502422 0.10697865824437507
0 0.862330337378068 0.7918960121552785 0.0741325197716634 0.09538654160312507
0 0.5561784964655968 0.8207418318750699 0.11583985870696818 0.12289459897381967
0 0.1581932771116752 0.666028309554896 0.1202090237259962 0.1151912017473613