0 0.3497887564994123 0.8688683713449045 0.1344761858759708 0.09763075081077872
0 0.12626152760273068 0.7805659817360554 0.10322618587597074 0.09708528003177204
0 0.11014737825135382 0.6740023360381265 0.09683981818121903 0.0891636858759707
0 0.08677015381889905 0.5805972094149211 0.11273755357072243 0.10506142126547413
0 0.2695316554404569 0.3180813928552598 0.16931483603812653 0.12479326866768634
0 0.338819217939633 0.19894165503012445 0.13170574188232517 0.11788870373287823
0 0.09949189082996024 0.29948357710967277 0.10966710064862313 0.10813187418757346
0 0.18411808117015785 0.1970228246740408 0.12537392126547414 0.11309210957707685
0 0.5372140332814782 0.3391650547852431 0.1883921185055307 0.14387055113509054
0 0.555997035310073 0.24805881371369684 0.15051028896022595 0.1213409862002823
0 0.91189861323382 0.4980953644417502 0.1614750624991764 0.12309440097293453
0 0.9092763993546722 0.6035504776722751 0.15333528003177221 0.10420803327818291
0 0.6983489874246889 0.8679191205308303 0.13302278003177204 0.10385347727182861
0 0.8237132260606032 0.8044623668773822 0.14256142126547394 0.1133921185055307
0 0.6678314188364327 0.7806412629823483 0.18033415665497757 0.12967168344033872
0 0.7665671534151572 0.8995879062446452 0.10794095941492117 0.09872960064862327
0 0.5096119955423637 0.975623134535714 0.1056693474022122 0.04875373092857203
0 0.6221722711099089 0.8892526038917389 0.08285913879807012 0.09360572402541792
0 0.5432466558507892 0.9732160420031182 0.09796594155801355 0.05356791599376365
0 0.7462797471639215 0.71871005316039 0.11440914772652384 0.11133869480442442
0 0.7678833806836904 0.2869242650109431 0.10818642126547413 0.11279210064862308