0 0.6062232498036082 0.12208797986402756 0.17491013817089804 0.24417595972805511
0 0.24210620764913057 0.11469370716260396 0.102180644417414 0.10861389342673622
0 0.35530564441741397 0.09799455680201359 0.09904655405833437 0.10697865824437507
0 0.43649655708339646 0.08594719206062465 0.09277837334017516 0.10370818787965286
0 0.7024402405320302 0.26884538535552027 0.1322499394987581 0.1749298776591668
0 0.8169390777678519 0.3411905511993396 0.12109427088084708 0.13717530452090293
0 0.7302329215447771 0.07676633491867994 0.11789654800821019 0.12460256933854175
0 0.8253050479100142 0.16753484565225626 0.10527837334017524 0.10399912860909732
0 0.6719316256778661 0.5313096709747217 0.1511544756031114 0.20192878875333342
0 0.7533270714231401 0.5544185562333327 0.14153403590796182 0.15952308320625014
0 0.4975371763183551 0.9080754587781247 0.13218630698520073 0.16399237765916652
0 0.3904786552411162 0.9058791387739926 0.11964994554888211 0.15745143692972263
0 0.1717139779408025 0.6398404839480901 0.11477154800821018 0.12452983415618064
0 0.19938550174851585 0.8298472348980207 0.11805108411256367 0.15116506933854162
0 0.22799124901804135 0.6432187506655901 0.13850902985783753 0.176637848023889
0 0.10049348379453497 0.7540133931423958 0.08811814441741399 0.10828658510611114
0 0.03414073418731843 0.49614764817638884 0.053724963699254766 0.10436149810013902
0 0.1184389870159888 0.6152957320482291 0.10221700585373247 0.11486389342673604
0 0.03507197511213213 0.5219107143807985 0.06463519262201592 0.09992857123840296
0 0.28957870969223404 0.7535191646095484 0.1303329154946528 0.11395601006798621
0 0.7146923391807293 0.763158429808437 0.11002950585373253 0.115045731382639