0 0.4274033686968123 0.7622258957012242 0.17635279238978616 0.1326603157455871
0 0.10661783375062424 0.777973221186044 0.09172092721213972 0.09215231818121908
0 0.20697739868060167 0.8355481676153215 0.0851455955329393 0.11857845048646745
0 0.27995898035980205 0.8608151745151803 0.08539815260503385 0.09048072402541756
0 0.5941371044287888 0.752290013803013 0.12148550992479734 0.16136596834337488
0 0.7262796703922234 0.7140751733006596 0.11036391935425698 0.1237023271096728
0 0.5566991087720148 0.9192144610430695 0.10153257485477489 0.10169095941492116
0 0.6788309739496613 0.8780518985438931 0.09299232878371626 0.08592959172016919
0 0.6524569884225727 0.48898544440397795 0.13180657981717356 0.1818421095770768
0 0.742900051904808 0.4913098291448582 0.11904971463952715 0.14258869480442443
0 0.6143835235736486 0.08294967857566536 0.11338191149637407 0.1549796006486231
0 0.5122045934660246 0.06936010592692418 0.10371581306795061 0.13872021185384836
0 0.21210393196965066 0.22267602069957654 0.08812504631872757 0.11550799756436803
0 0.296941312448778 0.09395495698258438 0.11599748924663303 0.1440966477265238
0 0.26846093982753355 0.25291689975841397 0.11821496071058579 0.15818642126547414
0 0.18674652109244919 0.13022546793963302 0.08895980024766903 0.09991027110331836
0 0.03464240384788815 0.3623812232146387 0.042084800247669016 0.0990920649348082
0 0.15367069375647496 0.2705328681017888 0.0895762303552929 0.07962504464226869
0 0.04510902295447602 0.33878008198093673 0.05407537799792801 0.08837275324641088
0 0.35336678680821487 0.18976628896352113 0.11105312406898663 0.10497960064862308
0 0.7702567262214636 0.2894336834469293 0.10821922249741008 0.11117505357072241