0 0.4057697048705853 0.597911280416594 0.2598210233378593 0.12758675705962902
0 0.18829658076442338 0.1870777658351176 0.09827774545807211 0.09638691818411549
0 0.15242246682937896 0.3013843067430598 0.1252548336393613 0.08314277210332381
0 0.1421384131958367 0.37590693362352173 0.09725737939699583 0.08388691818411553
0 0.31123819699467753 0.671541345539431 0.16843074879205205 0.11557483887551356
0 0.37612935760544036 0.7981325892712249 0.1304205657615139 0.10823370031656906
0 0.14275926396413938 0.6604039540774929 0.11103283697334118 0.099875631037097
0 0.20675760427146045 0.7760576978092867 0.09177265394280303 0.09308006175762476
0 0.5791909715404847 0.6886907077719095 0.19301616061076282 0.1303193004748536
0 0.5951186026044706 0.7787845103583342 0.1498082945496865 0.11659176959604131
0 0.9413974241762034 0.5876703946941365 0.1172051516475932 0.11231344655564542
0 0.9428723815230278 0.49099998317393856 0.11425523695394446 0.09494409012915472
0 0.7431594239466823 0.21491354163285808 0.11100088606495558 0.11858016693047428
0 0.8825246839486219 0.27040868685571995 0.15580320303441725 0.113648626022532
0 0.7198811627367947 0.2734701877136498 0.15554811151914832 0.110523626022532
0 0.8304842097023772 0.1675731918702849 0.10532497091226496 0.0872392387172289
0 0.5770885295467771 0.05186430918383531 0.10280600666795969 0.03728470282385159
0 0.6894127995506564 0.1580126722742436 0.08514001666989941 0.08821070533113406
0 0.6057874854561325 0.05971391310304357 0.09441942182065048 0.06821645407749281
0 0.8144919031938971 0.3440303917911426 0.10580320303441759 0.11219377461060631
0 0.8029470780586632 0.7754789685924621 0.10373052000387935 0.10589831050398342