0 0.1427311189909733 0.5865847493816911 0.2565998974553701 0.16249520974529402
0 0.09721958671041714 0.2537035957733484 0.11044806738935165 0.10807092072720588
0 0.06134459347298642 0.3778827729789593 0.12268918694597283 0.10887195712440043
0 0.057339006078750844 0.44912671730343323 0.10976456220555537 0.10025842072720596
0 0.22612123449509394 0.719986337135475 0.18335788708777753 0.14226425046142524
0 0.294130357774909 0.840617814617941 0.14660018086722193 0.13058627081949092
0 0.05005755028243121 0.7429768468530826 0.10011510056486242 0.12666023442229637
0 0.12123009999921455 0.8413223141565158 0.10915896946287021 0.11109579117755644
0 0.491560306785418 0.703214351476561 0.21326000056564784 0.16437908235511306
0 0.5116589018371773 0.7877791185954243 0.16841639227157384 0.14907545496493207
0 0.877085578086251 0.5440824899686255 0.17255708812453677 0.14312584361388012
0 0.8807074470307414 0.4398257865448528 0.17085788708777763 0.14146321406423074
0 0.6666619452873151 0.2014189188722794 0.1457211860510183 0.13829864126984165
0 0.8132150250705097 0.2414500408637895 0.15570177879370348 0.12806204811738686
0 0.631301352261806 0.2643602074289423 0.173709485014259 0.13853847316352938
0 0.741153388831204 0.14019961905684947 0.11587786116879606 0.09909643892580315
0 0.48242222926481493 0.062340225166114205 0.10947203628657398 0.06139617982650451
0 0.6002454248349539 0.15238183913805992 0.10392466531583314 0.1045454025286086
0 0.5119730282280557 0.06580518660945131 0.10417894354388864 0.07193316162790722
0 0.7285188133833339 0.32951244293097276 0.12581878916129607 0.14168445712440042
0 0.7296173813848161 0.7569656168973811 0.1370884798304628 0.12842299352159509