0 0.7712864567816443 0.22971299462463718 0.09968759263745515 0.2348737526992924
0 0.15233763523212912 0.7635674377622268 0.10160534946188075 0.10890324855010754
0 0.2564301298554456 0.8422979342377419 0.0927397717116218 0.11913035352912935
0 0.33001533312243325 0.884463046065241 0.0927397717116217 0.11913035352912935
0 0.6525752297316112 0.823270972629313 0.15168243217453856 0.1812052236549982
0 0.774484462982388 0.7998120070721918 0.1308219685684687 0.1344719336130419
0 0.5912311230310201 0.9714652159813284 0.0888142510334573 0.05706956803734329
0 0.7294545609965268 0.9426666323729307 0.11839474317557439 0.11466673525413854
0 0.6335148606250233 0.7984718821724381 0.16810795285270289 0.1995767153566284
0 0.7824830918088856 0.5871110975290665 0.14128858767505648 0.1586198286340199
0 0.5558733184446341 0.11763535665262896 0.1273716368892682 0.1606792361025528
0 0.2743044489237615 0.2231936593426326 0.12435364474715102 0.12931083693238982
0 0.3440454065339753 0.09924851909553922 0.1158519400324213 0.1473504419114117
0 0.316404211744043 0.2746503381817897 0.12439218610347993 0.16356743776222676
0 0.23381853597964536 0.12281422842888301 0.10338617328319835 0.11370914772027052
0 0.07845475558157126 0.33057641639160246 0.059563398676092436 0.10883147095570589
0 0.19899838792272545 0.26108290041956284 0.10026117328319835 0.1134723493799445
0 0.08833702377853633 0.30874896058274365 0.07177230024766904 0.10352866431701005
0 0.42977104487098555 0.20149902594401645 0.1582963052100677 0.1894913203356503
0 0.8207128761359013 0.3549031713892019 0.11610449710451576 0.11934384108157473