0 0.5705811580700108 0.8847074268486583 0.13679145020978148 0.09827878729346118
0 0.8026967636737325 0.8089981318354671 0.1103473493799445 0.09891370435383635
0 0.8278762076597367 0.7041295825611064 0.10374215186945542 0.09400794954451293
0 0.8641824057949258 0.6074827610542272 0.12848204274124847 0.11201390507947587
0 0.7020422163823137 0.33862608973268254 0.1782219336130419 0.1308928798517325
0 0.6439714524848665 0.2159673505324557 0.13688653859206373 0.1200992235911302
0 0.8743199580839439 0.3289758151379113 0.11262024440092269 0.1083432680561673
0 0.815006002899785 0.22272332593768446 0.09952824855010753 0.10009425843752044
0 0.42958687592543887 0.347128037378279 0.1915507278041831 0.14226688947037927
0 0.42178787655013883 0.2536409322061359 0.15719903859206372 0.12080855172143128
0 0.06214111202799176 0.4816344351165428 0.12428222405598352 0.11951887023308565
0 0.058145140034989704 0.5855952488188736 0.11629028006997941 0.11628474282842376
0 0.06673779811661144 0.6595337458236488 0.12353443361304191 0.12898315027015245
0 0.1050521690676729 0.7948189705959052 0.15286673610255286 0.1253323606144388
0 0.2615865115991401 0.7861855589778255 0.18688653859206375 0.12184526206571747
0 0.1621999730070763 0.8986458642426358 0.10677206348717308 0.07229664065150558
0 0.24050349437770063 0.8473313901033513 0.1277949585081512 0.08238096878180698
0 0.292775466783299 0.8914559015360968 0.1072223493799445 0.09880457694917481
0 0.1641912933427266 0.7483184820286507 0.16304721950581333 0.15685517912609298
0 0.17183449812590024 0.2856448672378607 0.15743583693238983 0.12393355172143128