0 0.483656121230214 0.18384165135130098 0.15020991553090185 0.2726567708808471
0 0.17067683503379563 0.8643387141902341 0.10444384727034199 0.10369769262201593
0 0.2874702219078509 0.8972415969001831 0.09570588410204497 0.1145806504675381
0 0.364085929814476 0.909291624125742 0.10222889988706055 0.11930451190385653
0 0.6475718059534261 0.7217678564663488 0.1350105787839034 0.1726022287263694
0 0.7645156532237681 0.6179974409716958 0.13796897881213824 0.14294199980360817
0 0.6433184035061168 0.9154769498504904 0.09258088410204497 0.11456246974937905
0 0.7601257428839511 0.8140502843558377 0.12152493145709169 0.12878859621281213
0 0.7140228295603622 0.6401587872827038 0.18050508930724724 0.17599084913967822
0 0.7280152530543589 0.4401451517440845 0.1444919945971538 0.14766586123992678
0 0.40698647639306385 0.07945062978308282 0.13272003669052862 0.15890125956616563
0 0.16639375554402053 0.2942443828081449 0.13393392619541977 0.12729881908544902
0 0.20215549224866658 0.1495540515242516 0.11921897881213823 0.14283291549465288
0 0.21150185821720874 0.3377171268562166 0.146221094568919 0.1773533612399268
0 0.10228502388928482 0.2149568586076481 0.10618835779368574 0.10683178298109555
0 0.014371647573866867 0.4834119428184076 0.028743295147733734 0.10338862041330898
0 0.0996998082313262 0.3532062923508694 0.09884629465362356 0.08804542154477701
0 0.021854071244331467 0.4521483072797882 0.043708142488662935 0.09882838544042354
0 0.3063277817817926 0.21142681674775798 0.16368161035393447 0.1821408551898025
0 0.7356435554593158 0.2019002631804029 0.13513240514873245 0.12105790944452866
0 0.18526412386104996 0.18479665993550798 0.1274109104104042 0.12257495764913058