0 0.11616289382823881 0.49003634098482535 0.2272715480082102 0.1324273180303493
0 0.8621874243734474 0.17474494148467257 0.10212610226293642 0.10160534946188071
0 0.8988112464839586 0.2910398755212379 0.11300906010845857 0.0927397717116218
0 0.9125470144379395 0.36854629136083805 0.11771474082661797 0.0960830955329393
0 0.7328969176359521 0.6519881457851175 0.1710306383672897 0.13136993217453857
0 0.6327701734896847 0.7691821079434453 0.14293290944452863 0.13474748924663302
0 0.9274508935336513 0.6468339572004382 0.11298178903121965 0.0880522717116218
0 0.8288866493873837 0.7639551447516603 0.1287795058537326 0.11846751778268043
0 0.6527917819991369 0.7182360380510692 0.17127607806243947 0.1735574321745384
0 0.45360939343545537 0.733764800457066 0.1460942708808471 0.14114303846084475
0 0.08290951141287736 0.4157833577340483 0.15852154800821017 0.12922523531769164
0 0.2909300479100143 0.17321906038186347 0.1257272287263694 0.13082196856846856
0 0.14657605991206685 0.21041946153915525 0.1412613251355732 0.11592471463952717
0 0.33496184904148246 0.21961887138289943 0.17577268052176756 0.14096325599585607
0 0.20929370764913058 0.11059708995136804 0.10682269262201591 0.1033861732831983
0 0.4697130571815924 0.016828896299591573 0.10337953005422947 0.033657792599183146
0 0.35462893354682967 0.10773530149052331 0.10210792154477702 0.09848034946188075
0 0.4447221475406719 0.02360651220110904 0.09881929508134388 0.04721302440221808
0 0.2143817043294809 0.3135401534336034 0.17740790339440443 0.15353603060296184
0 0.15530772794080253 0.6366908631107318 0.2775351684215191 0.1800686054577369
0 0.14370104478675633 0.253533760753367 0.1319681383672898 0.129550566996892