0 0.2107350504440971 0.5156609801033597 0.1434510599120668 0.22629928901808824
0 0.22576359016268785 0.14566865514950225 0.09742042154477704 0.0999580320782579
0 0.1607749152982611 0.2508382140642308 0.10983860831306051 0.08669656847545255
0 0.1377283007386847 0.3165237708194909 0.10205337939029935 0.09088342072720587
0 0.24275773096586462 0.6504760710963462 0.153934041958086 0.14887519586563336
0 0.26922530307637577 0.7700969586655599 0.12564541549465283 0.11894786397194572
0 0.05181002321853817 0.5827915160391289 0.0974386022629363 0.1030830320782579
0 0.1095775923039872 0.7130087446013291 0.10059087334017516 0.10797079117755662
0 0.2550622882456528 0.6176833574935408 0.18681926483072292 0.16347791640826922
0 0.4903554145126942 0.7905152899409389 0.14606699980360832 0.13899954811738696
0 0.9295021894005622 0.5883832024916968 0.14099562119887565 0.1201494185677376
0 0.7583902586824028 0.2821065168050961 0.10056360226293623 0.10328329117755661
0 0.9174839784317819 0.3782071660945022 0.13809996369925487 0.11193640036914028
0 0.7493516019683487 0.33931823950720014 0.1256272347764936 0.11582286397194572
0 0.880901062937129 0.2649666864525678 0.10210792154477702 0.10025842072720588
0 0.656581798106406 0.09908566085271486 0.10178066861791084 0.04400842072720588
0 0.746335165396457 0.2235430451827262 0.08333065046753826 0.094369366131414
0 0.6753727047222643 0.10731846544850673 0.09563975292686618 0.062357902528608566
0 0.8099987313586482 0.42754822716869906 0.11625223477649352 0.11522208667404979
0 0.7053809716942865 0.8355331030177204 0.10059087334017516 0.10797079117755652