0 0.13158488293177534 0.4550130081176748 0.08723215988879933 0.12800799756436804
0 0.14974457277282355 0.21392435795551906 0.0908283858421822 0.09683981818121908
0 0.24592760280989046 0.17003226177112282 0.08436013103285873 0.09048072402541765
0 0.32556797359113016 0.12252028774570514 0.08792164065150558 0.10303527110331837
0 0.642078405712448 0.23190932995563712 0.12387898801910033 0.14894778896022584
0 0.7688690842055689 0.25862006007013477 0.10888890507947586 0.12213982710967279
0 0.6031274892002267 0.05670082427359428 0.10025794954451292 0.09856595941492108
0 0.7208705499073328 0.09295019562179395 0.09200893992586626 0.08592959172016938
0 0.6925695121505356 0.4913428311734531 0.12943950725639403 0.1740296095770768
0 0.7868279436388813 0.48188028206695754 0.10803573320977708 0.1424250535707225
0 0.6549480380960693 0.8914616079588142 0.10825398801910051 0.14867505357072233
0 0.5526687754821975 0.9174804115295367 0.09887898801910033 0.14851141233702023
0 0.4731896066077235 0.902451475246529 0.11933533175849824 0.10826824188232535
0 0.33449912884024213 0.893146433443634 0.10480160580511537 0.13924550649282175
0 0.30496041786298367 0.7412254232973643 0.11392363466105584 0.17688187418757337
0 0.22174366849595586 0.8654089914785832 0.09740576805616732 0.10632391233702024
0 0.2455407778444502 0.7633692045469525 0.0778571598887993 0.12784435633066593
0 0.1917238078815171 0.7220953681017888 0.09082838584218225 0.09683981818121908
0 0.0931945386442234 0.6987999642861851 0.09110120435383648 0.10465231818121908
0 0.393025902253887 0.8006628786550956 0.10974207694917473 0.10185460064862317
0 0.8115179527093741 0.6964240231385037 0.1044543762235353 0.08458528003177221