0 0.19395286022702396 0.5246652873567716 0.2972808596955513 0.12839990937299817
0 0.23944967992213773 0.8555067546944531 0.0957528517868859 0.08857269867918091
0 0.17493224068282193 0.7477755233529536 0.10936968281352515 0.07779883068109025
0 0.15787739186168553 0.6741743913510445 0.09081068380210837 0.08226815467854501
0 0.25995590912471 0.36222946936663486 0.15177735870696818 0.12202154535327185
0 0.28851996642535316 0.2391828680378619 0.12451452174882985 0.10452496268299924
0 0.09101224954288946 0.3938414540101814 0.10700868676785788 0.09651246801399935
0 0.1229241413302129 0.2762999653484993 0.08969385277546911 0.09318747334499947
0 0.5124296517103362 0.33002768606776967 0.18934102570316255 0.12402039735836254
0 0.5096773834215474 0.24331802673454234 0.14533635771838505 0.11726132001909004
0 0.9224532853418485 0.39963494545667616 0.15509342931630316 0.10961245202099903
0 0.9385690459691176 0.5006616434595397 0.12286190806176478 0.10944882001909004
0 0.8056384126219323 0.780102600771768 0.12422536167271758 0.1357567813494537
0 0.9340095272046278 0.7120985827895853 0.13198094559074428 0.09836586935072641
0 0.7566624017475172 0.7279946607654045 0.14788835475263545 0.10323518268618095
0 0.8918597555115696 0.826396892783222 0.10005834980971962 0.07925224267981754
0 0.6629919506823845 0.9588259427514052 0.10028384288963732 0.046457924013363086
0 0.7544380099601938 0.8458815947644499 0.08156301779449712 0.0852840666772721
0 0.6977980322033153 0.9506412727561777 0.09610567885919252 0.05890338001272681
0 0.8296913834587286 0.6421667961091313 0.10802735870696827 0.12151246801399936
0 0.7221627959691176 0.2262685287634955 0.10726335475263546 0.10276246801399935