0 0.8296427937472469 0.4957125637361818 0.2617410865678217 0.12000157759274224
0 0.8133877888531057 0.8268261714163139 0.10160219473518958 0.09348923871722895
0 0.8531720298674308 0.7177155958686354 0.08904763103285873 0.09156302586424747
0 0.8707985286863046 0.6384600048815509 0.09669643992586643 0.08710284639736088
0 0.7268228725105204 0.3496067903792168 0.16642858656782167 0.11722826708875882
0 0.6701959049946579 0.22439619022093224 0.128764895460829 0.1114496285298145
0 0.9200644410221746 0.34740910754711796 0.1163740228654909 0.11421091567683303
0 0.8424429272271764 0.2411387240027385 0.09707838584218216 0.09804034639736085
0 0.4628149362128511 0.3403608563599837 0.1936458509957919 0.13675115690134448
0 0.4501636579898828 0.25474996529375693 0.1497321598887993 0.13079066191590938
0 0.07197665980398131 0.4569834373844454 0.14395331960796262 0.1202168747688908
0 0.06468002577589764 0.560730563011266 0.12936005155179528 0.118336126022532
0 0.2488069336809624 0.8252573789255259 0.12569445916315986 0.11292120031656908
0 0.10230644511370779 0.7654695387963713 0.1412103317584982 0.11025084138279588
0 0.29075138622070035 0.7662604636444043 0.16664684137714508 0.123478267088759
0 0.16575633150404417 0.8744557453811463 0.1028373125212045 0.08415970282385174
0 0.4146898501083657 0.9784301915410805 0.10459821996293317 0.043139616917839164
0 0.308779645206375 0.8770532111371218 0.10941469473518968 0.09371655925034261
0 0.38670125936419286 0.9726090947147548 0.09727679328391084 0.054781810570490565
0 0.19417897578374685 0.687592242873864 0.10436509618646847 0.12790970282385156
0 0.23868052096657424 0.26423731089969493 0.1066170769491748 0.103000631037097