0 0.12489268506829183 0.3699778420086702 0.09494915946843889 0.14563028939195172
0 0.17190020203027143 0.7634394156720761 0.1098336798265045 0.1106938472703419
0 0.13039621760797507 0.6380453025461313 0.11850777297895924 0.10030237884037305
0 0.13105874922480765 0.5633638209619829 0.10913277297895925 0.09975634727034191
0 0.30808711443337106 0.3137109734092921 0.18204864126984166 0.14447658404557523
0 0.3765589073089706 0.20406222860037673 0.143747604872647 0.1297924577654509
0 0.1409601711886312 0.2806269156720761 0.12273419802510181 0.1176718893637168
0 0.20705793568660064 0.18251491033981707 0.10348355027685516 0.10876732622365459
0 0.5752338440753053 0.3650738652626705 0.209712566315984 0.16321117349399666
0 0.5931642188445927 0.2805014441877482 0.16496127081949102 0.14503802616718495
0 0.9338497755998528 0.5652753464938831 0.1323004488002944 0.13906104195220054
0 0.937204115513105 0.6658745859705395 0.1255917689737899 0.13088452090551303
0 0.7287695681616855 0.8783767730422387 0.12832286397194573 0.13200740514873247
0 0.6262429503322284 0.9851008550216754 0.11630492288667416 0.02979828995664917
0 0.6946460895994852 0.8195709204396378 0.1873369185677376 0.15412459983059074
0 0.8096376387966062 0.9492004233528224 0.11558303207825808 0.1015991532943552
0 0.6685422694259897 0.922347309944529 0.09683303207825791 0.10215330517696727
0 0.605830320782579 0.983219836605824 0.09775518198597286 0.03356032678835206
0 0.8141389643687725 0.7409138413733857 0.195650066315984 0.16239212613895013
0 0.8007054110095984 0.33695438346676043 0.11834708667404961 0.12208637357870131