0 0.4756480889837603 0.8265625 0.24150410622842172 0.1765625
0 0.8448851862891124 0.72734375 0.10961364357108572 0.10625
0 0.7471921248765317 0.8 0.10035704274124875 0.1078125
0 0.6718126939627822 0.8359375 0.10336364357108571 0.10625
0 0.36380020703503674 0.76640625 0.2113430095477696 0.1703125
0 0.22022780579028128 0.7640625 0.1337382278041831 0.1359375
0 0.40049195578563684 0.95234375 0.12128484937994446 0.0953125
0 0.2748533383590604 0.91953125 0.11562684523075957 0.103125
0 0.33143983815856776 0.63671875 0.2037439971002149 0.19375
0 0.20248788919818614 0.54453125 0.15402741701630243 0.15625
0 0.7821711147272842 0.121875 0.11735621120744355 0.1671875
0 0.4137296906620119 0.0765625 0.13504061867597633 0.153125
0 0.7219421645175027 0.215625 0.12211364357108571 0.10625
0 0.623696686512827 0.06875 0.12760662697434616 0.1375
0 0.659998271571117 0.22890625 0.13373822780418312 0.1359375
0 0.7363383964708706 0.0875 0.1130938410815748 0.1109375
0 0.898893905594433 0.29296875 0.05457094606059663 0.1015625
0 0.776759719081606 0.22421875 0.11008724025173784 0.1125
0 0.8902176452214707 0.2734375 0.0730841477202702 0.0984375
0 0.5721439966760077 0.18203125 0.12509693361304208 0.125
0 0.16089607551052043 0.33046875 0.11359074855010745 0.096875