0 0.547441052359497 0.7983530990120573 0.12960922808260733 0.26842759618646833
0 0.17674672281419226 0.8331596964644701 0.09072618587597078 0.09842263103285873
0 0.2923620401846324 0.8744072006408213 0.08321369480442442 0.11533731252120454
0 0.3649228327983062 0.8773387384824366 0.08444891233702041 0.0966418762235353
0 0.6566035925375389 0.7172444535512282 0.11843417451188501 0.16497521397248321
0 0.7802826002481765 0.6543674529182562 0.10840460957707698 0.12714783175849825
0 0.6540029237076966 0.9109671717000628 0.10818642126547413 0.11464783175849824
0 0.7627251331226177 0.8103545580903992 0.10824096834337471 0.11777283175849824
0 0.6651054338506711 0.4538267942954011 0.13139782467404082 0.19197422359113023
0 0.7497258957012243 0.43681785436953496 0.1259466655834313 0.14806053248413759
0 0.5501851862830078 0.07025790318055936 0.11525462743398443 0.1405158063611187
0 0.4424817804388092 0.06580850535747759 0.10566143912238157 0.13161701071495518
0 0.18301745698258437 0.2949875738691318 0.09692163879807003 0.09551588584218215
0 0.2415408433450225 0.1180505624363865 0.10398984496658023 0.14260914065150562
0 0.24217426867098166 0.30541415318055937 0.12158644805083538 0.16664684137714508
0 0.1326237650175337 0.18509670789721552 0.07830800649282174 0.10267362141421196
0 0.028314545863379975 0.4354637848463903 0.039245506492821755 0.10130952885594055
0 0.12940153328147827 0.32496773974838095 0.09086255357072243 0.10623513103285873
0 0.03186228571711024 0.4111359074417287 0.0563239123370204 0.09565972958158002
0 0.31972829870275377 0.20120531361751287 0.1235386858759707 0.09956846878180678
0 0.7432515734595201 0.22623501843468546 0.10021028003177221 0.1050000132468439