0 0.16268385040765804 0.5807570778879165 0.08853761213660052 0.12841724715020836
0 0.23074470760058002 0.8154944473789583 0.09249313861970414 0.09575021751493047
0 0.33527367047381473 0.8443623701566316 0.08424359604505716 0.08931837955902786
0 0.4246146759216963 0.8798439688461108 0.09136768119435104 0.10196384992375015
0 0.7078045983139711 0.7331812954997563 0.11561356436617345 0.15868662860909738
0 0.8309800183604572 0.6817980206141312 0.10975704827463026 0.11955139342673604
0 0.7096670191167619 0.9052926848424301 0.10030563861970414 0.09593205547083343
0 0.8213204311174765 0.8346145492994786 0.10328852698730664 0.11628092306201401
0 0.7077071372823218 0.46321363440558977 0.13033162822814398 0.16838893692972232
0 0.802074496316829 0.45866964513916597 0.1111774366422325 0.13986389342673622
0 0.5863688247577337 0.07351410139710048 0.11048902179152656 0.14702820279420095
0 0.48164311993027076 0.06724689741708315 0.10067697921687965 0.1344937948341663
0 0.4059929099070276 0.08758308045336773 0.11971120248167448 0.10574346656500008
0 0.2712408514929388 0.11889024468166645 0.10449039406758569 0.13346842306201395
0 0.2809321977900975 0.279864112272847 0.10470891535490923 0.1365934230620139
0 0.16777699790631306 0.16120699088194432 0.09147694183801276 0.10352634992375007
0 0.20569761498659211 0.1775398524892012 0.08080152179152655 0.15163654160312506
0 0.16638337873234701 0.3091359978157985 0.0909306386197041 0.09571384992375007
0 0.07302114482389038 0.3504351046734028 0.08355518119435106 0.10178201196784728
0 0.346928902365459 0.21650882066972194 0.09202324505632146 0.11133884992375007
0 0.7816370381351716 0.24473443170829795 0.10590007475773362 0.08670252583555564