0 0.5411211510727607 0.8629578407799375 0.1360863221398514 0.09993584160399785
0 0.7815551781146027 0.8462818012856357 0.10483632213985139 0.09848034946188085
0 0.8290353241235859 0.7493853765546952 0.09836806733052797 0.0919392510334573
0 0.8801861071558775 0.667968402609543 0.11281251324684405 0.10353172249741008
0 0.7872966803920374 0.36085156948260055 0.16982640507947586 0.12802660835322088
0 0.759112138289253 0.22600568858918843 0.13210815027015244 0.12003001778268034
0 0.950084351312278 0.39372607382582675 0.09983129737544409 0.10963617328319826
0 0.904526331210344 0.26696667473544955 0.12246033175849824 0.11178087014004516
0 0.55100202712666 0.2943876232449263 0.16266866950744613 0.14641273531769167
0 0.5362277097961321 0.20743343279822019 0.15252977767481432 0.12410108767505645
0 0.11898070081045742 0.3372024394132488 0.16341271397248333 0.12304800992479743
0 0.09119549590846676 0.4378766815553659 0.15521826805616734 0.1117466368892682
0 0.10517120507162667 0.5467786466091779 0.17640378729346104 0.13769270678164425
0 0.10985375978828286 0.6584610093056249 0.14449902286549077 0.11748721463952716
0 0.2663592201325692 0.680907435898592 0.13813989546082903 0.1140711162111037
0 0.1340130008026082 0.7676711894132489 0.10963294954451305 0.10182367328319834
0 0.27079129290539267 0.8974592351128038 0.09258929328391083 0.060470927212139716
0 0.275248125212045 0.8010016120772747 0.10801588584218216 0.10018839867609239
0 0.3315750254821975 0.9126261627392284 0.09894842068857254 0.06388702564056317
0 0.21026049835553748 0.5982255225401912 0.10990576805616739 0.10963617328319834
0 0.32484377649368784 0.18206536745395802 0.09907739546082901 0.1122517510334573