0 0.884733836369508 0.34132869505097396 0.17758238433001133 0.10409961404351815
0 0.787926578506827 0.7366794427418998 0.10122014342931003 0.10052626324231469
0 0.839186294730526 0.6156643137126406 0.11438147748246612 0.08769407257314796
0 0.8636238926633428 0.5373930507531499 0.11770673658176456 0.09109247464666659
0 0.7194673866463631 0.25324080909449215 0.1728739003691402 0.15185360885972185
0 0.6506451403469911 0.1512770593773161 0.15458497532299767 0.1331623974553701
0 0.9134281377260972 0.25724692949958516 0.11458173658176492 0.09081907257314796
0 0.829581668724621 0.14727519015000162 0.12692105027685513 0.11365097983046271
0 0.693646563851974 0.28035967516426064 0.1763994185677376 0.1583770109332404
0 0.45088616980435525 0.20138224052736203 0.14561049352159508 0.13859219123481453
0 0.0591294663805826 0.5450008502355557 0.1182589327611652 0.12562329952888868
0 0.2233331523809503 0.782190617530371 0.12373549352159499 0.13667837672018485
0 0.07721841842007926 0.7468080665408798 0.14244592072720588 0.11345549019805538
0 0.26653124229420255 0.7263609910930098 0.17666023442229636 0.1382012119699997
0 0.12779131246769804 0.842599728699167 0.1075702729789593 0.10263556738935158
0 0.3686387530915442 0.9271826143728248 0.10582849784053164 0.05120976842611071
0 0.2758282942691007 0.8358631302070376 0.10883238433001133 0.09808476842611107
0 0.3214330860649661 0.9243207459939822 0.09080427513842756 0.05921775805851866
0 0.16102052437246045 0.6392601152212967 0.17403588217054294 0.14574030989648107
0 0.19305388340716068 0.2363695610742597 0.1504586798265045 0.11726399538185157