0 0.5545906353987139 0.22468705182625456 0.12032572334543534 0.27320668973360746
0 0.14438796444818675 0.22105530482918515 0.09750635277546911 0.09600751977166348
0 0.24809128460041113 0.1542259490879665 0.08615235870696818 0.12362318380210838
0 0.3196333621670092 0.12392168376492732 0.08656885277546911 0.09556185079830275
0 0.6337687994291586 0.20894003502034061 0.11905770060802219 0.16552152372599613
0 0.7664194733454354 0.2379670073400117 0.11127969269935675 0.1277668557412186
0 0.5942075978325533 0.04950065116027308 0.10270318874502422 0.09900130232054616
0 0.7167975222431214 0.07643659973535748 0.09568918479069151 0.08969385277546911
0 0.6952142712917193 0.4685896076440229 0.13407520555093821 0.18953202669174568
0 0.7848351868050389 0.45946000536284537 0.11985619665368966 0.14683519072219067
0 0.6626126072984555 0.8784076180241461 0.11730419961943923 0.16077035672980172
0 0.5627226952451769 0.9043891392786844 0.11229836463846717 0.15276685574121843
0 0.2642958296181266 0.7631698675670358 0.12138952174882985 0.10790002471457924
0 0.3412960228117751 0.8860224357420936 0.11848469764227279 0.15145902372599593
0 0.3190178217094612 0.7233778557040376 0.11229836463846717 0.1527668557412186
0 0.23390001688027606 0.8622267914833124 0.09001218775644108 0.10350168479069169
0 0.07863821942828368 0.6431796556274879 0.039948520760246665 0.09990184091247105
0 0.20017232121516965 0.7258727974148114 0.0906833498097196 0.08169035178688588
0 0.0894311393902276 0.6583908201522244 0.0708165187830803 0.0918001808363588
0 0.39863633752679195 0.7952581728905124 0.11539418973360735 0.11389535672980192
0 0.8175534807969903 0.6670669169218323 0.10863485376405242 0.10114068874502422