0 0.4768197912463288 0.8833666941707599 0.1257882262518894 0.07286391935425698
0 0.2829031912745636 0.8626304708447801 0.10398882096198285 0.09989730024766885
0 0.20879158611171383 0.760327416253885 0.11897678413027987 0.08968754631872766
0 0.15538659407480876 0.6907448163777195 0.147010778868608 0.08943498924663303
0 0.24991305489461854 0.37691129466609774 0.17392188936371686 0.12341188296032675
0 0.3144243339749881 0.23368352543567536 0.14625191567207613 0.1299144400324213
0 0.07295571274477405 0.43215537448327135 0.10004477360693616 0.0856892510334573
0 0.1260212576101591 0.2941609148061429 0.12806335779368574 0.11192641935425689
0 0.29683428654935423 0.29482223263160445 0.17775952090551303 0.16254715756743252
0 0.4913585602974647 0.21839235752916056 0.14992294724210709 0.13943498924663303
0 0.9336146787556686 0.41878173180754413 0.13277064248866283 0.1244649607105858
0 0.832472009817472 0.7085613234115421 0.13237142619541978 0.1323844685684687
0 0.9415020444418619 0.6307188056288617 0.11699591111627612 0.11279971463952716
0 0.8033158598598243 0.6652672417323415 0.11739887357870131 0.11610449710451576
0 0.9301051439901041 0.7439658223780847 0.10876732622365459 0.10167812406898662
0 0.718938672788125 0.9112582919800106 0.10696263154179633 0.043938398676092304
0 0.7914822597468849 0.7848905370176118 0.09130681043863902 0.09619010339082212
0 0.7371881438489298 0.9017912466947402 0.10051521046687402 0.06701202564056316
0 0.8461033283603804 0.579453866215613 0.12915542093374804 0.13067641935425697
0 0.9346953915004426 0.5941284882176848 0.12090330517696728 0.09601032092583353