0 0.382508477254921 0.2329450169619796 0.20506860545773672 0.28887843460686646
0 0.0809587857747576 0.2974640877537839 0.10970894789030416 0.11452117982650449
0 0.1772216637726856 0.21587173118309386 0.10240587014004517 0.12495803207825791
0 0.24579188130769686 0.1904898018180147 0.09848034946188074 0.1075702729789593
0 0.5680457169158387 0.25345418337024883 0.15033825599585598 0.18411178901808822
0 0.7010936573625448 0.27373400986526575 0.12984166542531544 0.14541023442229636
0 0.5134952657157656 0.09559281615910062 0.11803087014004525 0.12595932757475112
0 0.6364233434660247 0.11444055058139699 0.11098034946188076 0.10837130937615384
0 0.6503337162966663 0.5055557063492081 0.16407542431665548 0.21147532541528274
0 0.7362904869748306 0.4938252668050961 0.14797523531769166 0.1668241594684389
0 0.652142195413614 0.9157790997046888 0.14074493217453837 0.1684418005906224
0 0.555609643718203 0.9369188660529723 0.14336050992479735 0.12616226789405544
0 0.25685112014455436 0.8447057348837216 0.15342471463952717 0.15003717766703623
0 0.3455432849506973 0.9450387970376527 0.11861306699689207 0.10992240592469464
0 0.2940643298216828 0.7859710849760068 0.14216188296032667 0.17579864126984165
0 0.22294269293241467 0.9334282734403846 0.09884422249741005 0.11538277297895938
0 0.051534381517093886 0.727332060455888 0.06574062406898658 0.1070300524363235
0 0.1790193726257537 0.7997553778516063 0.10116870181924557 0.09839553207825791
0 0.06924626633944744 0.7676461798265045 0.08917812406898659 0.10853199568106327
0 0.3959500074481073 0.8528360148025114 0.14332196856846852 0.1338114003691402
0 0.7900382634439633 0.7025680135658936 0.12428087014004507 0.1263598457733483