0 0.9120871579588863 0.5174760969851906 0.08607469810012063 0.12558650496239884
0 0.8893777555386085 0.7566135256450723 0.09257700361804452 0.10095037799792798
0 0.7921652408392875 0.7995159631962944 0.08279256784239593 0.0927012303552928
0 0.709506549070745 0.8511384292835636 0.08994332654882306 0.11017982878371627
0 0.40468185097062437 0.7431633792407824 0.11303998982323474 0.1642508986760925
0 0.2704805913596859 0.7079065835412273 0.1060596494796016 0.12028257485477489
0 0.43309785730220235 0.9117849466519591 0.09866322930778519 0.09811647642635143
0 0.3151800169585693 0.8734202675777926 0.09167624491161738 0.08376287799792799
0 0.35071256671074214 0.4754878817219817 0.12438692559888338 0.17257282092583348
0 0.2579485345985665 0.4837242208447802 0.10251856965141819 0.1419392510334573
0 0.3985403985750905 0.07432569995947337 0.09988489258219672 0.14865139991894674
0 0.4967355591359686 0.06146823118386239 0.09972111827193722 0.12293646236772478
0 0.57761042288535 0.06785935649570327 0.11741322930778501 0.09898977171162174
0 0.7253452380142125 0.07742479342775266 0.12702724672063964 0.13372864474715102
0 0.725397226932936 0.21290852915972902 0.10909611827193721 0.14848034946188077
0 0.8116855297373263 0.11099496464403638 0.06765889077317419 0.10134848428423426
0 0.8006871540021574 0.2000039607150949 0.06707903663473128 0.12002570967712847
0 0.8563506558111798 0.24596712407349575 0.08830558344622794 0.07892982878371627
0 0.9678071342144537 0.3104769261831916 0.055322665083433975 0.10389128742738744
0 0.7910421590905401 0.12057117183996544 0.09841756784239593 0.09342897642635144
0 0.23218281546754665 0.231181417701627 0.10909611827193713 0.14848034946188074