0 0.39831337115975785 0.9029231099824664 0.10692959019601869 0.1941537800350673
0 0.772824787039007 0.8593174622509995 0.09400794954451311 0.09845686525912001
0 0.6533555352249085 0.900227060060249 0.08517858656782167 0.11391822402541792
0 0.581316844117916 0.9036599772685332 0.08926588584218216 0.09681254464226896
0 0.300808432499836 0.7432001696406211 0.12442462504240899 0.16457278896022592
0 0.181034135039574 0.6809165836024945 0.11217759618646847 0.12688187418757338
0 0.2893550334108099 0.93686834902377 0.11174108656782158 0.11438187418757337
0 0.18384413259250326 0.8466915880667214 0.11201390507947595 0.12219437418757337
0 0.3100024163425853 0.47991891964062106 0.13785220798203354 0.1913534772718286
0 0.22695430336589384 0.4628347853067779 0.1316369243167696 0.14752165665497757
0 0.4519320330322918 0.08684284983454894 0.12113593393541641 0.15983074188232516
0 0.5606894741392844 0.08405086079159756 0.11137898801910051 0.14872960064862312
0 0.8033407324919868 0.3212407637931271 0.09858632213985138 0.0954136858759707
0 0.7579166490042082 0.1445594870077659 0.10803573320977708 0.1424250535707224
0 0.7441567054501449 0.31473561931301425 0.12009922359113023 0.13014324188232518
0 0.8626835053574776 0.2112714744258642 0.08161707694917482 0.101363676947517
0 0.9492658129845406 0.46293516030183496 0.04104664065150558 0.10221706493480802
0 0.8562375539988661 0.35108795088691386 0.09428076805616711 0.10626936525911974
0 0.9478223640729997 0.43711299999340947 0.059578385842182516 0.09629434740221221
0 0.6737202090783418 0.22751626298234823 0.1236954495445131 0.0989750624991762
0 0.2483829031805594 0.2521427471573309 0.10516370435383651 0.10489778003177205