0 0.5782094176359521 0.6625398788985611 0.09991922852997774 0.2586985207602467
0 0.1682510720123153 0.1760001314072001 0.08646474082661779 0.0941266847906915
0 0.2788840449831481 0.11913602467739833 0.07404655405833438 0.10767984882113639
0 0.3560914395969538 0.09254700836577594 0.07717155405833438 0.10780718281352519
0 0.6647266170936592 0.2214108601154808 0.12589994554888212 0.1597808596955513
0 0.7837675085842071 0.26657216840470704 0.10536927693097127 0.12145318874502423
0 0.6268806625677866 0.041466645970211415 0.07092155405833438 0.08293329194042283
0 0.7547107467785461 0.10756192433620611 0.09753859621281205 0.11800985376405229
0 0.6398402465821544 0.2419607820545911 0.12911584913967822 0.17553319368794007
0 0.7623793636758137 0.48546408984952566 0.11796018052176756 0.13758752471457925
0 0.48352921847283276 0.9094241491645161 0.10395222267624522 0.14638952174883002
0 0.2168679175377563 0.7421225385175628 0.11470791549465283 0.11558519072219049
0 0.2739405950344617 0.8812367766545647 0.09293290944452863 0.1318813527754692
0 0.2634702067653678 0.693337528631731 0.1102749455488821 0.15914418973360736
0 0.16895765836437412 0.8347212153995889 0.08649201190385666 0.09881418479069168
0 0.043316267168413976 0.595251491597043 0.039644282981095534 0.1015916749048598
0 0.1524827097904299 0.6892641353615329 0.08336701190385672 0.09868685079830275
0 0.04891228219552862 0.6169036571103627 0.055223831185697445 0.09441584486680377
0 0.376606531900941 0.7981285049057348 0.12917039129415606 0.18490819368794006
0 0.7645968904103932 0.7323072563514286 0.08661018657189175 0.11912668479069169