0 0.733136082546695 0.3955787248175445 0.1692778765014653 0.20562380698520055
0 0.8896778315952929 0.7870218571347101 0.10257585475263546 0.10213519262201594
0 0.920744806386422 0.6676996853935414 0.12394151878308043 0.08976245764913067
0 0.9238751235728969 0.5911735468298598 0.10206651878308008 0.08963519262201594
0 0.7377015657407812 0.3159366766129426 0.1738433596955513 0.1259817587805987
0 0.6648941240300074 0.19679124599297926 0.13596135771838505 0.11638859016268785
0 0.9036303132693231 0.3051860498549219 0.11526685574121842 0.10689541549465283
0 0.8336441240300074 0.19777300477357798 0.09626218775644091 0.10053633118569745
0 0.4712462361970166 0.332350975210328 0.20110619665368965 0.14332379488495225
0 0.45049338441013076 0.2447509812604522 0.1567831936879401 0.12900676483072288
0 0.09857935182406698 0.48327156313352065 0.16277852570316254 0.12279312626704134
0 0.10346712307860521 0.5840573583130605 0.1624601907221906 0.11498062626704134
0 0.33599175748873594 0.8275402344819061 0.12052735870696818 0.12098518657189175
0 0.4426940381348142 0.9721073250373774 0.11173067885919248 0.05578534992524524
0 0.3609798286295434 0.7698868157657992 0.16752969269935694 0.12438289734428025
0 0.2572884373365116 0.8895675358097659 0.11000635277546902 0.0928056444174139
0 0.5153184546367171 0.9730805143397436 0.10666117688202625 0.04904655405833438
0 0.39671835186124804 0.8802248729473916 0.08969385277546901 0.09268746974937905
0 0.46281553714623114 0.9688697373105765 0.09310801285158128 0.06146474082661797
0 0.24303364186168555 0.6739107195529872 0.19804486364988402 0.14486811416679296
0 0.2439223908359213 0.274010713502863 0.11077035672980176 0.11155564441741408