0 0.4171658422204317 0.15075801475416106 0.13441831555913666 0.2506005695619536
0 0.7232480981879752 0.9158027686125589 0.1041708314853265 0.10532092055068958
0 0.6021319613845072 0.9447160103531228 0.09864887357870131 0.11056797929375435
0 0.5230892034919994 0.9442462987788331 0.10150085779368574 0.11150740244233362
0 0.26503232173844166 0.7425634664795309 0.13795356826055974 0.17770937278026225
0 0.15267580588283894 0.6648922985267317 0.12483194198043535 0.13944454827463026
0 0.2420590113703897 0.9080410010084062 0.11436487884037314 0.12003898441265974
0 0.1404579849914433 0.834259657561239 0.10702281570031094 0.10085194183801285
0 0.30306846096098417 0.4800852458126261 0.15503465244730935 0.20380197921687962
0 0.2191407819935541 0.4530367907330615 0.13851501038216937 0.16063113342392404
0 0.48524798428557164 0.11315946178795393 0.13262903142885668 0.16644409084927708
0 0.5829497369164075 0.11920700201681236 0.11820251038216938 0.15921074505632143
0 0.8117440528990671 0.33915814114071957 0.14503802616718495 0.16575567599857094
0 0.9479406161803038 0.47889762035759914 0.06262036831702958 0.11330838317182242
0 0.7528626055863727 0.393873138290728 0.1427320735222315 0.1795996547112475
0 0.8796819817959101 0.29056745785268157 0.09837585779368574 0.11269637797604241
0 0.9431096320359064 0.5483742400357683 0.062347352532014 0.10862088317182242
0 0.8590370108762795 0.42953712270338773 0.0988462946536238 0.09405563861970409
0 0.94106128462439 0.5027339581047832 0.07273882096198285 0.10001070767745475
0 0.6683727554734333 0.26873139063651647 0.15421560509226265 0.18973947921687967
0 0.2640569817959101 0.24751876424995797 0.11877936305535766 0.11567926634364492