0 0.6337327146902736 0.5561359859166402 0.11452383538669526 0.19344201201463562
0 0.12362850607526779 0.2502261719844098 0.09885914065150563 0.10267156134627216
0 0.22028276206571756 0.17563415730427406 0.09315477767481417 0.11822383601209037
0 0.28894099282842384 0.1498250879615018 0.09250001324684387 0.09947383601209037
0 0.6101463594333124 0.216428595918231 0.1340178798517325 0.17024086935072644
0 0.7438318786706061 0.23988318256686822 0.12020835099579194 0.13259541868236288
0 0.5540079429210911 0.044774508633047 0.11739088584218216 0.089549017266094
0 0.6839881088003402 0.0928632792409588 0.11842759618646852 0.12632723734881746
0 0.6901067110620764 0.4695075952419133 0.14900796279135697 0.1969670013526354
0 0.7749628606992568 0.45992296256368653 0.139667679126093 0.15312609468490823
0 0.6905854377332495 0.8860774772438222 0.13083831614940156 0.16864200668363552
0 0.588578993631032 0.9193086952578217 0.11768355172143127 0.1497465560152719
0 0.27695446895144277 0.7689659866327289 0.10974207694917482 0.10123633068109025
0 0.3816023073333629 0.923280221952593 0.11757442431676957 0.14662155601527188
0 0.3368106185886231 0.7596722552912292 0.120153787293461 0.13103291868236297
0 0.2593354377332496 0.8910955253023651 0.0880307680561673 0.10566929201145428
0 0.09175852421625315 0.6804591119907732 0.04885914065150563 0.10208975867281786
0 0.2187054593327959 0.7571386959739103 0.10069445916315993 0.11050224267981754
0 0.10192469790005054 0.7030062739895004 0.06588294954451306 0.09760225334181775
0 0.4326886029795265 0.8195188752785025 0.1286557680561673 0.10614200668363552
0 0.8267238012580951 0.6664360445576414 0.1083432680561672 0.1059056493475449