0 0.7774057426400467 0.24605839527501122 0.11050333736472577 0.2381589389258032
0 0.09614227323364095 0.7410836798265045 0.1027806493475448 0.11119592072720579
0 0.1921354785566869 0.8230729619047624 0.09353291868236288 0.12153264342931003
0 0.26119401388450536 0.8681537268641571 0.09353291868236298 0.12153264342931003
0 0.5924627425605049 0.8205811266149887 0.15359880935708983 0.184712566315984
0 0.7202337538988228 0.7920229349114083 0.12956132535009016 0.13164812307124443
0 0.5115747272040514 0.9676635710963462 0.090171561346272 0.0646728578073077
0 0.6558156232097784 0.9421564797942054 0.11713405068427196 0.11568704041158924
0 0.576347393897232 0.7945297663436708 0.1694419853596351 0.20446386181247736
0 0.7499319865929579 0.5914314520302714 0.14240677068745367 0.1621366594684389
0 0.5748721833227277 0.11502273904577484 0.12838063335454458 0.16436049352159499
0 0.27666994597391026 0.21006062461240385 0.12643632535009014 0.1314478639719457
0 0.36170911199077316 0.0911988055186425 0.11720677601845368 0.14334708667404975
0 0.3159409839672288 0.2618326781284615 0.12527381468808993 0.16572273442229637
0 0.24892730132081872 0.10820822794389137 0.10283519334818114 0.11588342072720588
0 0.06912907129218371 0.30778102405869345 0.05904883068109026 0.10995479333702489
0 0.19809041263527416 0.24411664712993777 0.09971019334818113 0.11568316162790726
0 0.08189270062859266 0.285925810455888 0.07147610534690844 0.10450582973421944
0 0.4363540286441829 0.19371133867663456 0.1567965346912715 0.1911628254152828
0 0.8152319119589564 0.35481163401624427 0.12025905068427187 0.13729734577334848