0 0.5461069733454353 0.2936753029337561 0.18423703163466154 0.1582963052100677
0 0.2563652658916929 0.8759226069054786 0.10263952174882984 0.10770980024766885
0 0.37182843980796954 0.9156101532242065 0.09371019072219049 0.11821065260503402
0 0.4523926903022611 0.9217017954901582 0.09320085475263547 0.10571065260503403
0 0.7302590692380033 0.7560769112869771 0.15263420456235507 0.18645553846084476
0 0.8345526384016445 0.6938744718737283 0.12409802768032882 0.13678087014004525
0 0.742873110264205 0.9448610055815714 0.11258752471457925 0.11027798883685733
0 0.8406155904925414 0.8618068345701755 0.10882585475263547 0.10643839867609231
0 0.7001603923559772 0.7063294683590715 0.1729122124710205 0.22482883374611512
0 0.7711427599230127 0.47726486062502327 0.14373936562705047 0.15952916542531542
0 0.030344004980096918 0.41936858416039974 0.029491181824942016 0.07311216832079954
0 0.4125901833078168 0.09797319706173464 0.12492569863085592 0.15709337014004515
0 0.183028653193211 0.33914604487098554 0.11507585475263546 0.10672949710451593
0 0.21783078163466157 0.15986095926284366 0.11673119665368965 0.14735449710451584
0 0.24508298421985025 0.33111952915521986 0.12578786167271766 0.13997864474715102
0 0.12362979547482603 0.22097393362228052 0.10432935574121864 0.1109075748547749
0 0.050541099846900625 0.47489299214211717 0.04788835475263546 0.10360018899896399
0 0.13655024262280724 0.3658326693542569 0.10126802273741302 0.11232452564056317
0 0.05124409539827633 0.45387201674922295 0.06644735376405227 0.09978598428423417
0 0.30749280091203346 0.25526981265366583 0.11583985870696818 0.12547949710451584
0 0.7336096319386727 0.26419978039356484 0.10882585475263547 0.10643839867609248