0 0.7828125 0.19571095698587965 0.1265625 0.23658415665497756
0 0.09609375 0.7186351773545541 0.103125 0.10805005357072232
0 0.190625 0.7966726282480586 0.0953125 0.1188511858759707
0 0.259375 0.8376600925342436 0.0953125 0.1188511858759707
0 0.5921875 0.7748195787378211 0.1546875 0.1808250803560835
0 0.71953125 0.7429092853133684 0.1328125 0.1351307508107789
0 0.50703125 0.9434934866106147 0.0921875 0.09692163879807011
0 0.6515625 0.9042519342577083 0.11875 0.1333227889602256
0 0.5765625 0.7485298141273246 0.1703125 0.1967228157455871
0 0.7546875 0.5391706306869858 0.14375 0.15407166558343127
0 0.58984375 0.07589361384108047 0.13125 0.15178722768216094
0 0.2875 0.18013791883313746 0.13125 0.12885347727182855
0 0.378125 0.06440559902706532 0.11875 0.12881119805413063
0 0.32734375 0.2302236935899038 0.128125 0.16161143019392787
0 0.2640625 0.07898452191739255 0.1046875 0.11276482710967277
0 0.08046875 0.2868766627440575 0.0609375 0.10731366801906325
0 0.21015625 0.21742545901117927 0.1015625 0.11271028003177212
0 0.09296875 0.26478347443245476 0.0734375 0.10284435633066594
0 0.45078125 0.15775658401282694 0.159375 0.18715690097293466
0 0.82578125 0.30042968466474534 0.1203125 0.13178756249917623