0 0.6068573558155806 0.9267638116223594 0.11032468775644091 0.10556832654882306
0 0.8346030124316519 0.8911449734264331 0.09575285178688589 0.09233134215265508
0 0.8886445722037528 0.7824969917437986 0.11243101581733086 0.08073210085908258
0 0.9277123893902276 0.7081454449323019 0.13880251482874756 0.07743668249628843
0 0.7765531601132933 0.4039824881257541 0.16351335475263545 0.10991498982323473
0 0.6742346319386728 0.2653117345077094 0.1108340237259963 0.11806832654882307
0 0.9565086210642578 0.4434964467413243 0.08698275787148439 0.07719766508343398
0 0.9217608893530466 0.31336521144064533 0.10681768577927464 0.09602955223856365
0 0.7141858112921569 0.32743327623082347 0.1572288626613009 0.147005554047586
0 0.5292404669196447 0.2655087290806425 0.11134335969555131 0.13056832654882305
0 0.09612285528410809 0.5031902770237929 0.15582818874502422 0.11263055404758582
0 0.27269592003630605 0.818819678312417 0.1384496877564411 0.10704229534115868
0 0.1417231512532257 0.7230833751693421 0.13449701680591394 0.08656602103089917
0 0.2982278192380033 0.7375220906823173 0.1339531887450242 0.11148413387576941
0 0.17548533900966673 0.8246392311168075 0.10050401878308031 0.09413950361804453
0 0.407618701176676 0.9732316186106214 0.10959517589344295 0.049400213703953
0 0.31846867646209664 0.8516222122336149 0.08331651878308026 0.09323874491161703
0 0.3507956982109265 0.9562211810259503 0.0940975098858317 0.05170634215265544
0 0.2308546354358949 0.6529147173219976 0.1168293557412186 0.11214587516934209
0 0.14115280688071358 0.6708215123244718 0.12537668479069156 0.09232469810012063