0 0.584375 0.346875 0.10859375 0.23046875
0 0.1609375 0.8046875 0.08671875 0.0859375
0 0.27109375 0.85703125 0.07265625 0.1140625
0 0.34609375 0.878125 0.07421875 0.0859375
0 0.646875 0.75390625 0.10234375 0.153125
0 0.775 0.70859375 0.096875 0.115625
0 0.6296875 0.921875 0.090625 0.09609375
0 0.746875 0.87421875 0.084375 0.078125
0 0.675 0.48828125 0.11328125 0.1734375
0 0.765625 0.4859375 0.103125 0.134375
0 0.58984375 0.08671875 0.096875 0.146875
0 0.4890625 0.071875 0.090625 0.14375
0 0.20390625 0.246875 0.07578125 0.10859375
0 0.27265625 0.11640625 0.1 0.1375
0 0.26796875 0.265625 0.09140625 0.14609375
0 0.1671875 0.15703125 0.078125 0.09296875
0 0.1515625 0.296875 0.08046875 0.071875
0 0.04921875 0.390625 0.05078125 0.084375
0 0.3375 0.22109375 0.08046875 0.11953125
0 0.7703125 0.2828125 0.09609375 0.1015625