0 0.15738499512544074 0.6519767061679349 0.24519549756436804 0.09132443756361361
0 0.8264921363624381 0.20375507112836103 0.09366027110331823 0.08759425843752053
0 0.8784421943973874 0.3172198596029484 0.10761367694751697 0.08183533175849825
0 0.8906615507280534 0.39103930551926436 0.09198867694751697 0.08128969473518959
0 0.7172548729664622 0.6551315434535467 0.14176258035608366 0.15954366950744614
0 0.7113202930141203 0.807175193090727 0.12055005357072232 0.1072718413771451
0 0.9501379393242525 0.6805854443566715 0.09972412135149504 0.10371033175849824
0 0.8663935766993405 0.7899480314726472 0.11424550649282175 0.10392858656782167
0 0.5485281923654972 0.695305131750649 0.12392051542127547 0.12144346878180681
0 0.48980380316039007 0.775235679210911 0.14116256249917622 0.12516866950744615
0 0.09837245941162578 0.5812078491816933 0.17814436525911972 0.09679069836338669
0 0.07846728814615164 0.46964286660488846 0.1423432329538714 0.1033482332097769
0 0.289387602677218 0.2076414075265466 0.09231595941492107 0.10003969473518967
0 0.11790411485208263 0.26879961841898703 0.13603868587597073 0.10000497840045357
0 0.2974825206962813 0.26882444418703544 0.13938187418757347 0.11261410580511537
0 0.17606939650870781 0.156837820958725 0.09651253571381498 0.07207838584218221
0 0.4155255884737585 0.053549162968842226 0.1004909237011061 0.031617076949174774
0 0.31267905235290644 0.1553621449126749 0.10147277110331832 0.08786707694917477
0 0.3882772958600847 0.058063048178052246 0.09306025324641087 0.05321925843752049
0 0.20826210795222377 0.3461284994518458 0.09108074188232518 0.11873513103285882
0 0.27654982669934036 0.7693502338427491 0.09538641233702042 0.09702382213985139