0 0.5519371925525507 0.8438929840891227 0.1546351453691802 0.26494426483072286
0 0.8772286412317319 0.7535917335981432 0.09649428668045382 0.10211701190385654
0 0.7821428605585959 0.8006980168738265 0.10572383601209019 0.08967155405833438
0 0.7065519672183689 0.8510429296380047 0.09020792401336308 0.09895565046753844
0 0.38940137722791396 0.7788805415653025 0.12696358402290803 0.16947722872636958
0 0.25609852856464105 0.7531033158639951 0.11715223201781733 0.13192268657189174
0 0.43501222720405136 0.9534754997054125 0.11517156134627204 0.09304900058917517
0 0.3135735792091421 0.9167299995090208 0.102707924013363 0.09902837334017534
0 0.32048084392904874 0.5245561350476401 0.14446016669318062 0.19613972267624522
0 0.2352245965945488 0.532654460477801 0.13613858935390816 0.15234427088084707
0 0.339379578652137 0.10901294827935666 0.12694540268936255 0.16791472872636942
0 0.4389710459898186 0.07755893608091238 0.12205790802036276 0.15069995764913055
0 0.7497074566359105 0.23093950789683593 0.11046588001272681 0.09438632513557321
0 0.6499358179901368 0.07644238455666079 0.11419086401972649 0.14596700585373248
0 0.6938932612985471 0.2603043001495095 0.13324994668999893 0.17263859016268784
0 0.7698574193189097 0.11073609220579135 0.08559314934754489 0.10517837939029935
0 0.9298665766231838 0.3257439895500716 0.049637468013999354 0.1034068011314682
0 0.8050125746340016 0.24532471564416233 0.09814769334818116 0.10993860226293625
0 0.9192108872931382 0.30146160703651426 0.06362724267981754 0.0972386143631847
0 0.5940301686425921 0.18081172198887416 0.13092383068109026 0.10700449980360824
0 0.19308419195577478 0.3269266352440318 0.1059056493475448 0.10529655405833438