0 0.7580469103117208 0.4118543914695848 0.2714500803560835 0.17820007832259216
0 0.10247915422593615 0.7430091232798149 0.10805005357072242 0.11242067049962934
0 0.0787979667251123 0.6249521903863429 0.11885118587597074 0.10556507775694435
0 0.07473380398105482 0.5449618940150002 0.12046823295387141 0.10882677879370348
0 0.2864424659110381 0.25888025664439873 0.18082508035608366 0.17027141819055522
0 0.36403740625123576 0.1483440063615748 0.13973643019392784 0.14015469123481455
0 0.08970383360578983 0.26829208727606496 0.11879663879807005 0.10244007775694416
0 0.20170104748493775 0.15318591418453745 0.13332278896022584 0.13023288708777753
0 0.3007680186709817 0.28726909679518575 0.193434174511885 0.1776150264846293
0 0.5698413469984704 0.20054361899097334 0.1571966655834313 0.15728340263916635
0 0.9024945653451406 0.5380669940142147 0.1632284772718286 0.14533020678620331
0 0.6643012698920929 0.7773221495281032 0.13515802434972918 0.14599458812453675
0 0.816272872976348 0.7406246489624553 0.14738528896022568 0.13146319641861073
0 0.6309217540637804 0.7232983223368068 0.1774546185055307 0.1559355161170366
0 0.7412535077172283 0.8376745976901404 0.11435460064862327 0.11609247464666632
0 0.47370176908131406 0.9266071244575936 0.10731366801906325 0.0702331704996297
0 0.595459766645682 0.8332686446271309 0.11271028003177222 0.1112682736099071
0 0.49641256615921475 0.9214999594245843 0.10273526217486459 0.07607306738935193
0 0.7636172516281483 0.6290029352490294 0.20286372158978558 0.1815602327051849
0 0.8087305231352084 0.23424750984842752 0.13159664772652385 0.1207211860510183