0 0.5818442924561464 0.6170459128574809 0.1383377610179167 0.11422148091420467
0 0.1675298321594104 0.7745381301459018 0.08648432028847228 0.09751247091226496
0 0.27200043303309096 0.8239326101420226 0.08081620174736112 0.1220022878817268
0 0.3468010644919799 0.8428741866543822 0.08172408510611122 0.09400483363936125
0 0.6520860169049312 0.7091539224003787 0.11461062670923639 0.16686824879205203
0 0.7808825109210076 0.6602863745167122 0.10592530452090276 0.12873052000387944
0 0.6294148491612508 0.8785097002801656 0.09760365824437507 0.10621779121570682
0 0.7472011079949661 0.827409972699941 0.0909899823325695 0.0900826081851684
0 0.6865830777910074 0.44255648270188075 0.1260572729857639 0.18963606909549374
0 0.7780438791777782 0.4374388058802604 0.11261171561506966 0.14799070303441741
0 0.6138644378796528 0.06115368438341817 0.10821515634451409 0.12230736876683634
0 0.5110660929898959 0.05384325074890604 0.10025718597979179 0.10768650149781207
0 0.22258808729031268 0.21430238968879958 0.08386846656500013 0.11913237939699588
0 0.2969315110179168 0.07908262468589008 0.11112195079743063 0.1509881572767829
0 0.28626938079329883 0.2263242865046009 0.1030548776591668 0.13941292848861025
0 0.18995546561506957 0.12382078196267303 0.08510365824437507 0.10519742515463038
0 0.057856052905382246 0.36707605863451215 0.039791158244375076 0.10149859818322877
0 0.1689916150257294 0.26564149120600833 0.08615701196784728 0.08344997091226496
0 0.06588610524208363 0.34215580696752224 0.050437717514930626 0.08989141848667064
0 0.36244936787552096 0.17001077150169142 0.10392639342673622 0.10985297424624481
0 0.7881780261198961 0.23388337118273234 0.10407186379145852 0.1161029742462448