0 0.5181482077933632 0.19605936623577228 0.22112279788867967 0.14740170171816525
0 0.17518422281419227 0.8497930393482648 0.09385118587597079 0.10014384215265518
0 0.29317056372358274 0.8997664631381259 0.08315914772652384 0.11363313206674733
0 0.3656222621814552 0.9152929658516594 0.08461255357072242 0.1074650192218769
0 0.6675820028459644 0.773943106059007 0.14041826866768634 0.1743935696514182
0 0.7826399870176518 0.7228896183834788 0.11152960957707699 0.12916960085908258
0 0.6406944001687463 0.9568181849269084 0.08003414772652384 0.08636363014618312
0 0.7641921757362915 0.8837894968321812 0.10676028896022594 0.12423643939369314
0 0.6255445073101912 0.7631384028705035 0.14397964529089186 0.1995573439616777
0 0.7489173721622738 0.5045180766603647 0.12901711850553052 0.1472578595655099
0 0.4463880304388092 0.0961169199446739 0.11347393912238157 0.15112648801421238
0 0.18500665097622995 0.3318652329258297 0.09318871266133195 0.1516244549975257
0 0.23999198011449763 0.13847375904511156 0.10393529788867957 0.1412601650834339
0 0.2437191777615912 0.28333255766563054 0.10519778896022584 0.12415455223856356
0 0.13821524594281023 0.19022328753924253 0.09393300649282174 0.10483134215265535
0 0.02751965909390481 0.4393424609904194 0.04708528003177209 0.10393722749876275
0 0.12877028774570515 0.3281360453411587 0.08891822402541769 0.08583568068726617
0 0.03196524594281022 0.41528748530067894 0.06393049188562044 0.09866987336031982
0 0.3316925105533068 0.21600229477533178 0.14165348620028234 0.15572545680654795
0 0.7425930543847967 0.28445456015202136 0.10015573295387128 0.10359639077317437