0 0.15824003633759276 0.5245376195208726 0.26187691567207605 0.13529976095825483
0 0.9038688676817449 0.7373541033953314 0.10371580517696728 0.09520980024766904
0 0.9300379835796999 0.6217633366461083 0.13036931043863903 0.0980094685684687
0 0.9333457231269435 0.544055713610579 0.10206229991529554 0.09357452564056316
0 0.7423287970726979 0.2772064696064351 0.1762124314570915 0.1359846575674326
0 0.6690516498164734 0.16233064040843403 0.13798438936371688 0.12173806699689202
0 0.9103962576101591 0.2576280620390025 0.11712585779368574 0.11141699710451594
0 0.8369748971856374 0.1537261201445544 0.09782982622365459 0.10116870181924557
0 0.4770146102127601 0.3083645401179838 0.19881547355046644 0.1495035020669146
0 0.45385856029746474 0.22013894809970114 0.157280420933748 0.13198636228216235
0 0.1070723784874373 0.47991863234115417 0.16481990514873238 0.12766273531769165
0 0.1145957231269434 0.5821896077340483 0.16445588410204498 0.12141273531769166
0 0.3510315649944392 0.8218556135250166 0.12742632096198275 0.10098891935425698
0 0.2069406597751197 0.7823479654680967 0.16022341041040422 0.12900691149637405
0 0.36136284926589346 0.7571381420610639 0.17446792093374786 0.13278688296032684
0 0.2703954859987744 0.8765303050051798 0.11171031570031094 0.098698673283198
0 0.5329857622365465 0.9465537448327135 0.10438366311182748 0.05316784946188058
0 0.4113012070595792 0.8613504530620999 0.08974431043863902 0.09611732878371626
0 0.4984287517132027 0.9450297861890423 0.09279371572854575 0.06821065260503403
0 0.29430488090651175 0.695241763648851 0.1337673262236546 0.10284251778268043
0 0.2548974155309017 0.2607404851128038 0.12373987884037314 0.1179580955329393