0 0.2052999693925289 0.7808150599626881 0.12769696856846863 0.13423513527271602
0 0.18266299007069337 0.7962265724102426 0.10124147642635144 0.10109074855010754
0 0.14301183105551868 0.6803405406666563 0.12438787799792803 0.09661673610255281
0 0.1299617133966729 0.6007238956456781 0.09938787799792803 0.0947223493799445
0 0.28657547063538324 0.33622645560836617 0.17293669396136266 0.13610621120744354
0 0.3458519631917851 0.22160877117013164 0.13500004631872758 0.12388963112353099
0 0.11817007299274804 0.3141235448158411 0.11112589867609243 0.11273864357108562
0 0.177919600495338 0.20966211037760657 0.09506425103345731 0.1021796518694554
0 0.554381554795783 0.36975396370624325 0.19390416542531544 0.15170790041956286
0 0.5666032648871961 0.28115340499295505 0.15404114474715094 0.13156042116548727
0 0.9299915227450789 0.5447371112260211 0.14001695450984214 0.1308267153566284
0 0.9341557149491134 0.650987111226021 0.1316885701017732 0.11941561867597628
0 0.7454027386229513 0.894141424913687 0.13761562406898661 0.11318892946385688
0 0.8796835392849051 0.8521576023029513 0.1554580955329392 0.12855382033565022
0 0.7177635820889761 0.81886873777616 0.17293669396136266 0.13610621120744354
0 0.8285812657112566 0.9417044317621641 0.10905397642635144 0.10168274440092233
0 0.5778963691020786 0.9901084722051057 0.10538101282028159 0.019783055589788746
0 0.686883917282833 0.9247393068624105 0.08866870181924558 0.0985810551888033
0 0.6027144325843141 0.9866049639067359 0.09339043507002245 0.026790072186528135
0 0.7903063620727654 0.7550798475290665 0.11625004631872748 0.12246884108157481
0 0.7678768205115487 0.32365224877382215 0.1224272717116218 0.12137993776222675