0 0.1770331151487516 0.46461907981717365 0.2774806262670414 0.17069360545773674
0 0.13300027225558925 0.7798416654253154 0.09901019262201592 0.1030223002476692
0 0.09465591062287902 0.6545848002476691 0.1114556504675382 0.09422949710451575
0 0.09818543160192202 0.5851990994618808 0.09584883118569745 0.0966267510334573
0 0.2771199944408551 0.3200215173683955 0.17106699980360823 0.13761993217453838
0 0.3473284761922867 0.20685373738460616 0.13193177693097127 0.123300566996892
0 0.11079101249303187 0.2989897717116217 0.1131272347764936 0.1130522717116218
0 0.1778154069104459 0.19583269251362068 0.09434087334017516 0.10592897642635143
0 0.5137614763886784 0.34432812034493293 0.14458631303532493 0.15044526385373888
0 0.5626398588040399 0.2708028831652145 0.15231699980360816 0.1367466368892682
0 0.91746267242854 0.53270799358535 0.16009313836729006 0.13086050992479734
0 0.9176575942679044 0.6335256308889029 0.1522170058537327 0.1195591368892682
0 0.6998832452264221 0.8586025978047417 0.13359427088084708 0.14056084160399784
0 0.6733747665000526 0.9702505535551833 0.1223295179539809 0.05949889288963348
0 0.6564514077942086 0.8018774088057776 0.16952268052176755 0.1406721575674325
0 0.7658986097859983 0.9288830186067406 0.1067863311856975 0.09713617328319835
0 0.5162298870115574 0.9811923037623256 0.1097204336450254 0.03761539247534884
0 0.6269088326586354 0.9099060785743193 0.08804542154477701 0.09782537799792798
0 0.5631367032683361 0.9769607220831252 0.09728406615858276 0.04607855583374949
0 0.7765235341594459 0.7144759162493758 0.16957722267624523 0.15004715756743253
0 0.773381916083828 0.31422120512450524 0.11472609621281223 0.11937504631872767