0 0.7915391098676866 0.563321044086519 0.2729454631253363 0.11396332939624543
0 0.1586380366225622 0.18409972540522873 0.09997785668871888 0.09233632213985135
0 0.1021698793134247 0.2972520006329722 0.111603771539425 0.08027283175849824
0 0.0750503684176614 0.3714881088003402 0.1149472928267485 0.08350695916315995
0 0.20612649773108607 0.6697495379264332 0.16847648441265975 0.11343256134007813
0 0.28504953720363985 0.7954613552569612 0.14246028763096846 0.12031747840045348
0 0.034998804807792536 0.6466046706885725 0.06999760961558507 0.07714783175849824
0 0.09250140428391898 0.771507956167935 0.12585194183801277 0.10570934137714509
0 0.276209768766308 0.7426810956383143 0.16528578243518827 0.15696430653075488
0 0.4703914575022276 0.7768725902808368 0.14289733020561535 0.12656747840045365
0 0.8926042191542954 0.4955829617798667 0.15753898441265973 0.11305061542376223
0 0.7259294434274967 0.23601944490482568 0.12371028763096845 0.11966271397248329
0 0.8641671347613062 0.2862699599657681 0.1395866599070275 0.10151291469812271
0 0.6759951454049681 0.2781325338349 0.1738195482746301 0.1229712524470707
0 0.8182533372429809 0.18128979408651902 0.10466535668871879 0.09250001324684395
0 0.5763386248739492 0.05693460171358209 0.10407549480421992 0.03948414065150563
0 0.674486911748613 0.16530515162091486 0.10132183540139543 0.0892658858421822
0 0.601010842942964 0.06249512095087578 0.09779264381548422 0.061086322139851344
0 0.7714390493599109 0.3691791744864056 0.13686585149293878 0.12947422359113023
0 0.7958117106043208 0.6590154900028351 0.27581909084927714 0.1327678930985762
0 0.8595453367387778 0.32996539626343724 0.12817926634364482 0.11670140507947586