0 0.09845653908452648 0.545890081697088 0.1068065798171736 0.1854208314853265
0 0.790626806662319 0.7735967086830841 0.09789815260503384 0.09452281570031093
0 0.844122141856176 0.6621817955712568 0.10981595574818703 0.08275085779368574
0 0.8595887841221277 0.5810305061087179 0.09753427956950453 0.08671031570031093
0 0.73237358250777 0.2845789822900202 0.17464474317557438 0.13639106826055974
0 0.6822173788264976 0.17374716907937088 0.12526117328319836 0.11325740514873237
0 0.9244326499189466 0.2928710824735469 0.11225175103345748 0.10159186305535757
0 0.8476411716305684 0.18514885871131895 0.09662675103345739 0.10068181043863911
0 0.6767036253118409 0.3088579164485349 0.2035702638537389 0.155216662970653
0 0.4621938232021451 0.21383165571342974 0.14630141935425695 0.1300654735504664
0 0.05975910494326271 0.5349217605939309 0.11951820988652542 0.11296897881213823
0 0.25459941542982467 0.7900132660673641 0.09535534946188076 0.10684080517696729
0 0.08332803701761188 0.7368791027437753 0.13732452564056313 0.10461044724210708
0 0.2552030370176119 0.726868523959872 0.12853172249741 0.11656441567207612
0 0.13161352564507237 0.8376911738469325 0.10265842721213972 0.0963583314853266
0 0.3716134793263448 0.9374658477644523 0.10152826674922295 0.03863683674699843
0 0.27563535339533135 0.8402106871422866 0.10244010339082213 0.09167083148532659
0 0.35070166584410944 0.9347881687970222 0.09458906203449331 0.05693181043863902
0 0.18834733085514008 0.6567450107351052 0.1153767510334573 0.10177387357870131
0 0.24720452398793333 0.22946987919330897 0.0966267510334573 0.10068181043863911