0 0.2972755359598843 0.46048389278208646 0.16188754922121246 0.19829641066226814
0 0.18749474135752536 0.8531918814993154 0.09794941818411554 0.09339831050398359
0 0.132660140341311 0.7525303034443546 0.10388116943775674 0.08264266693047428
0 0.11149584567244504 0.6750872650436948 0.09772209765100212 0.08558581050398359
0 0.22548075547678334 0.35250991989997515 0.17096102084968257 0.1345521594086269
0 0.2672627416867298 0.23108354928771946 0.12501202335696499 0.11135870031656916
0 0.04412677005825971 0.3985678806413856 0.08825354011651942 0.10286423871722886
0 0.10199544286122875 0.27726353048310093 0.09500627461060622 0.09955738229073816
0 0.31355741699698125 0.3569724478757937 0.1732509465556454 0.1595976235152496
0 0.4890922775801071 0.22619014614729877 0.1458246285298145 0.129137233702664
0 0.7686621733316944 0.8659440017823666 0.12953438730530314 0.052165556743059935
0 0.9147669128403461 0.4589090886128161 0.14518813103709718 0.10726223370266404
0 0.721063410795282 0.7580465852476038 0.09518813103709682 0.10580738229073816
0 0.889924722552907 0.6688296578922882 0.13728470282385175 0.10390991316955063
0 0.7182172071135007 0.6949017275674718 0.12501202335696499 0.11135870031656907
0 0.8453359850893193 0.7794094567177893 0.10268238229073816 0.09509720282385156
0 0.6106845372800326 0.9298654124446347 0.10095474623907634 0.035722202823851745
0 0.7023073991167996 0.8124529404204534 0.10098348997087 0.09036423871722894
0 0.6319828757598346 0.9222203970052286 0.09529577962517113 0.05585284639736088
0 0.7823000906578801 0.6118558953558759 0.11545516693047428 0.10483591567683312
0 0.7007117391794473 0.1966149917532368 0.09500627461060632 0.09955738229073816