0 0.5095163214220613 0.31436092716555 0.1637053798517325 0.18070831618646546
0 0.08217506062228797 0.2797331989603816 0.10845239546082905 0.1157452444009226
0 0.1746924320364999 0.1963627466760077 0.09767858656782158 0.11960395020978147
0 0.24790424274360587 0.1526351348485086 0.09902283175849821 0.11347234937994446
0 0.5800247727806728 0.169544412018703 0.16268851687504107 0.19621491701630242
0 0.7045064176085296 0.17491622840566107 0.13136410580511537 0.14709033278320494
0 0.5084920570789089 0.03054756991144304 0.12051588584218216 0.06109513982288608
0 0.6387599104369535 0.04222368080189225 0.11308533175849825 0.0844473616037845
0 0.5836557150687917 0.24407081533805092 0.19346729092165801 0.22971450124939982
0 0.7383283129845407 0.38896615039634097 0.15244049763774736 0.17050452199532423
0 0.11846466925299212 0.8247487784195944 0.07640378729346105 0.13513386182749904
0 0.5631744793271259 0.8752024161678879 0.13363593393541642 0.1675212319533678
0 0.2442112029182561 0.7715860443916338 0.12095239546082903 0.11669243776222675
0 0.3541442197084791 0.9035087053846516 0.12500497840045358 0.143491736102553
0 0.30572162179273005 0.750562226755276 0.13292660580511537 0.14720873195336778
0 0.23895572932712592 0.8997702439767152 0.11017858656782158 0.12055114357108536
0 0.06148303767197918 0.7160850960559522 0.05510914065150563 0.10546967261537983
0 0.18815217587641409 0.7703796645175027 0.10705358656782163 0.12031434523075965
0 0.07101180509517432 0.7332842514498925 0.07224207694917477 0.10520956348717299
0 0.3963267744251353 0.7888891757156575 0.12316965988879928 0.13556083693238996
0 0.7945162816815294 0.5872959840047385 0.11308533175849825 0.11453794191141178