0 0.3108764135515411 0.5353481893023663 0.15540806899199797 0.22119426483072288
0 0.8646876116056716 0.21985253785286937 0.10325345941492117 0.09746587334017516
0 0.9026979005658976 0.33881161611170063 0.11397277110331813 0.08502950585373252
0 0.911038280435514 0.4138525227275589 0.10936709172016919 0.0896897347764936
0 0.7380407057581779 0.7065662217924824 0.17460235389503395 0.15724993949875793
0 0.6742293960983755 0.8100906767111387 0.13178756249917606 0.12106699980360824
0 0.9354378571381495 0.6928724022160541 0.11397277110331813 0.08502950585373252
0 0.8366475754815245 0.8063485740554187 0.12693642126547394 0.1116647287263696
0 0.7201168202065187 0.6642787278426067 0.18567622158978558 0.16512607201231527
0 0.46003448254353907 0.7565060926967707 0.15078302434972923 0.13523858411256348
0 0.08465305843869111 0.41919997277444104 0.15366256249917618 0.12119426483072289
0 0.34451543344033875 0.18011124345889648 0.15328073295387146 0.09931926483072293
0 0.1467461351446221 0.21723801785578503 0.1409716477265238 0.110184041958086
0 0.30566716761202617 0.2369106893023662 0.10180005357072242 0.10370678298109555
0 0.21069381249917618 0.12152606293712895 0.10796823295387145 0.099055644417414
0 0.47009035754848194 0.034762902903425125 0.10561480032431163 0.05373405405833439
0 0.356074496346552 0.12627771633153342 0.10319891233702042 0.09434087334017516
0 0.4443363810874323 0.03617541197861143 0.0996102621748646 0.06776019262201592
0 0.22284675933219553 0.32548230991206684 0.17424779788867956 0.13693743949875792
0 0.24005321915085842 0.7294476472460844 0.10810460064862311 0.10686814441741391