0 0.55859375 0.72578125 0.18515625 0.1609375
0 0.16171875 0.81171875 0.084375 0.0890625
0 0.27265625 0.865625 0.07578125 0.103125
0 0.346875 0.8796875 0.07578125 0.0890625
0 0.62734375 0.7171875 0.15625 0.140625
0 0.77578125 0.70703125 0.09765625 0.11640625
0 0.63203125 0.94765625 0.09609375 0.10390625
0 0.74765625 0.86171875 0.09609375 0.10859375
0 0.67890625 0.51484375 0.12109375 0.2015625
0 0.759375 0.4859375 0.115625 0.134375
0 0.45234375 0.11171875 0.09765625 0.2234375
0 0.48203125 0.06953125 0.09375 0.1375
0 0.20625 0.27734375 0.09375 0.090625
0 0.278125 0.10546875 0.09140625 0.13203125
0 0.26328125 0.29375 0.103125 0.15390625
0 0.1703125 0.153125 0.08515625 0.09296875
0 0.04453125 0.403125 0.02421875 0.090625
0 0.1515625 0.29765625 0.08046875 0.09609375
0 0.0484375 0.371875 0.046875 0.090625
0 0.34375 0.203125 0.10625 0.103125
0 0.76796875 0.271875 0.09140625 0.0890625