0 0.5995337524470707 0.165625 0.15458832939624542 0.265625
0 0.9121924982707196 0.28203125 0.1085615228654909 0.1109375
0 0.8151513179634999 0.21015625 0.10187501324684396 0.0984375
0 0.7457911935540633 0.1703125 0.09885914065150558 0.1015625
0 0.42711560462398895 0.2171875 0.13881450725639422 0.171875
0 0.29172374164729753 0.2328125 0.12662204210278444 0.1359375
0 0.4805704429210911 0.04765625 0.12364088584218216 0.0953125
0 0.35571677586071565 0.07421875 0.10828870435383653 0.103125
0 0.344384983294595 0.465625 0.15854665389834954 0.2
0 0.2594916281224519 0.45078125 0.14769843393541643 0.1578125
0 0.34405517811460273 0.88125 0.13875994355406326 0.1703125
0 0.441513020672874 0.9203125 0.13681549763774722 0.159375
0 0.7511930663190375 0.8171875 0.12333335099579194 0.13125
0 0.6512972484403555 0.93203125 0.12662204210278444 0.1359375
0 0.7046429593327959 0.759375 0.14355657095872498 0.1734375
0 0.7748066703100545 0.91171875 0.09595239546082901 0.1078125
0 0.9450298571558775 0.7078125 0.058343268056167116 0.1046875
0 0.8169619100584354 0.7765625 0.1071627139724832 0.115625
0 0.9326216263931715 0.7328125 0.07067957694917482 0.1
0 0.6030829485330227 0.8265625 0.13835815027015244 0.1140625
0 0.20869056387196688 0.6515625 0.11470239546082903 0.1078125