0 0.5967779885871226 0.39511495695945087 0.23672836123992677 0.14555121642535312
0 0.1143911728213233 0.7443800582892262 0.1053147347764936 0.11207818874502422
0 0.09243942564999366 0.624209479734045 0.1286976926220159 0.10365819368794008
0 0.09210814842443475 0.5468975632321421 0.10367951190385667 0.09951452174882984
0 0.2912688528521115 0.2802499382135516 0.17422836123992677 0.1430045365775774
0 0.36926256352630416 0.1653796719019292 0.1382181383672898 0.12904019566510647
0 0.12501259377692517 0.2612492233082543 0.11784200585373247 0.11727502471457943
0 0.20138017193756053 0.1573801239928263 0.09746587334017516 0.10550985376405224
0 0.5543046631569618 0.3117095493547966 0.2008999455488823 0.16283687551288217
0 0.5805904280858807 0.22394029391758918 0.15703177088084708 0.14074169961943914
0 0.9157229104264871 0.48287630623769784 0.16326359016268768 0.13787136760421675
0 0.9081280581635511 0.5800378077205726 0.16162836729005078 0.12530770060802238
0 0.6591537060970064 0.8166915266173836 0.11949540944452863 0.1329636917107738
0 0.8022588114832006 0.7874284964655968 0.16171018052176755 0.13937020060802235
0 0.6438877752806513 0.7556094465793276 0.16171018052176755 0.1393702006080222
0 0.7400173658361228 0.8797870928152752 0.11151928298109545 0.10452035672980173
0 0.47950659183201766 0.9513251476816414 0.10345225292686636 0.06045202174883002
0 0.6010775856836975 0.8643597054765761 0.09118860226293642 0.10056768577927463
0 0.5271810225501767 0.9462583042977126 0.09412270472226432 0.0678825197716634
0 0.7480849167711991 0.7013755913324005 0.11637949980360815 0.13439885771838506
0 0.7842103317748726 0.2648505009142211 0.11161927693097126 0.12170785672980174