0 0.7132786478915092 0.6021173270266476 0.28614887357870133 0.1304951552154506
0 0.8185316501694093 0.2360877714625504 0.09893729991529546 0.09561813861970411
0 0.8602347608056924 0.3550998514160642 0.11365224729857673 0.08108574505632138
0 0.8761335056146077 0.4323014897836668 0.11070925782192056 0.08399222376899793
0 0.706870482219433 0.7256094573484784 0.16711044724210708 0.14395708565349707
0 0.6222841086407318 0.8310839251653916 0.13798438936371688 0.12480289406758587
0 0.9031763348220341 0.7087436574843645 0.11061825256024882 0.08242972376899793
0 0.808486919149958 0.8260625614393075 0.12310284200867017 0.10975704827463
0 0.6825453164061827 0.6988066567280599 0.17390647881213822 0.15376912822814398
0 0.43159819545831735 0.7918636159949983 0.1414734104104042 0.13127141535490913
0 0.061125185720987775 0.4684165002521016 0.12225037144197555 0.1179737398605413
0 0.2514050633518237 0.22231666845700232 0.11950740514873237 0.1281792663436449
0 0.10230813971665269 0.26366329827463014 0.13845482622365463 0.1061621547112475
0 0.2773536423474886 0.27511924036474444 0.1423078683170294 0.11888067599857095
0 0.16222073698699474 0.16430779048096 0.10362479991529541 0.09594592055068932
0 0.4126596237198756 0.06650870089219066 0.10383763154179629 0.046164441838012764
0 0.31051402381869764 0.16369542130699394 0.1065677893919517 0.0930394418380128
0 0.39124735530402416 0.07050243220275723 0.0972992052052021 0.0674931386197041
0 0.17695255296965434 0.3692902214232095 0.17299642619541977 0.13814412822814387
0 0.1748476665191221 0.7825386204344739 0.14946792093374794 0.13494271857321785