0 0.6050570661494016 0.12751044667368552 0.102807574586922 0.25502089334737105
0 0.20375507112836103 0.8101767929417413 0.08759425843752053 0.0985810551888033
0 0.3172198596029484 0.8517112522750852 0.08183533175849825 0.11216995850815117
0 0.3910665873704298 0.8578652412774229 0.08128969473518968 0.09654495850815152
0 0.6559673571558777 0.6599792352541384 0.15954366950744614 0.15078401784613932
0 0.807175193090727 0.638338265748325 0.10570934137714509 0.12644594606059661
0 0.6805854443566715 0.8938922939674265 0.10371033175849824 0.11382754689043359
0 0.7899480314726472 0.7955238037156889 0.10392858656782167 0.1200775468904336
0 0.6951414406436565 0.48076440931941067 0.12177085099579195 0.14012993776222693
0 0.775235679210911 0.4190797028858519 0.12516866950744615 0.14817923610255282
0 0.5800000132468439 0.07825044148720442 0.09437502649368774 0.15650088297440884
0 0.46964286660488846 0.05447661099069554 0.1033482332097769 0.10895322198139108
0 0.2076414075265466 0.27096000497437744 0.10003969473518967 0.09796574855010753
0 0.26879961841898703 0.09321259065736745 0.10000497840045357 0.14159734937994445
0 0.27127732159169715 0.276321088582775 0.10658236061443871 0.15144594606059664
0 0.16211559800056702 0.15612883298369762 0.08463294954451306 0.10303175684847724
0 0.05511166296884222 0.4117653715757614 0.031562513246843914 0.10056868506293437
0 0.1553621449126749 0.2992043267599203 0.08786707694917477 0.1063935551888033
0 0.058063048178052246 0.3841256236503538 0.05321925843752049 0.0959762734452168
0 0.3461284994518458 0.1766511300746238 0.11873513103285882 0.09782403859206376
0 0.7693229519915837 0.20489880371568886 0.09702382213985139 0.10085395020978145