0 0.72345131310051 0.40980414088861805 0.30103340263916645 0.17479145843375926
0 0.18729530593694615 0.913886809422495 0.11357306738935166 0.10888296312533612
0 0.11992116969764041 0.8124939182049008 0.12369036116879614 0.10027278763096845
0 0.08459811583342733 0.7400672611478648 0.1270887632423146 0.1036163089182919
0 0.18317833614476928 0.41289810979081204 0.1882600005656479 0.1637996920901143
0 0.21456362012226907 0.28775599815841457 0.14843608294074054 0.13461493664223267
0 0.028791506927222637 0.479113699631683 0.057583013854445274 0.09572739926336596
0 0.06527988350599565 0.33987623701054975 0.1305597670119913 0.12469363342392396
0 0.20803207318527858 0.43428679073306153 0.2030060057494441 0.17259553788306992
0 0.43648713826555596 0.27576336859288836 0.1654280933083331 0.15133254307885
0 0.884760668519862 0.48868252976042365 0.1673227839774995 0.13748856436617346
0 0.7443832189437052 0.781487752773117 0.13988128916129589 0.14333437278026223
0 0.8756126780389828 0.7010568436223942 0.14761587672018522 0.12523993664223276
0 0.6921269433075476 0.7408902499231255 0.1837679901980554 0.14795617080279086
0 0.842196002355557 0.813480433967468 0.11839726842611072 0.11077324505632155
0 0.616592535201761 0.9713631327552328 0.11130793836009242 0.057273734489534434
0 0.6996086696976404 0.8530296170034045 0.11798716531583331 0.10608574505632129
0 0.6378619424590758 0.9635888375826959 0.1061515466541664 0.0728223248346083
0 0.785299327803427 0.6192826837153665 0.19804510367592557 0.16914275595208467
0 0.6632833755888893 0.23502837999285475 0.1362682736099071 0.11978761213660052