0 0.4399326814528581 0.8554423030402415 0.12274770401018138 0.0820984104104042
0 0.2019326947803584 0.8263063528143626 0.0915704293443631 0.08652830517696727
0 0.16560374876667722 0.7275727212019791 0.08524770401018134 0.07991428413027979
0 0.1239969567552232 0.6455638580054472 0.09778406667727224 0.0837673262236546
0 0.2540998907144978 0.3377829081325041 0.14494996801399934 0.11149748407381015
0 0.29324311203054404 0.2080730213290361 0.11518974267981755 0.10351838410204497
0 0.07929988538349769 0.3651629974397513 0.0916795173456358 0.09590330517696728
0 0.12484764803468022 0.2483703395895958 0.07910679201145401 0.08892526308359247
0 0.5194158080442252 0.29574951364828983 0.16533519334818117 0.11893055247554418
0 0.516744246697953 0.2005280189099617 0.13546588001272664 0.10157645250377903
0 0.9140839653882701 0.35172243770698386 0.1417158800127268 0.1019404735504664
0 0.9316198140316576 0.4545366245669216 0.13676037193668478 0.09256547355046649
0 0.9122958407463144 0.5339812008611634 0.09814769334818116 0.1150173262236546
0 0.892011707431541 0.6719740245245693 0.13230451734563572 0.09826944198043534
0 0.7382781801002227 0.6957817927992466 0.16984088001272662 0.10357856826055958
0 0.8449468981142221 0.7927639376363966 0.09451361600890858 0.07108531570031076
0 0.7577463427752678 0.7564084796591842 0.11013861600890848 0.07199536831702957
0 0.7122162141151765 0.8075306348785037 0.09157042934436319 0.08652830517696727
0 0.6626076601288577 0.9112695558828389 0.09760225334181775 0.06814232622365494
0 0.8045111600890869 0.609837316547357 0.09491360534690862 0.10546031570031093
0 0.7354760653644077 0.1862247822759028 0.08237724267981754 0.10160727360693614