0 0.2536037813499075 0.5917016100375004 0.2755241599070276 0.12038757832259214
0 0.8020045324351883 0.0823234248814367 0.09361859604505715 0.09515525805851835
0 0.8751138865260172 0.18361323133754795 0.10702553218308672 0.08701056738935167
0 0.9040690490309349 0.2604689657861591 0.11080609604505724 0.0966589694628702
0 0.8031720926139879 0.5711316466533811 0.16357046312533613 0.11835760367592556
0 0.7708891063597427 0.7052229741275013 0.12585194183801285 0.11195177879370348
0 0.956549556824605 0.5332721872752796 0.08690088635079007 0.10249886635259245
0 0.9347823615555229 0.6547268137126405 0.08758711733238086 0.0977334539114814
0 0.5417318480618695 0.6317341218656953 0.1895538089182917 0.13460732026407368
0 0.5486863244287575 0.7199470213473157 0.1452575056999832 0.12296719123481452
0 0.1312917387752606 0.5961142909047223 0.15877370248167452 0.1163850005656478
0 0.104986328868233 0.500948053864213 0.14550887797604237 0.10435389227157384
0 0.25385089172179726 0.20180934189421343 0.10899222376899793 0.11513556738935167
0 0.2949954257464694 0.037073607162778334 0.10462179802252862 0.05263556738935167
0 0.30176922167531106 0.2463508623465746 0.16400750569998318 0.12460760367592565
0 0.15860409369926867 0.16612470306300953 0.10233803218308672 0.0866004642790739
0 0.37827781930985205 0.01941101743622716 0.10440327673520508 0.03882203487245432
0 0.2970274553316661 0.13357746027305611 0.08246257475773362 0.09107335080120356
0 0.33071440445914596 0.03080448331731544 0.08965236188449896 0.06064355702175909
0 0.21403391091543375 0.3742892261072689 0.18820983020561535 0.13759561922731445
0 0.34034930054354406 0.7531087102730561 0.10074268119435104 0.1082020622055552