0 0.9104394487774894 0.5923681376302439 0.08130531094499105 0.12205814437666689
0 0.8798766027796466 0.8280867788727784 0.08928822930778502 0.09571384992375016
0 0.7808968701925011 0.8601160692416325 0.08106629353213642 0.08771951196784719
0 0.6972522105361343 0.9018658517267021 0.08665455223856355 0.10501611474138883
0 0.3951021330827999 0.7645236269935767 0.10818871551297518 0.15857752583555573
0 0.26217676842890736 0.7146119331300002 0.1027708751693421 0.11475479065319441
0 0.41804938941437797 0.9343821853142018 0.09537445499752568 0.0927343202884721
0 0.3014483876053557 0.8832898511580212 0.08838747060135788 0.07852634992375015
0 0.35194751809022307 0.49197582655673633 0.11797315128862387 0.166608231382639
0 0.2574162680902231 0.4897755872903127 0.09750352103089917 0.13335932028847228
0 0.412439124264831 0.09777319129812534 0.09659611827193722 0.14582295269729176
0 0.5115793091359686 0.08369446713368098 0.0948698439616777 0.14266158510611118
0 0.5918776407731744 0.1120935304882991 0.11412445499752569 0.093170731382639
0 0.7398171737898611 0.13582458405927145 0.12201219810012062 0.12456620174736122
0 0.7345232434412793 0.27303364332982694 0.1040810696514182 0.13975479065319457
0 0.8241003205559293 0.1807026325962507 0.06453389077317447 0.09981946846486114
0 0.807059984734852 0.2575554201153132 0.05638719810012063 0.12303876291777785
0 0.8629658259829963 0.3267424844198618 0.08320200361804453 0.09869337955902786
0 0.8374601356847917 0.19739982332569514 0.09512879353213641 0.08804682028847229
0 0.23983154115728716 0.24357273451677103 0.10687852103089916 0.13357752583555565