0 0.8588338679863405 0.43381518311281103 0.09663277297895903 0.1000871173323807
0 0.8506151480620137 0.6591593905381641 0.10504605027685514 0.11000842055068923
0 0.7567161513012162 0.7287231275487139 0.0975339389258032 0.11414961733238052
0 0.6770799136397173 0.794178518766308 0.11728523442229637 0.13108574505632137
0 0.36878535472498875 0.750405647498655 0.13747662091177607 0.17916261213660042
0 0.2298928354466573 0.7453407251063803 0.1288235117201923 0.14122556956195353
0 0.40842194633628404 0.9086280569014795 0.11658432757475108 0.12014824505632156
0 0.28404251003137454 0.895548538716249 0.1028827729789592 0.10052415990702741
0 0.29271871221852946 0.5052895254746973 0.16075343460686647 0.20256726114786475
0 0.20172347239756228 0.5295407624852471 0.13793769586563345 0.16208437278026225
0 0.31197146900147626 0.09562494837117519 0.138738732262828 0.1745843727802623
0 0.40968707819305994 0.06628664565706961 0.11772532541528276 0.13257329131413922
0 0.7255647971945363 0.1468118458698302 0.09859579117755661 0.10644637797604233
0 0.6297189759413065 0.05255229156624075 0.12806204811738695 0.1051045831324815
0 0.656444557373569 0.16953343386911568 0.1246366594684389 0.14871028763096836
0 0.740336300895164 0.04792781662434852 0.10700906847545255 0.09585563324869704
0 0.9024696537652263 0.2262158505614072 0.06422079117755644 0.1040426438154842
0 0.7788504834994457 0.16486272334166946 0.10288277297895938 0.1005241599070276
0 0.8917719856589141 0.1989649357107011 0.07173290252860838 0.09990144703379289
0 0.5744528801679583 0.15037887830501853 0.1199095866740496 0.12349176634364492
0 0.16342813772609732 0.32611511372608437 0.12283432757475107 0.12058528763096836