0 0.67890625 0.1640625 0.07890625 0.2484375
0 0.16171875 0.81171875 0.084375 0.0890625
0 0.27265625 0.865625 0.071875 0.10390625
0 0.34921875 0.890625 0.071875 0.10390625
0 0.6578125 0.7546875 0.12109375 0.153125
0 0.775 0.71171875 0.10859375 0.128125
0 0.61875 0.94765625 0.06953125 0.10390625
0 0.74765625 0.86640625 0.09453125 0.1125
0 0.63671875 0.73359375 0.13359375 0.16640625
0 0.759375 0.48828125 0.115625 0.13046875
0 0.4859375 0.07109375 0.1 0.140625
0 0.2125 0.246875 0.12109375 0.10859375
0 0.27578125 0.10390625 0.090625 0.1265625
0 0.2640625 0.29140625 0.10546875 0.153125
0 0.1703125 0.153125 0.08515625 0.09296875
0 0.04140625 0.39609375 0.03828125 0.1
0 0.1515625 0.2984375 0.08046875 0.09453125
0 0.0484375 0.37265625 0.053125 0.090625
0 0.37109375 0.1859375 0.12578125 0.1609375
0 0.77109375 0.271875 0.096875 0.103125