0 0.6266016359586963 0.17968691599061715 0.0936602711033185 0.09136055103961845
0 0.8409856899364557 0.2671197514731144 0.09845686525911965 0.09796574855010753
0 0.8789748392878327 0.3763889303122716 0.12499209172016919 0.09841603444287887
0 0.8837657049539895 0.46045627699292363 0.08741027110331814 0.09088695435896632
0 0.7226337414818786 0.7283038599766213 0.16599892126547394 0.12336941286711749
0 0.6595007215963763 0.8494675423402633 0.12690914772652384 0.11884693361304208
0 0.8928098737871271 0.7490218695243909 0.10646028003177221 0.10949524440092269
0 0.8275922025216527 0.8551642031327884 0.08910913879807011 0.09881785352912935
0 0.4554462414818786 0.7080576018787441 0.1866932508107789 0.14678360207923688
0 0.44059676299223405 0.7968949589323585 0.14733074188232517 0.1266361228251613
0 0.07508993161691005 0.5451008576783142 0.1501798632338201 0.12602081618646538
0 0.07240614955489542 0.4417390593379881 0.14481229910979085 0.10980382033565025
0 0.29542377394598746 0.19527049150113757 0.09522277110331831 0.09147895020978147
0 0.13980897362167588 0.23667397365499823 0.14560460064862307 0.11714272365499818
0 0.2879601014626973 0.26432814482048544 0.1346398271096728 0.11475142946385705
0 0.19620106980607213 0.14316169461070405 0.10473413879807007 0.10000184523075957
0 0.44183294399364553 0.05381946515613578 0.06633411201270896 0.04559776514684701
0 0.33914254626712176 0.15555771868062074 0.08436709172016936 0.09533765601864026
0 0.23436176867098166 0.3322367726200242 0.1096398271096728 0.11285704274124857
0 0.22925984253753887 0.7589768713752687 0.10969437418757347 0.11598204274124875