0 0.07742556243638649 0.5257428747692874 0.15485112487277297 0.09851425046142523
0 0.18907487976691442 0.1437838710686595 0.09362600362819706 0.09174501387966064
0 0.12892357505025823 0.25910728485603507 0.10757937622353535 0.0895211798265045
0 0.09898804918954257 0.3350783019748982 0.11037699400955023 0.0803464389258032
0 0.22018840427686773 0.6367736050295306 0.1590525961864685 0.1349128254152827
0 0.2847642810485572 0.7518991548449604 0.13199902286549073 0.11914812307124442
0 0.04068696506879167 0.6092457896363971 0.08137393013758334 0.07525842072720579
0 0.1037970232440089 0.7330954973791063 0.11744544954451305 0.10418445712440043
0 0.2573808694304774 0.5985331253875963 0.1782391058051153 0.14861438001107458
0 0.4797320406672041 0.72693302591362 0.13377977767481433 0.1254982526208936
0 0.9101016200634497 0.43432311228312787 0.14891370435383636 0.1124370481173869
0 0.750037172417853 0.17409341842007925 0.1116865228654909 0.11784643892580315
0 0.8893427198781151 0.2251879441768157 0.13290675843752026 0.1004982526208936
0 0.7000446069014237 0.2217286844592082 0.16486608656782167 0.12281334361388004
0 0.8461780516366133 0.12194183066629534 0.0983135036281972 0.09204540252860857
0 0.6171676526324053 0.012635796963823557 0.10114583774894789 0.025271593927647114
0 0.7008209116180799 0.11021019355850685 0.1013293762235353 0.08912066162790722
0 0.6442658659719163 0.019031344079918015 0.09231647477225664 0.03806268815983603
0 0.7994047114405947 0.322932634182353 0.15905259618646853 0.1349128254152828
0 0.7355182491973918 0.7237930297711312 0.13921132213985138 0.10246127081949101