0 0.11953125 0.5703125 0.075 0.12109375
0 0.16328125 0.80625 0.08203125 0.0890625
0 0.26484375 0.8421875 0.071875 0.08359375
0 0.35234375 0.88515625 0.0875 0.1
0 0.64453125 0.75390625 0.09765625 0.153125
0 0.775 0.70859375 0.096875 0.1140625
0 0.6296875 0.9234375 0.090625 0.09453125
0 0.75 0.859375 0.09296875 0.10546875
0 0.675 0.48828125 0.11328125 0.17109375
0 0.7671875 0.4859375 0.09921875 0.134375
0 0.58984375 0.0875 0.096875 0.14609375
0 0.4875 0.071875 0.078125 0.14140625
0 0.2 0.259375 0.07578125 0.084375
0 0.27265625 0.109375 0.09375 0.13359375
0 0.27109375 0.2609375 0.090625 0.125
0 0.16875 0.15546875 0.08046875 0.09296875
0 0.04296875 0.38515625 0.03984375 0.09609375
0 0.1515625 0.2984375 0.08046875 0.0890625
0 0.0515625 0.34296875 0.05703125 0.0890625
0 0.34296875 0.2171875 0.09375 0.10390625
0 0.7703125 0.271875 0.09609375 0.09296875