0 0.8937094203877141 0.46697406377412526 0.21258115922457171 0.1700136861143331
0 0.1977034075674326 0.15880071065173515 0.0913570541766104 0.08739818068726608
0 0.1519799927612897 0.2700557931934521 0.1190454065339753 0.0794971494796016
0 0.13594192390237084 0.346079382632574 0.08950345574818702 0.08106629353213642
0 0.2787845111631425 0.6385424423343695 0.15963617328319835 0.11435682835784533
0 0.3323718916422699 0.763388634102912 0.12177230024766902 0.10457903663473153
0 0.1101244023956369 0.6325015615108178 0.10273120181924558 0.09734639077317446
0 0.16554611062502328 0.7462874225466657 0.08369010339082217 0.09011374491161739
0 0.5462823802697304 0.6480181823847467 0.18038532092583354 0.12479636137453216
0 0.5544095574818702 0.7384384644969224 0.1408133986760923 0.11181168249628844
0 0.9327205705115487 0.5348675706715303 0.1345588589769026 0.1077792797373263
0 0.9374594203877141 0.4326499734304923 0.1250811592245718 0.10136550542706697
0 0.7568986251024439 0.15925449627041371 0.11464900496239867 0.08550148801421238
0 0.8928768205115487 0.2202628380843848 0.14386562406898662 0.11041295680654792
0 0.7362993347795722 0.22142030359736 0.15963617328319835 0.11435682835784541
0 0.8458134218354563 0.11778629127288812 0.09902400496239885 0.08468261646291486
0 0.7037885876750565 0.11191582881213066 0.07729455417661057 0.08666119629109832
0 0.6186258755167287 0.020870263456125658 0.08506851282028158 0.041740526912251316
0 0.7906101532242065 0.29454022105564304 0.12089900496239867 0.08582903663473136
0 0.7575709447854231 0.7285743843300546 0.10770980024766903 0.10384205223856355