0 0.8177267315981471 0.4131167774980808 0.179991522745079 0.21574493217453838
0 0.8535313751069531 0.7874661141396799 0.1126883986760924 0.10970894789030403
0 0.8792291960327866 0.6727871840320561 0.11381425103345748 0.10040672249741008
0 0.8814509756022911 0.5914644094249502 0.11232452564056317 0.10189644789030403
0 0.6833560397036991 0.3395251120727653 0.18119014970954977 0.20800520678164433
0 0.6205371701828264 0.2089792793601076 0.14339474317557438 0.13296666542531543
0 0.8864296898275335 0.299657899085868 0.12889559553293922 0.12293669396136275
0 0.789160891646779 0.20274004962398723 0.10978172249741007 0.11425089867609246
0 0.5305563713828995 0.3590284751834972 0.2260660020669146 0.2007406703877141
0 0.4077417636488511 0.2726649820079227 0.1662158130679506 0.15429800992479742
0 0.24370895720043828 0.9367916404039249 0.16701202564056317 0.10444355913900907
0 0.07043973976561627 0.632236765301481 0.14087947953123253 0.13391273531769166
0 0.321639212162837 0.8605609342414532 0.11319782092583344 0.12064644789030439
0 0.13846499318008365 0.826192280602962 0.15247864474715103 0.1271533130679507
0 0.3072535345364125 0.7996041635632886 0.1433947431755745 0.13296666542531543
0 0.2076815659679439 0.9202376871369372 0.11752144789030419 0.1130522717116218
0 0.4696871062908155 0.9826820291552198 0.10396406203449331 0.03463594168956021
0 0.3531224985567671 0.907438088294229 0.11886562406898663 0.10843754631872748
0 0.4471400182014742 0.9774851069054789 0.10305653349844594 0.0450297861890423
0 0.22560758230288216 0.7370805847795723 0.13209337014004516 0.12464474317557439
0 0.1882618635250166 0.31176806162020854 0.10345894789030416 0.11239730024766903