0 0.9273503098133371 0.464200379401991 0.13030937697836437 0.168747604872647
0 0.8136574655129751 0.10463321715577496 0.09512879353213641 0.09174501387966064
0 0.875926171415012 0.2158723033683994 0.10837242198083885 0.0770211798265045
0 0.898279206240721 0.2834207487726076 0.09932497060135788 0.08267040252860855
0 0.7815132666198851 0.6130755752676246 0.14610479534115867 0.14328652991878954
0 0.7522119482116623 0.7270472401347343 0.12251016508343397 0.10907221622369896
0 0.9635047365438745 0.5493776133628622 0.07299052691225114 0.07692105027685514
0 0.9129923179539375 0.6838212669712048 0.09710072930778502 0.09965764342931002
0 0.7694326684743359 0.5770076673403451 0.1792448439616777 0.15163925046142523
0 0.5312034073930594 0.7278842566352886 0.14207903663473154 0.12589877081949083
0 0.09532570386587183 0.48773173504060524 0.1443032779283041 0.10891152991878954
0 0.27750195952008133 0.19464666178479076 0.09669129353213642 0.09184514342930994
0 0.11646596223361486 0.2778665792727941 0.1345188421526554 0.1004982526208936
0 0.28682272783744706 0.25283989358619346 0.12234639077317437 0.10594721622369904
0 0.15690949852966196 0.16710025755813915 0.09981629353213632 0.09204540252860856
0 0.3851872274987628 0.020780760335916325 0.09999335594746528 0.03599566162790723
0 0.2917415219354103 0.13729523673864824 0.0809025192218769 0.08771884793281676
0 0.3667238325417169 0.02745106493170818 0.09472600180902235 0.05434514342930994
0 0.2275539484388049 0.333457640346991 0.12201884215265542 0.09969721622369905
0 0.31545225463409743 0.7542521992617195 0.0971007293077851 0.09965764342931002