0 0.253125 0.47785647427320105 0.1453125 0.20234873986054142
0 0.85078125 0.8571486704738147 0.0984375 0.10219592055068923
0 0.890625 0.741966066887189 0.1109375 0.0890075056999832
0 0.9 0.6684028807491593 0.10625 0.09492972376899793
0 0.7328125 0.3567119918773537 0.16875 0.16336264951546742
0 0.67109375 0.24614619645271518 0.1265625 0.12603761213660053
0 0.9296875 0.39235383297873233 0.1109375 0.0890075056999832
0 0.8328125 0.26761092307170475 0.121875 0.11477233020561535
0 0.715625 0.39847887479707467 0.18125 0.1720492346647612
0 0.45625 0.2756541079492266 0.14375 0.14130197921687965
0 0.07421875 0.5715961305739323 0.1484375 0.12600476114786474
0 0.33046875 0.8395148761344571 0.1484375 0.10569226114786474
0 0.13359375 0.7804355350330784 0.1359375 0.11419317599857096
0 0.29140625 0.7781896100429136 0.0984375 0.10688342055068922
0 0.19609375 0.8832434607795477 0.103125 0.10408620248167466
0 0.453125 0.9847158025496174 0.1046875 0.030568394900765128
0 0.340625 0.8941313203182583 0.1 0.09918018119435104
0 0.428125 0.9792907932049009 0.096875 0.04141841359019836
0 0.2109375 0.6811564368943342 0.16875 0.1430501495154674
0 0.23515625 0.27894372687109115 0.1046875 0.10888296312533621