0 0.9011959857015676 0.7205405124316517 0.1025115385920639 0.1194450197716634
0 0.831514138195723 0.9007280781352518 0.10637024440092242 0.1086985207602467
0 0.72554848072719 0.9104293888959359 0.09484074855010753 0.10044035178688589
0 0.6330300166199614 0.9331400356261753 0.11704763527271585 0.12626802273741297
0 0.3598731686899095 0.7304156477560035 0.1394680095477696 0.17546952669174587
0 0.2365172564474919 0.654515039543327 0.12869553029369402 0.1360886917107738
0 0.3524069786525976 0.8991192268054764 0.11621884108157472 0.11533052273741298
0 0.24097072595330524 0.8057910380604522 0.12029103444287888 0.12795785672980173
0 0.36552655976219545 0.465841153193211 0.15987559793005185 0.19810853064607842
0 0.27402522137991314 0.44030530091203346 0.13648471950581334 0.15665585969555132
0 0.5029133576783142 0.0999336047898165 0.1370767153566284 0.16446835969555132
0 0.6071156056037218 0.10807371003674353 0.11785311867597628 0.1574543557412186
0 0.8685546261491535 0.36172392794497144 0.09808414772027056 0.10213018577927473
0 0.815616112452199 0.19756858604391722 0.13179721950581325 0.1564648587069682
0 0.7972949327878494 0.3463589131162238 0.124600026144509 0.14371019072219057
0 0.9128947767692089 0.2685124388193863 0.10672544191141142 0.1133860207602467
0 0.9875216348601196 0.5246934546367171 0.02495673027976082 0.10541701186299797
0 0.9111099016689627 0.40940935284983115 0.10637024440092269 0.1086985207602467
0 0.9842602912913561 0.4972860376405227 0.03147941741728779 0.09942167984777565
0 0.7398367076829586 0.2972874017475173 0.113662526144509 0.14326452174882984
0 0.2995067829929864 0.2318362263111849 0.12258724025173766 0.11714769072219058