0 0.1554988957770312 0.5218033572240934 0.11109648091420454 0.1400121877564411
0 0.12576437198013002 0.28154577174882983 0.10867311151914842 0.11032468775644108
0 0.21167017894765222 0.22742595752810457 0.09709788273097572 0.10206651878308029
0 0.2817596672787226 0.17032572334543533 0.11399834030732112 0.11832818874502422
0 0.6015777018264694 0.2440921230786052 0.14202748758216438 0.1755331936879401
0 0.7402893865239977 0.2645385687437117 0.1311538893989354 0.13771485870696817
0 0.5366866701536605 0.0787098622041903 0.1185582945496865 0.1169566897336074
0 0.6657363124275341 0.11433563889593601 0.12193838606495574 0.1202090237259962
0 0.7120200916844469 0.5000967253597828 0.16230803667377885 0.1950471976422728
0 0.8010507697140152 0.48425816113905745 0.13749948424818434 0.1582183596955513
0 0.753967057305878 0.9090406438388519 0.1383923045516262 0.1691558596955513
0 0.662560678367924 0.931510597603998 0.1268170757634536 0.13697880479200392
0 0.2254595489709282 0.8446797831175363 0.10200852333785919 0.1240688527754692
0 0.4409407698831931 0.9312552823760989 0.12904925546001178 0.1374894352478023
0 0.385010150029095 0.7865529012160447 0.14942539940087524 0.18985036167271757
0 0.3298279267009341 0.921347053877783 0.10892820303441741 0.1134496877564409
0 0.2679501957867295 0.7833403765014653 0.10232751666989941 0.08982118676785796
0 0.14538979851188624 0.7222835182887888 0.08616038273097573 0.10162084980971961
0 0.4808327041216792 0.8348405039915138 0.11868584030732095 0.11851918973360753
0 0.8689869241158604 0.6964835885153752 0.12286315727678314 0.11246019072219049