0 0.2813294039208259 0.8748451654603147 0.1435150468904335 0.10791745776545092
0 0.06739880371568883 0.7674366709337479 0.11382754689043353 0.10618835779368574
0 0.06300914687185598 0.6596773788403731 0.10542305103961842 0.09792083148532651
0 0.05494928505596784 0.565525560438639 0.10989857011193568 0.10967737884037305
0 0.26224601057345487 0.31895221025511244 0.18002123195336797 0.13804457352223148
0 0.3437821983356817 0.2059964549228534 0.1419292361025528 0.12804794724210716
0 0.09460914729606325 0.2840781393637168 0.11766294191141169 0.11574536831702939
0 0.1929892929417413 0.1870126945406841 0.13508724025173774 0.11987142619541977
0 0.5196082246806835 0.3606215836926394 0.1766361228251611 0.15495905773721602
0 0.5559260782098128 0.27485068366440457 0.1625969336130419 0.13391851564384122
0 0.8824247655478323 0.553602099124719 0.16884693361304182 0.13428253669052861
0 0.8690232711469097 0.6579710807088677 0.16489313942190087 0.12316302616718496
0 0.8460934113940031 0.7327512728304774 0.17232713112353082 0.13915204721387225
0 0.7608402277809612 0.8533375176393927 0.15442923610255263 0.12877598933548207
0 0.6068398120140586 0.8145494914722077 0.15106743776222692 0.12546897881213823
0 0.6943020779860982 0.9444105676958625 0.11707094606059662 0.10793286831702957
0 0.5998291049557999 0.9753726628647723 0.11638386182749905 0.04925467427045547
0 0.5501735696877285 0.9203220783603804 0.11695254689043359 0.10637036831702958
0 0.4685432161585991 0.9862083287133162 0.10426237012586874 0.02758334257336763
0 0.6934886296504166 0.7583897677099798 0.12078794191141178 0.11592737884037323
0 0.7618083026900035 0.33313913872843226 0.11008724025173766 0.11841534200867017