0 0.1421875 0.3556068920444809 0.0984375 0.13609323295387146
0 0.23359375 0.13298364407307584 0.0984375 0.10796823295387141
0 0.33984375 0.12155699472169894 0.090625 0.10001936525911974
0 0.43125 0.10049624675029382 0.096875 0.11262845941492108
0 0.70078125 0.29816968221922746 0.140625 0.16964211850553051
0 0.8125 0.36652599025417676 0.11875 0.13332278896022584
0 0.715625 0.1242100308392557 0.1078125 0.10969437418757347
0 0.8171875 0.20801406087102783 0.1109375 0.13006142126547413
0 0.66796875 0.5624406879012703 0.14375 0.1868841655834313
0 0.7609375 0.5828134634688156 0.1234375 0.1537171095770768
0 0.5078125 0.9242126160698987 0.121875 0.15157476786020255
0 0.40234375 0.9229424194387501 0.1125 0.1541151611224997
0 0.33125 0.8846882402574721 0.128125 0.12098643019392767
0 0.20078125 0.8316296497551188 0.115625 0.145768241882325
0 0.2296875 0.6751029602256999 0.109375 0.15972164772652384
0 0.103125 0.7721125535707225 0.103125 0.11586255357072232
0 0.14765625 0.7502335994308071 0.1015625 0.16583528003177223
0 0.1171875 0.6262642654212754 0.0984375 0.10796823295387128
0 0.03828125 0.5686369517042833 0.0765625 0.11227390340856669
0 0.28671875 0.7604734443973873 0.1140625 0.11449096834337488
0 0.71796875 0.7922196911476812 0.1109375 0.0988114212654743