0 0.5016904325714961 0.09246214224443398 0.13721269970043756 0.09747186068413449
0 0.7418690224197754 0.0881261748304977 0.11103283697334128 0.10107702174882985
0 0.7842162769617033 0.17983883095227715 0.10245506242753404 0.09138368676785787
0 0.8367675789282556 0.2610132350968903 0.12742311151914834 0.1110886917107738
0 0.7249860875530694 0.571578003385679 0.17726361485312836 0.13024986859279988
0 0.6896708566388648 0.7085023418266921 0.1357457945496865 0.11765702669174587
0 0.8947085272515671 0.5241724682909763 0.11154302000387943 0.10732702174882984
0 0.8560450267925255 0.6448815577205725 0.09840529121570682 0.09900518577927464
0 0.456682755580698 0.6533678087463368 0.19065643515657005 0.14169670456235509
0 0.4655000330014431 0.7456680552862957 0.15593074879205204 0.11692219764227278
0 0.06844807809476058 0.6518569772625871 0.13689615618952117 0.11730419961943923
0 0.055182610142022546 0.5555059006845721 0.11036522028404509 0.11398819863085592
0 0.054520789234606806 0.4738102317112112 0.10904157846921361 0.1280215237259963
0 0.06843158688875225 0.3315590647150169 0.1368631737775045 0.12454369665368965
0 0.21561005604943828 0.2871021160841609 0.17911315727678295 0.11475220258518863
0 0.09354347953707871 0.21810405977210098 0.10704696757828502 0.07132585475263546
0 0.18466281605137796 0.2369721234985347 0.1263071506088232 0.07833985870696816
0 0.23710203196267302 0.17643653011460578 0.1250953369733412 0.10165002471457937
0 0.1196441096829806 0.3657629683653384 0.18539485030926076 0.1726283695813831
0 0.21518129754531073 0.7979149406850097 0.15813097758022468 0.12479836463846716