0 0.874037984580102 0.2425769655459665 0.10217155405833438 0.10527837334017516
0 0.9013004422292326 0.36304400165031997 0.12711701190385655 0.09604881908544911
0 0.9056566650036736 0.44041047754801904 0.10053633118569749 0.09276928298109546
0 0.7181349808676687 0.7041542940993853 0.17265677088084708 0.13537493949875792
0 0.6453656222600207 0.8185707972226434 0.13507495764913066 0.12109427088084708
0 0.8862264507152435 0.7262252577004442 0.1146988251355733 0.11003859621281223
0 0.8141701644144984 0.8289275560032421 0.09590337334017499 0.10211701190385654
0 0.4531048785065366 0.6705822282353902 0.19617608411256365 0.14957379488495234
0 0.4309531434354554 0.7571691680287357 0.15545109016268785 0.1321499455488823
0 0.0833413034691592 0.49421815349260034 0.16168290944452862 0.12906130698520074
0 0.08821463494944423 0.39190621974937895 0.16323631908544903 0.12750789734428025
0 0.32282039734428025 0.16437261397040126 0.11637040944452863 0.1287976865718917
0 0.18080106898725318 0.19245164129415604 0.15855790944452863 0.12904312626704137
0 0.34035333098930576 0.22384760792027705 0.16951359016268785 0.1322317587805987
0 0.24119769262201593 0.09983741529826112 0.10993860226293625 0.09751132513557323
0 0.5033022620020525 0.033395845623636906 0.1002727107723885 0.047456782981095534
0 0.3811368913923519 0.11705725243588691 0.08961701190385671 0.09583065046753822
0 0.4884812378997516 0.03721573721238054 0.09256020472226431 0.06459883118569745
0 0.25474762909571175 0.28037888817089807 0.12253859621281213 0.11477154800821018
0 0.23071679409938528 0.7153806020665445 0.11943177693097136 0.11787836729005097