0 0.559854870687917 0.11953125 0.12531164976444414 0.075
0 0.7935955921770373 0.1625 0.0977334539114814 0.08125
0 0.8199346253060653 0.26328125 0.09093664976444416 0.075
0 0.8574551662107878 0.35234375 0.1139052580585183 0.0875
0 0.6965991213000475 0.64609375 0.15874886635259244 0.1
0 0.641571285767409 0.775 0.12253796427907382 0.096875
0 0.87062238166764 0.63046875 0.09855366013203692 0.090625
0 0.8129869559842143 0.74453125 0.08550685598500003 0.084375
0 0.4253885026383809 0.67421875 0.17363157257314796 0.109375
0 0.4186805899144459 0.76875 0.14257706220555538 0.09375
0 0.05651189330794034 0.5953125 0.11302378661588068 0.0953125
0 0.05151132648423654 0.49140625 0.10302265296847309 0.0875
0 0.05915507577717673 0.41328125 0.10644407257314795 0.109375
0 0.09299141649361163 0.2765625 0.13917866013203686 0.090625
0 0.24826467686120424 0.2609375 0.1766786601320369 0.090625
0 0.1478435947689355 0.15859375 0.10363213939685174 0.059375
0 0.23165266677643553 0.20078125 0.11484304147037021 0.0625
0 0.28283374943435213 0.1515625 0.09460845391148132 0.08125
0 0.19231818176217655 0.32890625 0.13421775805851838 0.0875
0 0.16925678835930702 0.77109375 0.14298716531583314 0.0984375