0 0.10991082180708371 0.4622619707705402 0.20076502583555564 0.10577394154108041
0 0.19581913953010485 0.832481194048363 0.09422408510611122 0.09018238229073816
0 0.14236487157833394 0.7161598605831259 0.10799564437666671 0.07809155925034225
0 0.11169479340607694 0.6395375246106062 0.12372974715020839 0.08323370031656907
0 0.25647473765090306 0.3525412929530063 0.16181162860909729 0.10932483887551356
0 0.35901589656086824 0.22982887015003728 0.10886846656500015 0.11559155925034234
0 0.06548671494947947 0.3649406898917279 0.10636040919430563 0.07492109514371963
0 0.1477699252462155 0.243980983702664 0.12104115824437511 0.10189277210332373
0 0.32980182845659745 0.28284857007089503 0.1565071859797918 0.1497679824490227
0 0.5251318590418057 0.25574181545204144 0.13561280452090294 0.1241769490629279
0 0.9305460576550348 0.5558210011206273 0.13890788468993023 0.10905205423577743
0 0.7628786997505909 0.8099448968057075 0.11682643692972228 0.12206887978345585
0 0.9038842530372229 0.7633008805083715 0.1334684230620141 0.09913148495630537
0 0.7149490396063548 0.7632684736070271 0.1651912017473613 0.120353267088759
0 0.8547401978507299 0.8657068149898229 0.0989479526972918 0.09188127461060631
0 0.6098842523716328 0.978813254090128 0.1021807490500695 0.029517666930474463
0 0.7097550061713548 0.8755411530739137 0.09571384992375016 0.08710284639736088
0 0.6347569658025008 0.972302869325361 0.0934967332825 0.05539426134927794
0 0.8036829248649658 0.6846553917911427 0.10886846656499997 0.11559155925034226
0 0.922735517286181 0.7405908062143345 0.1545289654276381 0.07664873119538136
0 0.872052371578334 0.737391598375918 0.11482752583555537 0.10327341567683312