0 0.6234289305217675 0.1436810052717105 0.13177724082661796 0.09291597727182857
0 0.8512181081166688 0.22421180518898493 0.10210792154477702 0.09552278003177213
0 0.8737067073545429 0.3300623847342897 0.09423178903121965 0.08444891233702041
0 0.9031447433607006 0.421973195204871 0.10837610226293641 0.09875687418757342
0 0.7351952158405541 0.6908890162287591 0.16630677693097126 0.12007849512873606
0 0.6726321042078439 0.8132219379012703 0.12721700585373252 0.11470915665497756
0 0.9055668031745716 0.7040180819743462 0.10528746369925486 0.1049523271096728
0 0.8327565379510652 0.8105487256436801 0.1099931444174139 0.10815914772652384
0 0.46719010440423564 0.6799616042987757 0.18359427088084707 0.13756600405718977
0 0.4528781404103933 0.7711087556787476 0.14753859621281204 0.11662621266133186
0 0.08200606244614965 0.5341898137169923 0.15846700585373247 0.11525462743398443
0 0.0798526891059745 0.4326000401780418 0.15216246369925476 0.10577053327818291
0 0.30737213846548567 0.0639530004037418 0.11766928903121973 0.0848580154212755
0 0.15442492134838534 0.22611030681713334 0.1396897347764936 0.11023984496658024
0 0.3099663942210223 0.24132402394269215 0.17883404800821018 0.12498418344033872
0 0.20463347872636942 0.12855919683301936 0.1052329215447771 0.09557732710967279
0 0.34995052390590925 0.13187688595540098 0.0802147408266178 0.09201595048646735
0 0.44395907825883124 0.04368318506189655 0.09572156615858277 0.07197618587597074
0 0.23537091520006528 0.30954614407307585 0.10841246369925477 0.10500687418757346
0 0.23943780912649998 0.7400421676120261 0.1021897347764936 0.10958528003177204