0 0.4325737301079071 0.846447080640799 0.16406604869945843 0.2724594943004167
0 0.11427196915085842 0.7304888934267362 0.1002648271096728 0.10697865824437507
0 0.2065918827056948 0.7849601475107988 0.10939436525911975 0.09313436379145834
0 0.28018906979948155 0.8405574905006947 0.09393300649282174 0.10214568787965277
0 0.60035551947517 0.7949060304882991 0.13425008928453738 0.17492987765916687
0 0.7344168737772411 0.780064893329827 0.1226580243497292 0.13717530452090293
0 0.5455294719902322 0.9578170724726739 0.1188511858759707 0.08436585505465218
0 0.6700112747501757 0.937876086909063 0.10646028003177221 0.10399912860909737
0 0.6819428900125908 0.5476874980032298 0.1534637394466932 0.20192878875333342
0 0.7665360783241935 0.5621513479269798 0.14335235389503395 0.15952308320625014
0 0.6824869918823252 0.1314630859591325 0.1342228157455871 0.1733673776591668
0 0.582613676947517 0.09165374391916715 0.13085235389503397 0.15923214247680567
0 0.27221373944669314 0.2046927256830558 0.10813187418757346 0.11028549620027786
0 0.37230742248329013 0.07816855290538226 0.11961484496658023 0.14179006933854177
0 0.32070183238467853 0.25345818721406277 0.14214440990138844 0.17979921561506956
0 0.2516227755675452 0.0987875645888891 0.09250687418757346 0.1099218202884723
0 0.08177174593951494 0.3002195119678473 0.054925053570722436 0.10436149810013892
0 0.20940977637832411 0.2305635882402432 0.10352619480442452 0.11486389342673622
0 0.09306775608578466 0.2762735189017015 0.06734323295387142 0.09996493882958335
0 0.42410747605401256 0.18245731582316008 0.13474892126547414 0.11402874525034737
0 0.8176916550301245 0.36108046361829926 0.11128414772652384 0.111920731382639