0 0.9166314254536019 0.48238702232772485 0.07581813231716553 0.1419341298696164
0 0.7718699339396131 0.12166948498905687 0.09273292154477701 0.09535913879807008
0 0.8431313347017388 0.22588365219734124 0.1051511083130606 0.0815148271096728
0 0.8622398830045366 0.298198982960462 0.09423178903121965 0.08444891233702041
0 0.7619979467272325 0.6100734659143334 0.1615920058537325 0.11530917451188501
0 0.7268548113850049 0.7427047337712409 0.1240556444174139 0.10840460957707698
0 0.9262467990883646 0.5751784943245477 0.10526019262201594 0.1002648271096728
0 0.8903905914392342 0.6961046489509304 0.08648292154477702 0.0952500446422686
0 0.4999792148776051 0.6662042836885154 0.18824540944452864 0.13139782467404082
0 0.5049298144100669 0.7551713263021892 0.14443177693097126 0.11969666558343128
0 0.0924530611886131 0.6241039273545541 0.15688632513557324 0.11210235389503395
0 0.06970292506081849 0.5276653039777596 0.13940585012163698 0.10404439204448082
0 0.22284610577897773 0.2320237471606262 0.10847609621281214 0.11594437418757346
0 0.2824216145595765 0.062250989449988456 0.10817611436318479 0.06438187418757346
0 0.2694620305452086 0.275736790992116 0.1663340480082102 0.12476599512873605
0 0.12853756957642837 0.19539254626712177 0.10048178903121974 0.08455800649282175
0 0.2669779008603217 0.16563508807001667 0.08019656010845858 0.08889095048646736
0 0.304282979020957 0.06421290990468372 0.08781816256778666 0.056214818181219026
0 0.17968593735745864 0.3999476327122854 0.17575449980360824 0.13274213636243815
0 0.296190618664793 0.7838123437520597 0.09904655405833437 0.10640573295387146