0 0.577106502890975 0.8618038749421995 0.1574658593866783 0.2685530054270668
0 0.26677047042598623 0.8751548874938141 0.10465757485477489 0.1052407779283044
0 0.3935534483000797 0.9199871099041943 0.09110449710451593 0.11544129353213606
0 0.460595399085868 0.9203832575747736 0.0966267510334573 0.10014384215265508
0 0.7265542311793531 0.7574107033000449 0.13761993217453855 0.1771091338757694
0 0.8397220111631425 0.6939800463572114 0.12330056699689215 0.13739153663473136
0 0.7475495895325741 0.9237317441186479 0.1130522717116218 0.118150213703953
0 0.850743056034128 0.8636750706674711 0.10592897642635143 0.09907266508343397
0 0.6983413782028158 0.5197911945936177 0.1410702638537389 0.15079229534115868
0 0.7757728653825342 0.475529939505235 0.13994441149637388 0.16008540818602893
0 0.5123052549623986 0.10634176899473424 0.13086050992479734 0.16584408525525043
0 0.41152400496239866 0.10106004748886524 0.12275691149637394 0.15918464947960165
0 0.18797315074300705 0.3044429177969673 0.14368584160399783 0.14001856965141818
0 0.09847184904759597 0.2568884871097012 0.07976889081820959 0.13978619629109834
0 0.24469833974197103 0.35105896822650867 0.1375471575674326 0.1755466338757694
0 0.1176927299410081 0.234515520126388 0.0971361732831983 0.11108134215265535
0 0.05202930438149822 0.48124335594746526 0.06446922249741002 0.11248671189493056
0 0.13666966997342941 0.374233117367426 0.09782537799792804 0.0924132293077852
0 0.05304384077542836 0.43609463025772477 0.07028257485477489 0.10343926051544958
0 0.32904760690547885 0.23779872964646936 0.15019270678164426 0.17932673111680747
0 0.7323545434232435 0.2628318656699454 0.11937504631872749 0.12004026232447193