0 0.903959970376366 0.6497027288900912 0.19208005924726806 0.15225579545304768
0 0.9060361045950319 0.2694112568932683 0.11513296312533612 0.10656937418757347
0 0.9380348675844822 0.3924902467469985 0.12393026483103568 0.09894778896022585
0 0.9426102480323639 0.47154650121122543 0.11477950393527223 0.10692393019392785
0 0.7603233109351043 0.7186594602224047 0.18595891535490913 0.13745690990138842
0 0.6392456224512861 0.8172042800284768 0.14377141535490914 0.1367205243497292
0 0.9451037764446664 0.748535695204871 0.10979244711066727 0.09423301542127546
0 0.8489701837153664 0.848175410708872 0.14769409084927707 0.12586484496658024
0 0.6750849334632649 0.7717923685022352 0.1919246920901143 0.1781364569792892
0 0.47499209831397116 0.755814992286067 0.16328623986054142 0.14798530681713337
0 0.11768343480064727 0.3773767520285949 0.1765839153549092 0.13729326866768635
0 0.33803486758448215 0.16976266964062106 0.14577095792955622 0.14299779788867956
0 0.18923673466476126 0.18433190990138842 0.15506954827463013 0.11975121266133196
0 0.3770152401126429 0.2250638242670037 0.1930830005042031 0.15006600405718978
0 0.2563917476542115 0.0957700162320544 0.11992972376899795 0.10821369480442448
0 0.5200993325514038 0.0395099281620377 0.10484031930985208 0.0486477800317721
0 0.4022887556999832 0.11782406858496083 0.11491444183801285 0.10344437418757346
0 0.4953178538387273 0.042198551538832264 0.10626070767745457 0.0689602800317721
0 0.27006575360629625 0.28015865300152953 0.1395209579295562 0.14288870373287824
0 0.16304022142320948 0.20026087296975748 0.18199268119435102 0.10305463636243806
0 0.21413282785982685 0.21675862621616834 0.14478761213660057 0.12893529788867958