0 0.5527516122989855 0.15845354666671893 0.10713786473976086 0.25289004689043354
0 0.8479049879258062 0.1415448535059074 0.09179034639736088 0.10049875269929238
0 0.7402803560307794 0.08967654541731908 0.07974498746358769 0.11517655933798816
0 0.668024922802969 0.061600642834528395 0.0819439849563052 0.12320128566905679
0 0.3618849198999752 0.20799529584152637 0.10624530298213611 0.16863344606059655
0 0.22413721582248236 0.30729932406062793 0.1190802721033238 0.1275115385920637
0 0.4008888985880742 0.03614729709092619 0.07634720282385157 0.07229459418185238
0 0.26772940610992163 0.09508274397671534 0.10386444906292791 0.14039004689043355
0 0.28336746331519985 0.28098435517951453 0.14990437476889076 0.16882362282516128
0 0.22538616409398743 0.4787007273799758 0.1257849131695506 0.14361013527271585
0 0.4644914988793728 0.887763460983729 0.11217705423577744 0.1581695427412484
0 0.7432339274883295 0.7115156566201183 0.12528480799670091 0.12642263527271586
0 0.6768012822654677 0.8514078734266392 0.0976144490629279 0.13991645020978147
0 0.7041092430068779 0.6630315350443569 0.12200669530200407 0.17450493776222675
0 0.7858185810909687 0.8018320806853906 0.09192673871722903 0.10518625269929238
0 0.9332404650310595 0.5575824053707183 0.029472202823851747 0.10201278589277152
0 0.815555208367142 0.6639409943777006 0.08673913354437923 0.08764355518880329
0 0.9263312354850306 0.5807122520513704 0.060540346397360875 0.09813076929603178
0 0.6109155209826966 0.7581799369138122 0.12331313103709682 0.11224173610255281
0 0.7443895990376573 0.8057509086947107 0.0677738363682309 0.18598596680652085
0 0.6493355118114965 0.8308828084895736 0.1079154515702104 0.11887024440092268