0 0.5168411673413645 0.8774916574014252 0.11232832493918146 0.2397079154946528
0 0.1915976684215191 0.16607847619228663 0.09272383118569745 0.09272383118569745
0 0.3038476835468296 0.12245522033855416 0.08194995764913057 0.12078519867214013
0 0.3803283703151131 0.10794729274365289 0.0833397408266178 0.09110678903121974
0 0.6702635447867564 0.2562655763139236 0.11656130698520073 0.16161018657189175
0 0.7940282977136226 0.31179743794663384 0.10696813836728972 0.12405564441741398
0 0.6661567860061577 0.08753375703208285 0.09904655405833437 0.10526019262201591
0 0.7797698341125636 0.14390595599881056 0.09112496974937905 0.08646474082661779
0 0.6765009510098312 0.5226445552366847 0.1276260720123153 0.18354881908544912
0 0.7664083335233884 0.5330593595896067 0.11488972267624539 0.14285109621281222
0 0.558474676318355 0.9163132628858154 0.1102749455488821 0.15532382513557294
0 0.4569439925751337 0.9223728862259903 0.10399767447164336 0.15059996369925485
0 0.18625826697202225 0.7255034731672245 0.0881726865718917 0.11613406010845857
0 0.2448661733914888 0.8618858798812787 0.11178290339440444 0.1459579154946528
0 0.2502571344584649 0.7141932684449601 0.11022949375348405 0.1475113251355733
0 0.14379403190094103 0.812472208041914 0.08651928298109554 0.10049996974937905
0 0.1390651044042356 0.6710886839396131 0.08795451795398089 0.07863406010845857
0 0.044728776243600284 0.5708528554843901 0.05361587939029936 0.08468407220870695
0 0.32006564041039326 0.7614449974659172 0.08822722872636941 0.12550906010845858
0 0.754304285024199 0.7354803776417835 0.1053238251355733 0.10998405405833438