0 0.7699169288262556 0.08293318230413765 0.11060284200867017 0.10765985253201389
0 0.6480573393778343 0.06471749896693071 0.10268392619541977 0.12943499793386143
0 0.5704860762236545 0.06397659790562657 0.09801183674699843 0.10536931043863909
0 0.3166539628859484 0.268464489759005 0.1443855787839034 0.179701452503779
0 0.20608746018452528 0.34859087649188586 0.128138952503779 0.14138240514873238
0 0.2857771472562246 0.10172431079157493 0.11601838410204497 0.12043286831702944
0 0.1868838919239656 0.18038690806191698 0.1055513209619828 0.10113683674699833
0 0.36411060473932677 0.5314426318947321 0.1598131577089811 0.20395799985882554
0 0.2787114310335686 0.5591496739175197 0.14025952090551302 0.16233194198043535
0 0.5582440964938831 0.8901365504799926 0.13749854195220051 0.16839993145709187
0 0.6618318280780316 0.8786159505788149 0.13602704721387227 0.16987142619541978
0 0.8769962835655825 0.6293461797438888 0.1348593893637169 0.12308743145709151
0 0.8563715123777207 0.7732172770848181 0.1373165314288567 0.16527493145709168
0 0.8158844783180281 0.6164436323182552 0.14107856826055984 0.17639444198043536
0 0.9457910571725187 0.7068649640153432 0.10324536831702957 0.1150173262236546
0 0.9864740037344923 0.4411419825017817 0.027051992531015402 0.10273015785015556
0 0.921239836252888 0.5679767692628974 0.10049979991529553 0.09461382096198286
0 0.9803566589891055 0.4554774982867973 0.03928668202178898 0.09591871572854575
0 0.7655575256024876 0.7079555691076058 0.12410389988706054 0.12557539462538864
0 0.3310306071584012 0.7575647871140516 0.12401289462538863 0.12401289462538863