0 0.109375 0.58671875 0.09296875 0.1125
0 0.16171875 0.81171875 0.084375 0.0890625
0 0.275 0.86640625 0.07109375 0.10546875
0 0.35 0.89140625 0.071875 0.10390625
0 0.64609375 0.75703125 0.09765625 0.15703125
0 0.775 0.696875 0.10859375 0.16953125
0 0.62109375 0.94765625 0.06796875 0.10390625
0 0.74609375 0.878125 0.08828125 0.0875
0 0.71796875 0.69609375 0.13671875 0.1375
0 0.75703125 0.503125 0.11171875 0.1265625
0 0.4859375 0.075 0.1 0.15
0 0.065625 0.290625 0.05625 0.10546875
0 0.26796875 0.265625 0.10234375 0.1515625
0 0.1703125 0.153125 0.08515625 0.09296875
0 0.04140625 0.3890625 0.03828125 0.103125
0 0.1546875 0.3203125 0.09140625 0.140625
0 0.05 0.3421875 0.0375 0.09453125
0 0.346875 0.22265625 0.08671875 0.109375
0 0.29609375 0.15625 0.07578125 0.10859375