0 0.12085592946154022 0.5379658299523419 0.18221877872743364 0.23419554220663663
0 0.2134789850620305 0.8906759983784422 0.11060284200867017 0.10338982710967279
0 0.14205057707070068 0.790463538556484 0.1208122999152954 0.09108074188232518
0 0.11453179279924648 0.7269465093354908 0.11327281570031093 0.09563187418757338
0 0.20372017932036587 0.38823283685220067 0.1728900103821694 0.15442622158978575
0 0.22396333183826234 0.2684697617711228 0.1414734104104042 0.12422052434972919
0 0.0352340317817926 0.47338690706201464 0.0704680635635852 0.0969761858759707
0 0.06715261874055245 0.3344238185882561 0.11409186305535757 0.10969437418757347
0 0.21917857934860074 0.417620327923747 0.2037605787839034 0.17525691882984215
0 0.4451781791791916 0.23573157954860005 0.16444047355046645 0.14335235389503395
0 0.8986385661944212 0.40966258848034903 0.16031441567207594 0.12611030681713337
0 0.7413750138600512 0.7245899334469292 0.112347352532014 0.10654210064862327
0 0.8926483584995575 0.6197097443245477 0.1473593893637169 0.11807961850553053
0 0.7282449532802379 0.668626305605908 0.13972889988706055 0.12106825081077872
0 0.8641299743975125 0.7341540738698524 0.11538134727034191 0.10503414772652384
0 0.6485141377211013 0.9119592942418222 0.10438366311182748 0.05021028003177221
0 0.7317123165473569 0.7832927776027307 0.09617632096198285 0.09689436525911983
0 0.6662476692911323 0.9022842853133686 0.10225972099021767 0.06734323295387128
0 0.7825599979338614 0.5802671891289722 0.13972889988706072 0.1210682508107789
0 0.6576928607068704 0.1781706753292545 0.11409186305535765 0.10969437418757347