0 0.09929063875258907 0.25881263526550946 0.10505457694917478 0.10710194183801285
0 0.2010738827621393 0.17843708439298925 0.09655259618646843 0.13144637797604236
0 0.2710515660645836 0.13847336607187288 0.09406251324684387 0.10477461733238061
0 0.588318422417853 0.1809733144430481 0.13563494355406328 0.17938113342392398
0 0.7219568124363864 0.19267064908813888 0.12177085099579195 0.13944454827463013
0 0.5447470156090967 0.0413578834623613 0.11174108656782167 0.0827157669247226
0 0.667311496371803 0.0447180122331456 0.1032738221398514 0.0894360244662912
0 0.657522257086758 0.4309790322599613 0.1505158990890262 0.20380197921687965
0 0.7463218622589013 0.4099620558930733 0.131855179126093 0.16041261213660046
0 0.6361680352249085 0.841626955156439 0.12911212504240907 0.17113159084927707
0 0.5350221974759605 0.8814321363507902 0.12738593393541642 0.16633483020561535
0 0.2368798525554364 0.7822615708993359 0.12736608656782158 0.12113159084927716
0 0.3163813248806222 0.8936036264634332 0.13045637023308557 0.16499085149293863
0 0.28522807251836946 0.7367962515894838 0.13229168874473984 0.17291261213660042
0 0.20763380745742702 0.8832831215197545 0.09902283175849821 0.11291489926336595
0 0.04552322097442344 0.6826379013570528 0.047242076949174774 0.10305929802252863
0 0.17013878585788064 0.7518581588986214 0.09675100362819707 0.09249313861970414
0 0.055270243206942016 0.6936464571732515 0.0657192584375205 0.0965579257464693
0 0.3721080244251353 0.793068394900765 0.12117065027015243 0.12225704827463027
0 0.7838962402117171 0.6060668775487139 0.11815477767481415 0.12516352698730665