0 0.56953125 0.34140625 0.10703125 0.21953125
0 0.16328125 0.81171875 0.08046875 0.0890625
0 0.27265625 0.865625 0.075 0.103125
0 0.346875 0.8796875 0.07578125 0.0890625
0 0.62578125 0.71328125 0.153125 0.140625
0 0.77578125 0.70703125 0.09765625 0.11640625
0 0.63203125 0.94765625 0.09609375 0.10390625
0 0.74765625 0.86171875 0.09609375 0.10859375
0 0.67890625 0.509375 0.12109375 0.2125
0 0.759375 0.4859375 0.11484375 0.134375
0 0.57421875 0.0984375 0.07109375 0.196875
0 0.48203125 0.06953125 0.09375 0.1375
0 0.20546875 0.2765625 0.09375 0.0890625
0 0.278125 0.10546875 0.09140625 0.13203125
0 0.2625 0.2953125 0.103125 0.15546875
0 0.1703125 0.153125 0.08515625 0.09296875
0 0.0453125 0.4015625 0.02421875 0.090625
0 0.1515625 0.29765625 0.08046875 0.09609375
0 0.0484375 0.371875 0.046875 0.090625
0 0.34921875 0.19765625 0.1125 0.0875
0 0.76796875 0.271875 0.09140625 0.090625