0 0.5150046534151572 0.8550412136624072 0.13121481818121908 0.09505343671876361
0 0.7543944358825614 0.8223674086266144 0.09845686525911983 0.0962673262236546
0 0.8021927820669574 0.7220265034072948 0.09360572402541782 0.08661931043863902
0 0.8536246428618505 0.6370830850337956 0.1063511858759707 0.101409852532014
0 0.7612867329571668 0.33808341388828617 0.1644636948044244 0.12196454721387226
0 0.7316010073068959 0.20557402175255907 0.12531937418757338 0.1150019156720761
0 0.9279151254086848 0.36037710088939834 0.10487050649282174 0.10600634727034208
0 0.8839623482162864 0.2404055061087179 0.11432732710967279 0.11123987884037315
0 0.5005771038983292 0.2955142952183209 0.18195120373287815 0.14015310509226264
0 0.5100123794658745 0.20209051890996169 0.14568642126547413 0.11930998407381013
0 0.09283674188562044 0.35984616588383755 0.15813187418757343 0.11691302616718487
0 0.06976920901117928 0.4621290027014231 0.13953841802235856 0.1007419945971538
0 0.15639331250576674 0.8322224238469325 0.12170345048646736 0.08669490514873246
0 0.08336668993975108 0.6788236790380171 0.13930005357072245 0.11113346302712265
0 0.2376041765470705 0.6955954081325041 0.17704551542127547 0.12738008930724726
0 0.10803367898270247 0.7858703395895958 0.1031443652591197 0.09654034200867016
0 0.3272904192434698 0.9229475924321932 0.10073638555165924 0.048011836746998424
0 0.24885354789527012 0.8112281134082935 0.07808981818121907 0.09195925782192056
0 0.2907898575550726 0.9125862160814817 0.0917704886359143 0.07090330517696727
0 0.18362183441986402 0.6136698449218547 0.10805005357072246 0.10931335779368574
0 0.2963862560890799 0.189558239759005 0.10029210064862308 0.1119833314853265