0 0.09041886635094036 0.3464391373473083 0.10854556576151389 0.11226504689043351
0 0.14740180317450036 0.20690396328203603 0.08839256242753395 0.09365675684847723
0 0.2577332674188055 0.16495510685312165 0.07780574879205204 0.11614706348717307
0 0.3361451809045063 0.1481004161911098 0.08188747091226496 0.09005816016782515
0 0.6260052931725607 0.29505180686241045 0.11249948424818453 0.1607025468904336
0 0.7512127162011591 0.3501322384008599 0.10631338606495574 0.12296574855010745
0 0.6233102121182732 0.12583986557569865 0.09827774545807202 0.10061715186945541
0 0.73738881651042 0.18243525292300697 0.0907522878817268 0.08451855518880329
0 0.6332287643746897 0.5628671915104263 0.12653003333979881 0.18039974025173783
0 0.7244436957382379 0.5721372929649633 0.11096893515657005 0.1419525468904336
0 0.5153570275414314 0.9400439062307437 0.10886430121764637 0.11991218753851243
0 0.406269069965086 0.9455117336153641 0.09897911818710821 0.10897653276927173
0 0.1386345151235957 0.7572833941957855 0.08421524545807212 0.09955155933798814
0 0.1944066698153048 0.9022183085127956 0.09234648091420458 0.14209425684847724
0 0.2093934252753166 0.7571426068531217 0.10226361485312827 0.13042305103961843
0 0.09909404087735092 0.8564779107925251 0.08577774545807211 0.09966995850815116
0 0.006952468701644075 0.6095059771794832 0.01390493740328815 0.10092388257342347
0 0.0941669090644591 0.7146097195058133 0.08724465060882317 0.07959425684847724
0 0.012644488246481456 0.6388858238601353 0.02528897649296291 0.09429537427505377
0 0.28595605421327047 0.8014622145314358 0.08915783697334119 0.10303175684847724
0 0.7118965430033828 0.7739957908903708 0.10529302000387944 0.11046574855010753