0 0.20395434342785998 0.4423981445548015 0.24435305674305985 0.14213981029746475
0 0.27556595282385155 0.11588041816173766 0.10920516693047429 0.10775085779368573
0 0.20299828252816504 0.19510591560148893 0.11674488229073816 0.09883088410204496
0 0.1733538981258558 0.275271557737216 0.1011198822907382 0.09792083148532651
0 0.23729334382357142 0.5964254918957307 0.17399509263643714 0.1364820735222315
0 0.2577004352063673 0.7348810471432852 0.13787573620994645 0.128138952503779
0 0.08032427830502292 0.5358079683593817 0.11724498746358766 0.11601838410204497
0 0.09717446067490339 0.6592377630835925 0.10143813103709695 0.1088583314853265
0 0.48754104790106423 0.6999123258707188 0.20280205423577743 0.16155766823232476
0 0.47673759171200036 0.7842950311465081 0.16025084138279588 0.14660052616718494
0 0.9041746184341776 0.7319777281062666 0.17256898495630538 0.14107856826055976
0 0.9294220416993649 0.6365056043863909 0.14115591660127008 0.13722552616718495
0 0.8253710391920827 0.3288457518543771 0.13993834138279587 0.14541745776545092
0 0.9365776606622681 0.4253783885872579 0.12684467867546373 0.12510495776545089
0 0.7701667136444043 0.3615070624341905 0.16636444906292808 0.14227704721387235
0 0.914305507059629 0.3028285544005084 0.11044941818411544 0.09690436305535766
0 0.7029862591712 0.11659710985982433 0.10301735141192588 0.055915342008670176
0 0.78249556591426 0.249135865050909 0.0762108105039836 0.0995897472985769
0 0.7299579361308042 0.13220669930824575 0.10025606426490725 0.0682333314853265
0 0.8356446126281899 0.4674910229010645 0.11636444906292773 0.13936487884037305
0 0.6854282816037282 0.8533844783180282 0.1205973079967011 0.12401289462538863