0 0.43038576400122563 0.8811098086012304 0.13340330517696727 0.0921158693507266
0 0.19030679557125676 0.8745347339672287 0.11023882096198281 0.09653064934754489
0 0.1481563639024036 0.7805580146403648 0.10049979991529541 0.09017156134627217
0 0.1013716401401757 0.6991267486473646 0.11032982622365464 0.0980931493475449
0 0.2029389293203659 0.38956029730268327 0.17575740514873237 0.12227608402290802
0 0.23971713445498083 0.2540676926320925 0.1314613735787013 0.11239200668363561
0 0.044847738337706264 0.4289875186585004 0.08969547667541253 0.10432496801399935
0 0.07485870292730204 0.30985571065404605 0.09139781570031094 0.09474997334499946
0 0.46847990031058356 0.3208899239338212 0.17786593671876344 0.13166926535645357
0 0.46695446864173035 0.22644048993477575 0.14377936305535752 0.10941245735199914
0 0.874790813492998 0.34192584587846014 0.16087585779368574 0.10804995202099903
0 0.8981912451618511 0.4361207412078694 0.15775085779368575 0.10801358935390812
0 0.8776974636624072 0.5198963045433238 0.10856990514873247 0.12149428668045381
0 0.8657449532802379 0.6714951672104148 0.14707096302712266 0.13911813868554468
0 0.7147361901260583 0.6771559158975502 0.12310284200867017 0.10292610001590834
0 0.827282421780794 0.7554798158816418 0.11521474729857681 0.0747283746817267
0 0.7490587112433328 0.7446792232256868 0.1321292315135615 0.0702408693507266
0 0.6930747507764589 0.807788297899459 0.09581229991529536 0.09011701734563582
0 0.6498491245669216 0.919934309237777 0.09858868942018653 0.057359061346272
0 0.6868030929968906 0.9288729572326865 0.03278167889684287 0.05347044533736352
0 0.6749335686134955 0.19435305390677698 0.10922235253201382 0.10588746801399936