0 0.5622977600291298 0.11710220657940529 0.08000105172849495 0.17580558344622807
0 0.17314668032481642 0.1804288856847917 0.09179034639736088 0.09841756784239583
0 0.2886185676301195 0.1379691480092636 0.07965405925034234 0.11026247060135783
0 0.3665760830695257 0.12092881218818632 0.07974498746358769 0.11338747060135783
0 0.6652683326738144 0.2891586702833582 0.13744983887551357 0.16633540818602893
0 0.7747820735026144 0.3707948518751355 0.11962584138279589 0.1435596494796016
0 0.6443661139483382 0.0932353386461524 0.07965405925034226 0.11026247060135785
0 0.762132623977468 0.18704064959114328 0.10340980799670092 0.12242827792830413
0 0.6340494249145401 0.31334312075832804 0.1469157670887588 0.16995173111680745
0 0.7433405422280905 0.5639749638154945 0.12578491316955062 0.14076219810012064
0 0.4363437668260614 0.9365084673219976 0.11213159012915472 0.12698306535600495
0 0.18554945962078317 0.749131298054692 0.11733591567683303 0.11847776232447202
0 0.22978152975818517 0.8962010498637145 0.10073944906292791 0.13788950361804453
0 0.2329616687128409 0.7062344691310198 0.12200669530200423 0.17176653663473135
0 0.12822504143666766 0.8368902476251507 0.0919267387172289 0.10310506784239593
0 0.020707164687554517 0.589465291723114 0.041414329375109034 0.10360967887824372
0 0.12158389951251103 0.6886607875392425 0.08889266693047429 0.10606629353213641
0 0.029020944114869975 0.6289781710763277 0.05804188822973995 0.0905298247398008
0 0.3305604312492533 0.8208911906368888 0.13432483887551347 0.16617163387576922
0 0.731932714635348 0.8215827459276701 0.1040463054894186 0.14430327792830405