0 0.5989910319512495 0.3110664242709502 0.12464585136685144 0.2348336798265045
0 0.2267193844493966 0.8154817049649321 0.09386616013203683 0.09613212523071261
0 0.34257812177272984 0.8788409029900339 0.0825964694628702 0.10939358883351816
0 0.4167770393976372 0.9100093622739027 0.08911987153638878 0.11291910703211556
0 0.7092687528282393 0.7990158096806956 0.11693180471268487 0.16442105027685514
0 0.8312032499535171 0.7275889975267645 0.12283049019805511 0.1430466980251019
0 0.6962587793128685 0.9669614666851244 0.0793347684261109 0.06607706662975125
0 0.8163669362873595 0.9309550269841289 0.09923716531583304 0.10424501387966068
0 0.7787617551373135 0.7319970928386877 0.16284989745537004 0.15648743676633484
0 0.8034221281343047 0.5432442759043947 0.1285336860510184 0.13719721622369896
0 0.5001065982093055 0.10429718768918547 0.1158381964186109 0.15192105027685518
0 0.24832735914254583 0.2544125994739762 0.12064327360990719 0.11804669802510181
0 0.29169806738935167 0.11968594848652714 0.10353368605101831 0.13559514342930995
0 0.293326792318842 0.30701596776485857 0.1265802067862034 0.16814682757475108
0 0.18948074797374972 0.1589708891103733 0.09427626324231464 0.10081962523071261
0 0.07772020763467517 0.391084877390181 0.0415613663525924 0.1021027205426357
0 0.1808951428372217 0.30058789019010745 0.09101456220555537 0.0990568661314141
0 0.08185134156490671 0.36726664558877825 0.06275286116879612 0.09569203423772618
0 0.37548588996249965 0.2338171020948699 0.10861216531583313 0.10484579117755652
0 0.5844514953818516 0.1803974151716515 0.1540011606976847 0.2506985117201923
0 0.33592652101800907 0.12795832587670813 0.11806507775694416 0.12409643892580316