0 0.5373183721772394 0.8432420211469097 0.11863344606059663 0.10996884108157481
0 0.7666282864942493 0.7590642402285157 0.10049875269929238 0.09616645020978147
0 0.8238865246713948 0.638987615953462 0.11517655933798814 0.0848504419114116
0 0.8658031827646274 0.5573581850397125 0.14318316016782512 0.08541912697434614
0 0.7233485313193793 0.28463384790683 0.1688702444009227 0.11688261452679143
0 0.6233862653473397 0.1687030398182417 0.11645563942190088 0.12223204274124866
0 0.9136891887879119 0.2841924495618596 0.11181476099766208 0.08148864357108562
0 0.8658222190816061 0.15732321885789147 0.11887024440092268 0.11309384108157472
0 0.6613113952214708 0.22175626222384004 0.16077432448483506 0.1535538203356503
0 0.47731582613522033 0.19996746305832142 0.11584033278320494 0.13461364357108563
0 0.05832902779489431 0.5293546906620119 0.11665805558978862 0.11941561867597628
0 0.2145805344196569 0.7970120968811447 0.10854805103961843 0.09988344606059663
0 0.07525884790683 0.7392140201212245 0.13740675684847725 0.09119553029369402
0 0.23198244458748213 0.721124103104922 0.13617614357108562 0.11595873195336796
0 0.1068622001865595 0.8346915408671489 0.10530465186945537 0.09808414772027056
0 0.3339789620094142 0.9332195161725323 0.11171967261537982 0.059732042741248395
0 0.24929815392082588 0.8308892667972321 0.08799875269929239 0.09521925684847724
0 0.27922060703039236 0.9280476867133196 0.09609467261537982 0.058548051039618444
0 0.16819355434038877 0.6506116161771767 0.1225872402517377 0.12114313942190087
0 0.07820717176696526 0.690054469706306 0.12682445435896633 0.09505423610255281