0 0.1546750208817562 0.5891619535737718 0.26401291469812277 0.1433812213682689
0 0.234578253373743 0.8998858893530464 0.1034920769491748 0.10407468775644091
0 0.15606636217408323 0.795762122052841 0.11393850362819706 0.09045785672980192
0 0.13561994211848288 0.7315577006080224 0.09869544954451306 0.10075868676785796
0 0.20855153294747378 0.41297879695770084 0.174841287293461 0.13662720258518862
0 0.2343377613479274 0.2794633014063251 0.13534227767481416 0.12253552768032891
0 0.05318573702723317 0.45573534684397005 0.10637147405446634 0.11239652372599625
0 0.07361602695702399 0.33393860129259434 0.09729664065150563 0.10538251977166349
0 0.439241026957024 0.34883667840208193 0.15474704210278442 0.14204953163466164
0 0.45493300354337907 0.25793976437163707 0.1577629146981227 0.13905186562705038
0 0.8774404314035277 0.36903902083460877 0.16993553248413776 0.1301862015966055
0 0.9084870455613455 0.46575219475088536 0.1572718413771451 0.12498936562705029
0 0.7864011921184828 0.7580750045229864 0.13755954210278443 0.1413491946765232
0 0.8755802540067151 0.8031739403022611 0.1387202488188734 0.08522652866891214
0 0.7266640935697617 0.7212169916714052 0.173278787293461 0.13656353558899426
0 0.8718104132625424 0.7991085228117751 0.10946925843752027 0.0965168557412186
0 0.6620658471131409 0.957987479808407 0.10999504809323427 0.06689302273741297
0 0.7367980070019401 0.8342899946371546 0.09077382213985138 0.09731535178688588
0 0.7040995796899456 0.9417059052075583 0.1025099303072194 0.07594968775644091
0 0.8068104397562301 0.5993048409868331 0.17215279691210778 0.14899986859279987
0 0.6651909464644701 0.21878305836358836 0.11804565027015243 0.11871019072219058