0 0.8715249011416827 0.4376486896714121 0.1400705375661609 0.18276291469812272
0 0.79541741000175 0.792928955913481 0.09737901878308045 0.09233632213985139
0 0.8478805182144267 0.67329601299239 0.1092423488211363 0.07714783175849824
0 0.8648398665412713 0.6017111896714121 0.10018568380210838 0.08463294954451292
0 0.7283226822820525 0.2952032732440089 0.16360619665368964 0.14769843393541643
0 0.6834969550194655 0.18910952986743085 0.12464185574121878 0.1104514050794759
0 0.9260452578714844 0.32496515119682484 0.10924234882113666 0.07714783175849824
0 0.846668117072744 0.205255341122691 0.10232118676785795 0.09875001324684389
0 0.7125730068829011 0.3371005965649866 0.18073002965749527 0.14673613466105592
0 0.4643821990879665 0.22484616634258528 0.14559102570316257 0.12678573320977707
0 0.06119353209177212 0.5357986015439461 0.12238706418354424 0.10965279691210786
0 0.23439899695988836 0.7953571069014236 0.13293451680591398 0.08421628729346117
0 0.08766325981146965 0.7396304404740204 0.13675985376405228 0.10151291469812271
0 0.23544684380385844 0.7313491706037546 0.1444450197716635 0.0986607332097769
0 0.13655440456454263 0.8416815245947713 0.10213018577927468 0.09406251324684396
0 0.37562488034425484 0.9480133370311578 0.1013370069200823 0.03630457694917481
0 0.2736087355911819 0.847817418789656 0.08312551779449713 0.08715774881887377
0 0.356284631332838 0.9440078833102934 0.0959146778706093 0.056398822139851035
0 0.17815560863260607 0.6631373731434925 0.10946252471457933 0.12084326805616748
0 0.24550486509557773 0.2356100846689051 0.09919618676785787 0.09864088584218218