0 0.2557935515742021 0.8333185471432852 0.11326763867708359 0.24065436305535776
0 0.8933551821800696 0.3032534886296102 0.10083776101791671 0.1088583314853265
0 0.7916822729857641 0.22555415188261194 0.09171733415618064 0.11924979991529536
0 0.7196975170018404 0.1831321624765428 0.09171733415618064 0.11924979991529541
0 0.3942266979476391 0.24453531015629043 0.15087543502986128 0.1804294945971538
0 0.2706807483844794 0.26620664185337845 0.12958101006798622 0.13705892619541976
0 0.46126546153100706 0.07445729956235955 0.0881559230620141 0.10031778939195168
0 0.32176785685760423 0.11470432601189313 0.11544577488562506 0.13311487884037315
0 0.4119597118153474 0.26897386803468076 0.16533797853284735 0.19843604195220044
0 0.25380629217180595 0.4797763181899725 0.13942878875333345 0.1579174577654509
0 0.45977449638770906 0.9344036340314578 0.12700152393569458 0.13119273193708453
0 0.7522503242756257 0.8442894703549332 0.12950827488562525 0.13393392619541977
0 0.6739642829568411 0.9466788799793232 0.11421058320625015 0.10664224004135363
0 0.7088990613578479 0.7918323282897932 0.12391289152687505 0.16169490514873247
0 0.7849920487244104 0.9437203229575342 0.10247299620027786 0.11207433674699843
0 0.949468203550313 0.7364068938489299 0.057124128609097366 0.10787268415851478
0 0.8254871493137508 0.806424720284346 0.09938436379145861 0.11345482622365459
0 0.939058033622431 0.7584261070172269 0.07104115824437543 0.10244173151356133
0 0.5920219923036465 0.8653846784027326 0.15734364057694455 0.1901685156438412
0 0.20604551187093806 0.7071508892931296 0.11486389342673622 0.10811487884037305