0 0.49140625 0.846875 0.09140625 0.2515625
0 0.16328125 0.809375 0.08203125 0.09296875
0 0.26640625 0.846875 0.0875 0.0640625
0 0.346875 0.878125 0.07578125 0.0859375
0 0.646875 0.7546875 0.09921875 0.15390625
0 0.775 0.70703125 0.096875 0.11640625
0 0.63359375 0.94765625 0.09921875 0.10390625
0 0.7453125 0.87734375 0.0875 0.08359375
0 0.675 0.4921875 0.11328125 0.178125
0 0.7609375 0.4859375 0.11171875 0.134375
0 0.5890625 0.08515625 0.09921875 0.1515625
0 0.48515625 0.06953125 0.09921875 0.1390625
0 0.20546875 0.246875 0.09296875 0.1125
0 0.278125 0.10390625 0.09296875 0.12890625
0 0.26796875 0.27421875 0.096875 0.11640625
0 0.16484375 0.159375 0.07109375 0.09296875
0 0.0421875 0.4 0.03046875 0.1
0 0.1515625 0.2984375 0.08046875 0.1
0 0.0484375 0.37265625 0.04609375 0.090625
0 0.34921875 0.2 0.115625 0.0890625
0 0.76796875 0.27734375 0.09140625 0.0890625