0 0.9301484223612263 0.6088336912908442 0.13970315527754734 0.11220020555093804
0 0.8685523847787033 0.23779167942784615 0.10677626324231468 0.09932352076024671
0 0.9187854135724068 0.35816518783080314 0.1211709539114814 0.08589769072219049
0 0.9290482617817123 0.4309806053212891 0.10269435598499968 0.08825868676785795
0 0.7944161494351376 0.7072990717094612 0.17431507775694416 0.12387253460041112
0 0.7417292297839799 0.8258143083635883 0.1362682736099073 0.11609452669174578
0 0.9631604844253697 0.7237556957394686 0.07367903114926051 0.11402269072219048
0 0.9152644746001837 0.8251006784392629 0.10535046427907382 0.10082235376405242
0 0.5299435463248598 0.691851849352609 0.20224458812453677 0.1405798735357159
0 0.52085080179148 0.7747770958925679 0.158084485014259 0.1341096976422726
0 0.12586305612680454 0.5399339333078167 0.1680650777569442 0.12361786661563343
0 0.11252443459041583 0.43196226581733077 0.15617067049962943 0.11223469764227278
0 0.33104282285597186 0.19798514973316989 0.11173716531583314 0.10263952174882984
0 0.15538800344036993 0.23675719517081487 0.14992067049962943 0.11198002965749528
0 0.34533906017930505 0.2546171517103363 0.17642438190398124 0.1301862015966055
0 0.2140610829407405 0.13327670950527087 0.1085342528747221 0.08382585475263546
0 0.4567769717719443 0.05130776239447073 0.1051167269557407 0.04476335475263546
0 0.35353368605101826 0.14363057216657174 0.11431536116879615 0.09651685574121864
0 0.43205037384546296 0.05341409045536046 0.10037043836009256 0.06169618676785789
0 0.24615855787023086 0.3221946294672148 0.10910018086722202 0.12588602076024671
0 0.30834123986874856 0.7482133014063251 0.11370976842611089 0.10739068874502422