0 0.40646101903413534 0.6040764678322061 0.11707036709365926 0.2571990385920637
0 0.8674409882925349 0.15917006138935869 0.09431360226293606 0.10397895020978143
0 0.7631307381943392 0.1022590557902813 0.08502041549465282 0.1173310551888033
0 0.689888680914551 0.07423006678794342 0.08503859621281204 0.12045605518880328
0 0.37834667203575634 0.2016977516503852 0.11971357806243947 0.1746233369323898
0 0.2427904462362532 0.2806892798694868 0.12265677088084707 0.14361013527271585
0 0.42628069886853187 0.03375600289978503 0.07868860226293624 0.06751200579957006
0 0.29155572004396657 0.08645310517951452 0.1054056383672898 0.1313702444009226
0 0.30290578962039494 0.2831621618182103 0.15250789734428025 0.17398471950581335
0 0.23781153386485832 0.4653602777948943 0.128934041958086 0.14877123195336797
0 0.4641497574248663 0.8894210493660113 0.11493517447164336 0.15864313942190086
0 0.7430974349215717 0.726939747076993 0.11788745764913067 0.12919243776222675
0 0.6766997543998042 0.86472501222384 0.1039249515990063 0.14531434523075965
0 0.7098218474893583 0.6747978292354981 0.12287493949875791 0.18111013527271602
0 0.7862883778381752 0.8197183203124283 0.09434087334017534 0.10866645020978147
0 0.9415263654433392 0.5791497520513704 0.04278746369925486 0.10632177759440165
0 0.8215087812325796 0.6718010385688419 0.09123405405833437 0.11155465186945542
0 0.9327917148776053 0.6040196974872671 0.06305451190385654 0.10004846680652087
0 0.5920752904059619 0.7797715169977248 0.14162493949875793 0.18253092531467202
0 0.20141899503003033 0.6805242591235624 0.1115920058537325 0.1209063410815748
0 0.7535076940949539 0.8167359528858519 0.10519656010845857 0.09543274440092268