0 0.5730100308754112 0.9110348337849125 0.10927863152302777 0.17793033243017503
0 0.2020094259035364 0.158874790252776 0.10478283697334119 0.10195200361804461
0 0.3228319799961207 0.12048507688750738 0.09799070303441741 0.11404256784239583
0 0.4030296630266588 0.11841132179912475 0.10411315727678297 0.11280761646291486
0 0.6629632881715908 0.30778251752439617 0.13708489606689528 0.17365658525525038
0 0.7763563663509403 0.37963094131425734 0.12464879788366652 0.13566526232447185
0 0.6843594113596689 0.14178570330004497 0.11361570303441759 0.1148614393936934
0 0.7870700810542874 0.20993591700399783 0.10583515394280311 0.09578389077317437
0 0.6270904636160852 0.5742330331282284 0.15487817394668238 0.20103795680654796
0 0.71253375603974 0.5944027702379296 0.13880689273291544 0.1566328595655099
0 0.4490942987532587 0.9324727425367682 0.13332216727872268 0.13505451492646364
0 0.3503379343591724 0.9347855150380052 0.11680434697528082 0.1304289699239895
0 0.12138311330682457 0.7140635792623566 0.12649834030732107 0.12020403663473153
0 0.0060994580957304135 0.6030774123699004 0.012198916191460827 0.10763543758467105
0 0.1789403928536016 0.6817733796918979 0.1417723960668953 0.17390224672063964
0 0.05303198390982872 0.7920790366347313 0.09760806576151386 0.10935506784239593
0 0.0715423520969369 0.6518225288328153 0.09920251666989943 0.09076884215265543
0 0.01696513302083981 0.551965291723114 0.03393026604167962 0.09768058344622813
0 0.264814506788646 0.8023934961548127 0.15542030788560607 0.1886198439616777
0 0.6696613745167121 0.8024266321782887 0.11792056576151388 0.11041960085908258