0 0.821881809751471 0.4628336149803218 0.2820362398605412 0.16114741553090178
0 0.7071790794493107 0.14002690458403502 0.11033620248167449 0.10913134727034204
0 0.7872329301859449 0.24039019660682265 0.12061813861970413 0.10039338410204497
0 0.8100969937958137 0.30604528868608 0.10510239926336595 0.1010458314853265
0 0.7413862905578346 0.6267981334667605 0.18305243664223259 0.14760158404557516
0 0.7178727448810945 0.7611353361117137 0.14445983020561534 0.12979245776545092
0 0.9008976843733187 0.5780406570031095 0.12505426634364483 0.11932539462538863
0 0.8789848435240417 0.7007046122788987 0.10408620248167466 0.10876732622365459
0 0.5103769551564392 0.6996308757860141 0.16452095792955604 0.14963452090551305
0 0.49700858782405855 0.7898463521084909 0.1659741972858944 0.14816302616718496
0 0.08021025691131473 0.6936806525178965 0.16042051382262945 0.13951606826055957
0 0.06055046186482852 0.5960020157144283 0.12110092372965704 0.1420040314288567
0 0.15707590060074816 0.30017284719975484 0.1474427185732179 0.15019596302712265
0 0.05206560853030431 0.36692146046687396 0.10413121706060861 0.13696792093374793
0 0.21644554676202085 0.3373613050357929 0.17981817599857094 0.14585707352223148
0 0.06947199379581373 0.26290879465362355 0.11603989926336582 0.1016828683170294
0 0.27055316459860457 0.10204543131591728 0.10694912252816077 0.060693847270342036
0 0.20478106310566577 0.2237237392648948 0.09739915990702759 0.10215330517696727
0 0.24874922041480332 0.11097311028334733 0.1046982076774546 0.07301183674699833
0 0.14468017138386852 0.4437863393072471 0.13617743664223267 0.14487142619541976
0 0.2873879333649126 0.8372541601986427 0.1253820482746301 0.12401289462538863