0 0.3213271964848038 0.4607352897448875 0.18729020290907378 0.1929140840455752
0 0.34818141993930934 0.8876163081607389 0.11406434523075956 0.10931335779368574
0 0.26025352221903886 0.7938655791368392 0.12429145020978145 0.10057539462538863
0 0.22102415624235486 0.73180519489362 0.11995914772027054 0.10498987884037306
0 0.24599438714681562 0.38822252388928485 0.1921194128671175 0.17452810509226263
0 0.2540651510442628 0.2669089660108945 0.1454094336130419 0.13291745776545083
0 0.08501118818643406 0.4901930895190086 0.10229805103961842 0.09773882096198286
0 0.10939311370159888 0.34595797113139204 0.12270563942190078 0.12070588410204497
0 0.2751024693053207 0.42026918444086336 0.2112246103776066 0.1803076682323248
0 0.4678074197155947 0.21914848726934338 0.16558022365499814 0.15275952090551304
0 0.9346266828880957 0.35650864824444495 0.13074663422380867 0.13566302616718495
0 0.8511493641258061 0.6801953191781929 0.1658636435710857 0.11544153142885669
0 0.9525026510442629 0.566073364043578 0.09499469791147419 0.12675846302712265
0 0.8384232985640405 0.6158065954865521 0.16501153859206363 0.12472552616718495
0 0.9559483436806208 0.6825629140294606 0.08810331263875852 0.11280237884037306
0 0.785906562885695 0.8754615875234573 0.10546967261537983 0.05747784200867016
0 0.847954431762164 0.7415878454865521 0.09952824855010753 0.10224431043863902
0 0.8023244682796354 0.8643042796450668 0.10520956348717299 0.07457433674699843
0 0.8732583946199928 0.5266762060522481 0.12665943361304172 0.13182539462538861
0 0.6733461020792368 0.1459707795744797 0.11766294191141177 0.11574536831702939