0 0.14713202558457733 0.57109375 0.1530605824314133 0.190625
0 0.781824471661171 0.14609375 0.10102010818516849 0.0890625
0 0.8321437228691189 0.25703125 0.11249974212409208 0.0765625
0 0.8482791637755648 0.32734375 0.10650483363936125 0.0796875
0 0.7080060105816678 0.6484375 0.17359648091420468 0.1359375
0 0.6577513058802603 0.76640625 0.12898561151914834 0.10625
0 0.9014688392200594 0.59453125 0.1059946506088231 0.0734375
0 0.8186886769423065 0.728125 0.12391547424624498 0.1015625
0 0.6939433816437139 0.61015625 0.19221893515657004 0.134375
0 0.4387940117896158 0.759375 0.14744856909549373 0.121875
0 0.05181836514299237 0.50703125 0.10363673028598475 0.1078125
0 0.2626761168099823 0.21796875 0.15076501666989944 0.0859375
0 0.0699063508286458 0.29765625 0.1398127016572916 0.096875
0 0.2055016034740628 0.28671875 0.10596269970043756 0.0921875
0 0.12128571332622122 0.1890625 0.10570760818516853 0.0890625
0 0.3694835815133294 0.0484375 0.10344373545613247 0.0421875
0 0.2585464683271911 0.16328125 0.08657497091226488 0.084375
0 0.34553589848279126 0.0546875 0.09872428454774687 0.0609375
0 0.1473226995312597 0.37734375 0.15315643515657004 0.134375
0 0.21838591694036688 0.7796875 0.10322033697334118 0.096875