0 0.512429729030361 0.5804159395690989 0.1661740647365729 0.2649580005042031
0 0.20803487510024637 0.12610975988735712 0.10914004689043358 0.10710194183801276
0 0.3284900076736698 0.08504808129089611 0.10009693361304191 0.13133711733238063
0 0.4064257535244849 0.07182717942964022 0.09640324855010748 0.10310285668871891
0 0.6681650464662263 0.22759730614517487 0.1409121103776066 0.17770937278026225
0 0.7811018317342977 0.28575437754871386 0.12557053029369386 0.13933528763096836
0 0.6926709068438328 0.05860573160110542 0.11465634108157463 0.11721146320221083
0 0.7938297425268228 0.11778562754871387 0.10386055103961844 0.09896165990702759
0 0.6292279879534307 0.4953146838691157 0.15506969875988902 0.20045845792955622
0 0.7169288974965559 0.5070555771803968 0.13636632033565022 0.1587408514929388
0 0.44660993918889735 0.8849831072697967 0.13227081618646536 0.16622556956195353
0 0.3451658383590604 0.8905225491078094 0.12602081618646538 0.16578852698730664
0 0.11252297218188374 0.6891996217718561 0.09817923610255286 0.12654035668871888
0 0.14585384520753764 0.8236403237493276 0.1334781186759763 0.16164733020561534
0 0.17753266554318797 0.6722199353817249 0.13141871120744356 0.17549130891829173
0 0.05341881408865103 0.771820733656355 0.10180114357108563 0.11280563861970413
0 0.07339053981824169 0.6313214197943846 0.0985810551888033 0.09082137797604233
0 0.01596392903964977 0.5294636248739492 0.03192785807929954 0.09666718639013112
0 0.23487064624715606 0.7257166399570865 0.10994553029369403 0.13824268119435104
0 0.6704646041306074 0.7100220400536316 0.12137993776222693 0.12505426634364483