0 0.624858713916322 0.6053741034945874 0.24077154535327186 0.15104785145940197
0 0.27149264465309153 0.09524076745316568 0.10743178668045399 0.10341710064862313
0 0.19146824264004667 0.19271183117015783 0.12140338001272669 0.09585006249917613
0 0.1500432639640471 0.2621709431828667 0.11827838001272668 0.09579551542127547
0 0.20866154925209462 0.594673751624853 0.1783806333545445 0.15933190990138843
0 0.2462422705681409 0.7213356631510945 0.14531359468490823 0.13688416558343128
0 0.044147799968183285 0.5140255438314898 0.08829559993636657 0.09382391233702041
0 0.07983656791059503 0.6570664318187809 0.1326317813494538 0.12104097727182861
0 0.23854904392109458 0.5769680543847967 0.18788290268936264 0.17043305113509036
0 0.4435530752307775 0.7475730604738766 0.15321700135263544 0.14483303327818292
0 0.9135308625875492 0.5667483855582498 0.16088405068427178 0.13246940097293453
0 0.7865438379615017 0.2698069760606031 0.17038632001908988 0.14357054220663673
0 0.9269501146165023 0.35327622078559734 0.13886360001590817 0.11958757142762995
0 0.7618523732893202 0.3108547159143334 0.15143632535009033 0.1260557597392326
0 0.9095091706317744 0.24110350325300148 0.11213746801399935 0.10506142126547413
0 0.707675592655955 0.06653770008602082 0.10534202800763595 0.05807732710967277
0 0.771827904638774 0.19195471145010654 0.11368178668045381 0.10352619480442446
0 0.727860823321137 0.0771206440796664 0.10083634134309047 0.07362050649282177
0 0.8159211606063209 0.4301990052815963 0.17970677601845358 0.13904668344033871
0 0.6660633272199598 0.823360444403978 0.12514654535327185 0.14902960957707673