0 0.12614508319545745 0.3844735074435981 0.11621710957707684 0.12875004631872766
0 0.19879383035608367 0.16382071319178512 0.09544095941492108 0.10124147642635144
0 0.3167938080349493 0.12638283333183026 0.08477619480442442 0.11635705417661044
0 0.39228868587597077 0.11350615177646435 0.08477619480442451 0.11635705417661044
0 0.6764024074657564 0.2906680810555187 0.11539099512873605 0.1708647717116218
0 0.7996274476437982 0.37368825040977555 0.12983532467404083 0.19339474317557448
0 0.6683602621748646 0.09826225723420111 0.08159664772652384 0.11308650496239873
0 0.7861438258918568 0.1825902154635875 0.09683981818121908 0.0919392510334573
0 0.7309768591700397 0.3314600550006708 0.130162607141445 0.21214474317557447
0 0.7637832252399384 0.5562438852321291 0.1210682508107789 0.13834337014004525
0 0.4566891144417502 0.9292273893704674 0.11840690097293471 0.1415452212590651
0 0.058479890823369664 0.6670269882131757 0.06917846834337482 0.11719180810555194
0 0.25689979991397915 0.7199829760120666 0.121559174511885 0.16646837014004526
0 0.15007882994575128 0.8164876408182096 0.09552278003177209 0.10592897642635143
0 0.04260370048317206 0.562465766749223 0.0550341477265238 0.11184933664159899
0 0.14921398497917102 0.6774979154253155 0.09694891233702041 0.0981892510334573
0 0.04728724634325674 0.6071789532669877 0.054788685875970744 0.097786836641599
0 0.3314282414719928 0.785903382546042 0.11616256249917623 0.12562504631872748
0 0.2735572402541768 0.8245805847795722 0.08173301542127547 0.12089900496239858