0 0.40303067532825987 0.594230617209931 0.17209823320977696 0.14451633225631966
0 0.15352676016680103 0.19357142809600708 0.09853175843752045 0.09440592306201401
0 0.10495779619431769 0.3081599517473612 0.11232143992586621 0.086920731382639
0 0.09530748848243661 0.38299629758704873 0.09820437622353537 0.08503092306201401
0 0.27358622278852196 0.6514229085287155 0.15896331614940157 0.17075152393569457
0 0.2902776710670906 0.8003695548052434 0.12714783175849825 0.10912303970326391
0 0.04975690286407326 0.6718399388295835 0.09951380572814653 0.10726959897381967
0 0.1337647762392338 0.7818708618915974 0.12089783175849819 0.10897756933854161
0 0.4786085394860777 0.691379680564549 0.22048116950744615 0.14408122758291686
0 0.5102826362207004 0.7695235175705213 0.1481696598887993 0.1299083183886113
0 0.8625098574495779 0.4899880200390633 0.24660715988879928 0.13219947663298637
0 0.9118203766868713 0.46611541536566053 0.1489682680561671 0.10806968597979179
0 0.6895461057202973 0.20370176187093808 0.10198414065150559 0.10385365824437506
0 0.864898280585221 0.2648607334699313 0.1426091406515056 0.10479921561506958
0 0.6757812168828903 0.2620227549370839 0.16497521397248321 0.11937086189159736
0 0.8122494849390576 0.16042650018743126 0.10321925843752063 0.09451502583555564
0 0.5557217211440595 0.05046504625586852 0.09333333774894789 0.03495818787965286
0 0.6663739897483809 0.15077613041204918 0.10623513103285873 0.09146276101791675
0 0.5869171574417287 0.05275489807947966 0.09565972958158006 0.05686955547083341
0 0.7777950954686783 0.34102188354618124 0.10107640507947586 0.12256729065319458
0 0.7246998002858509 0.7643496275622577 0.10036707694917482 0.1022547906531944