0 0.47578125 0.11015625 0.165625 0.121875
0 0.16171875 0.81171875 0.084375 0.0890625
0 0.2671875 0.865625 0.071875 0.103125
0 0.346875 0.88125 0.07578125 0.09140625
0 0.65859375 0.75625 0.11875 0.1625
0 0.7765625 0.70703125 0.1 0.11640625
0 0.62890625 0.94765625 0.08984375 0.10390625
0 0.74609375 0.871875 0.090625 0.0890625
0 0.6421875 0.69375 0.13671875 0.17890625
0 0.759375 0.48671875 0.115625 0.13359375
0 0.48359375 0.06953125 0.09609375 0.1375
0 0.20390625 0.2765625 0.09609375 0.0859375
0 0.27734375 0.10546875 0.090625 0.12890625
0 0.26796875 0.2765625 0.103125 0.11796875
0 0.1703125 0.153125 0.08515625 0.09296875
0 0.04296875 0.39140625 0.02734375 0.0984375
0 0.1515625 0.296875 0.08046875 0.09453125
0 0.0484375 0.371875 0.04765625 0.090625
0 0.34453125 0.20546875 0.1 0.10703125
0 0.76796875 0.27265625 0.09140625 0.0890625