0 0.5217226480346803 0.24943254726291234 0.17035105203690737 0.2738204026893626
0 0.259500294119949 0.8806938272995015 0.10123633068109025 0.10741360534690862
0 0.3801218767902216 0.9058563646165023 0.09671246268299924 0.121421561346272
0 0.4534957421228126 0.8995330919398665 0.09494996801399935 0.10421588001272682
0 0.7137412567631773 0.7027286279042316 0.13951812802354446 0.17503745735199913
0 0.8253503714194507 0.6248570718889596 0.12345677601845359 0.1373556440165448
0 0.7472184701224943 0.8937712512333228 0.12018632535009033 0.1248192813494537
0 0.8365525954407678 0.781779233887687 0.12182155068427178 0.13108746268299926
0 0.6732049740610881 0.4422274799093223 0.1538897106938169 0.20176358935390812
0 0.7541458913908156 0.41471955056495924 0.14714881468808994 0.1595033640197263
0 0.4853113386775904 0.07804154197168313 0.13624767735518084 0.15608308394336626
0 0.3791340640117722 0.08231886728200236 0.12525563335454448 0.15768632535009014
0 0.16428341271481597 0.3528239133115919 0.11215564934754481 0.10597837468172652
0 0.19027210602322622 0.1689028993077739 0.12205790802036272 0.15139996268299924
0 0.22426694004613426 0.3372801819700923 0.1250556386855446 0.14049882535009015
0 0.09432435403404389 0.24971764198759144 0.09031701201463567 0.10884883601209036
0 0.03797654606936045 0.5105647826623183 0.054324968013999365 0.10374316534054522
0 0.11780840205281576 0.38774435331795526 0.10288973734881748 0.11524428668045399
0 0.037685644732633326 0.48556478266231834 0.06522610534690847 0.1007454346753633
0 0.28329594736631664 0.23970520062859269 0.13097837468172652 0.11244655068427194
0 0.7079868646960441 0.20819737790423165 0.11064769334818117 0.11064769334818114