0 0.530846690445104 0.20384431804831812 0.13056424145062523 0.24342759618646842
0 0.20522974781579845 0.15181550426116924 0.0992388934267362 0.10494544954451301
0 0.31940200379972217 0.11749012268015631 0.10418096656500016 0.11604664065150563
0 0.398362805186493 0.11790183964786452 0.08815592306201392 0.09831350362819706
0 0.6726692081125345 0.2916766786627568 0.12104246466513899 0.16971727767481415
0 0.7930167692829511 0.3615576474445636 0.11548214247680573 0.13205358656782157
0 0.684427591755625 0.12241824717441115 0.10748780452090294 0.12396826805616734
0 0.7915666381084027 0.18871042448640563 0.10058318787965277 0.09562501324684392
0 0.6602730852030204 0.5555209238534334 0.1404107137152085 0.19693454210278444
0 0.744229857904444 0.5764361137792997 0.13001742116215276 0.15285715988879928
0 0.5090300549990617 0.9293055872007937 0.12398562670923621 0.14138882559841265
0 0.4042698198167006 0.9306163440982929 0.12227765634451408 0.13876731180341437
0 0.1637760256481244 0.7234896076192138 0.1279457748856251 0.13092759618646851
0 0.20419839105510346 0.8679861412844778 0.111012848023889 0.14126489546082902
0 0.2201903330188189 0.6848016190519592 0.1255844943004168 0.1636309687818068
0 0.10191049886263823 0.794826405079476 0.08677526101791674 0.10607143992586625
0 0.021734049060399104 0.5347123058977825 0.04346809812079821 0.10470734736759475
0 0.11119719272621473 0.6645759098887993 0.09120818787965286 0.09529763103285874
0 0.027620373148593537 0.5621924651536097 0.055240746297187074 0.09749504809323425
0 0.29135485857003407 0.7850223630615095 0.13056162860909729 0.10916172359113023
0 0.718171931708298 0.7889807537978332 0.11195709897381949 0.11475695916315978