0 0.5620556255128821 0.2193428324762884 0.1466972223568522 0.2688095421027844
0 0.8915322198853943 0.2831176781146027 0.1008223537640525 0.1002579495445131
0 0.7875676200756747 0.20147331931426252 0.08720552273741297 0.11070437622353532
0 0.7179581156270503 0.17797876641170482 0.09438135277546919 0.09535219473518967
0 0.40376296444818677 0.24033983483854113 0.13337486859279987 0.17160715988879932
0 0.271187886387297 0.26067463828925297 0.11934686068413444 0.13367065027015246
0 0.4409552638401644 0.08093011850380505 0.10914418973360748 0.11303076805616734
0 0.32013076927737194 0.10245539972199831 0.10213018577927464 0.09406251324684392
0 0.34346342889637355 0.4644742500848181 0.14479252965749528 0.14548116950744613
0 0.2567592663488034 0.4809499327542901 0.13267453163466164 0.1544196598887993
0 0.3833243553212891 0.9066443919174499 0.12699753460041113 0.16826390507947586
0 0.47834769524517695 0.9325198672378608 0.11542336463846717 0.13496026552427837
0 0.7686941695420144 0.8296057537978332 0.13653436068413463 0.13427085099579195
0 0.9054765865382087 0.8359425777517829 0.07515119171077381 0.12120536660488845
0 0.7295242401885303 0.768167256793058 0.1348737015966055 0.17009922359113006
0 0.8120077708346087 0.9161533782072698 0.09332818874502422 0.10779763103285873
0 0.9630105608350462 0.7162501258450172 0.06383168973360753 0.11144842068857255
0 0.8432511591618912 0.783060625212045 0.09568918479069159 0.08915675843752062
0 0.9475102362341976 0.7570561751193777 0.07888368676785795 0.09793155771188111
0 0.6046780904925415 0.8441617832019277 0.1442487015966055 0.17042660580511537
0 0.22544689383885191 0.6889335583448533 0.11545785672980176 0.1148115228654909