0 0.8643914060311804 0.5467457554503128 0.27121718793763916 0.1579055960375438
0 0.7378161981221762 0.9084634107654047 0.1074317866804538 0.10279883068109044
0 0.8155861147755858 0.8117253181094494 0.11827838001272681 0.09511360001590825
0 0.8663849987666772 0.7467003021164491 0.13864542401336308 0.10003745735199913
0 0.7813623720559975 0.4215361227720861 0.1640090506842718 0.1315783586887262
0 0.7156090080362711 0.27547818809672286 0.12494655068427178 0.13112382535009015
0 0.9548891366963623 0.49389402279594863 0.09022172660727534 0.091734061346272
0 0.9250936433799979 0.3544678961250397 0.10123633068109043 0.10741360534690844
0 0.7326788767106798 0.33270034209895 0.1786169906906352 0.17861699069063527
0 0.5512828786998621 0.25091289807445116 0.1532170013526354 0.14395108935390813
0 0.08688566605663375 0.4181420200111359 0.16558973201781735 0.13315904002227175
0 0.1973531880967228 0.7146999413589988 0.13279541335136283 0.13433973201781732
0 0.07606798675204153 0.6297062286759996 0.13886360001590836 0.11878745735199914
0 0.2540480834261321 0.6864573100334075 0.1813420013526355 0.14427835335772626
0 0.09614522410085899 0.7439869046785449 0.11215564934754481 0.10597837468172652
0 0.30683891812535785 0.9268828627068618 0.10523294000636332 0.048093149347544537
0 0.23345486744108596 0.7963590213637713 0.10741360534690844 0.10123633068109009
0 0.2840463081237671 0.9149004833704527 0.10083634134309047 0.07303860534690827
0 0.19033902474536002 0.5818238066915897 0.13274086935072651 0.12965223201781734
0 0.11409415073995118 0.5410982620146357 0.21691587468172657 0.11344652402927143
0 0.09931458274981435 0.6135726986791813 0.13255905601527201 0.11402723201781732