0 0.6024789205305976 0.7853871298871443 0.1615582184025195 0.2514881986308559
0 0.28291051984602555 0.8743156146012862 0.10751802273741298 0.11201452174883002
0 0.401929775283233 0.8952900063886094 0.107836357718385 0.11982702174883002
0 0.47980010729845546 0.88585665657889 0.09782468775644108 0.1038200197716634
0 0.7305628167665453 0.6831322687087182 0.138253369581383 0.17722302768032883
0 0.8430363004549228 0.6010771609903333 0.12741402866891188 0.14090352570316256
0 0.7613711008726648 0.8438641802677053 0.11564885771838504 0.12014535672980173
0 0.8617584200363059 0.7724746585188754 0.1087621877564409 0.10426568874502422
0 0.6870860949039848 0.4227505256288005 0.15971187551288218 0.20617569863085597
0 0.7680031724705829 0.3920642583285949 0.14542919961943923 0.1619163626613008
0 0.48843510030401116 0.07193737250995154 0.13937020060802235 0.14387474501990308
0 0.3855329347906915 0.07636621663531787 0.137744033611828 0.15273243327063574
0 0.17386190022746145 0.31062979939197766 0.14147652866891205 0.14147652866891205
0 0.19522095258518868 0.1626406269585758 0.12460736364988403 0.14858869171077377
0 0.22698424163422404 0.34681003851756276 0.15869320357377187 0.181175698630856
0 0.10240605288919984 0.2470248972245309 0.09658052273741302 0.1115688527754691
0 0.05210094125366321 0.5104454100761122 0.052575854752635445 0.10353617688202607
0 0.12644041357333433 0.3759483932701982 0.09881418479069151 0.08982118676785796
0 0.05101860231835855 0.48388291007611217 0.06651102076024666 0.10098417984777566
0 0.29130938539871387 0.23541494068500954 0.14221135771838506 0.12122769566510642
0 0.7157217949805345 0.18447193422203784 0.12202619171077381 0.12352502471457938