0 0.2398196042078439 0.819381575109535 0.09793857201231529 0.19015324855010754
0 0.2457428721618248 0.8979209722051056 0.102180644417414 0.11394594606059627
0 0.3677814986252579 0.9352811074778217 0.09444995764913067 0.12741645020978112
0 0.450712173293293 0.9431616946107042 0.09771131303532492 0.11367661077859167
0 0.7026145199970844 0.7708931790628717 0.12757152985783762 0.18302783278320495
0 0.8057617250139362 0.6482979738787128 0.12882495764913066 0.13002123195336796
0 0.7240360438047977 0.9509056461701316 0.09129768657189175 0.09818870765973671
0 0.8273059686692246 0.861555913090832 0.11637949980360825 0.13844903859206364
0 0.7552531857863248 0.6913250008484145 0.16353630093507637 0.19043851369695447
0 0.7540714391059746 0.48820000084841453 0.14306926483072288 0.16233682448483525
0 0.3911386052879984 0.11788104254075597 0.13222266842151909 0.17713303029369404
0 0.17213511699546336 0.3261867595477696 0.13829086123992673 0.14635662697434615
0 0.19472266842151909 0.18186899710021498 0.11803290339440445 0.15419243776222674
0 0.22613681576579933 0.34667778091839396 0.12423745159900638 0.14685353444287888
0 0.10215389422102228 0.24357424647551507 0.10377041549465287 0.11875184523075957
0 0.032600960085017484 0.5030308342330975 0.04434996369925477 0.10644017676456467
0 0.11783850243588692 0.38923028859206377 0.09741133118569745 0.09952824855010745
0 0.03557596916020379 0.47748638257342346 0.06620678298109553 0.10497276514684692
0 0.28659707191411943 0.2692640985547519 0.13355790944452864 0.13818892946385705
0 0.028994171053797747 0.41998153589277143 0.0538431383672898 0.12746307178554286
0 0.24238800878059868 0.18704267179018721 0.116434041958086 0.14782403859206378