0 0.45719601933341847 0.7530973447043698 0.16293817051050077 0.25386136228216233
0 0.8302760724764934 0.8975067400706933 0.10219766508343389 0.10607452564056316
0 0.7141907270444776 0.9279497572342011 0.09339587516934209 0.11657537799792798
0 0.6352402114406454 0.9372539629846427 0.09553158525525038 0.12549207403071455
0 0.33725533355776977 0.7397175872607717 0.16213258706427275 0.17900691149637407
0 0.22834732304232017 0.6691803012811264 0.12710913387576941 0.13529114474715093
0 0.36089530868168335 0.9379924214211716 0.0902708751693421 0.11642982878371626
0 0.24155108717581436 0.831898625102444 0.11592597241038013 0.13009422249741007
0 0.37960992989429665 0.7300001389561828 0.17569712008095947 0.1999016083532208
0 0.26877316994467393 0.4590818633156196 0.1421542797373264 0.1546961162111037
0 0.5853034141789226 0.10441590384337895 0.12833744120271576 0.15872864474715104
0 0.840466706240721 0.3781595806412339 0.10629866689245623 0.15458480024766902
0 0.7910864246943723 0.17946521546358749 0.11666295680654795 0.14415672249741
0 0.7789183746035153 0.34879525826765845 0.11436347241038014 0.1300214478903042
0 0.8906194352098218 0.24956585380059773 0.10400582654882307 0.11083480024766904
0 0.9820052134210394 0.5138702564056316 0.03598957315792113 0.10716183664159917
0 0.8943696342144538 0.39547766728283307 0.09907266508343397 0.10592897642635143
0 0.9775052815463487 0.48719859449497277 0.044989436907302505 0.09985875889134022
0 0.6796819352098218 0.239741281841307 0.15883716870147851 0.20535108767505647
0 0.2827626696059896 0.23528264433286625 0.11157266508343389 0.10651117328319834