0 0.5597689139775734 0.15123304251753406 0.12563366252983138 0.25708063942190074
0 0.8934204760120668 0.17769491844297297 0.10160534946188093 0.1089032485501075
0 0.7965047806029618 0.11683011865275442 0.08932367328319835 0.11264355518880328
0 0.7171789995857153 0.0969688271609056 0.0935017510334573 0.10206125269929238
0 0.40373939185166685 0.20147260870399947 0.12907968610347992 0.16392263527271583
0 0.27269059904759596 0.23257108858277498 0.12010279238978612 0.13833063942190071
0 0.44141055810555185 0.046705827484866534 0.10985449710451593 0.09341165496973307
0 0.3205907899085868 0.06586791804198763 0.10280397642635145 0.10120914772027052
0 0.3473781916850512 0.455841722606091 0.14808655128112633 0.20428752614450918
0 0.26107681864952187 0.4545411769650573 0.13667386228216233 0.159827131123531
0 0.3886112371752092 0.8698091342238087 0.1295163337461151 0.17329763527271602
0 0.4899939547102205 0.8919190873333751 0.12878858767505647 0.15767263527271566
0 0.7748697607488578 0.7464593416830527 0.1435402923897861 0.14010662697434614
0 0.7008950674066676 0.875153949361367 0.11577916542531544 0.14578794191141142
0 0.7310255614108115 0.6972531696923727 0.12417386228216216 0.15887993776222692
0 0.8195337514432328 0.830099713258814 0.09074062406898661 0.10963695435896632
0 0.9659227921803893 0.6065410462425117 0.05941784946188093 0.1057064709557057
0 0.8473783074818702 0.7041166311003091 0.09619010339082194 0.09292305103961844
0 0.9498461819651414 0.6485276366993864 0.07431510339082195 0.09126546265733601
0 0.6396236195163635 0.7716038194872358 0.13314644789030403 0.11752123195336814
0 0.22945875330525967 0.6678350049743775 0.11617727171162177 0.1209063410815748