0 0.21526872577796213 0.4312772687089348 0.15989984618305514 0.2326155933083331
0 0.8510057764381465 0.936553714232591 0.10507706220555554 0.10222546427907382
0 0.9064171549017578 0.8344143072581002 0.11662015494824055 0.09238157257314797
0 0.9261835592843506 0.767919874364628 0.11220605702175916 0.0950964694628702
0 0.8009430941568049 0.4352256600855541 0.18105309330833314 0.1553887119699997
0 0.7559054132895829 0.3103432372768505 0.1347057736099071 0.12187358294074055
0 0.9685817790765274 0.512157181386387 0.06283644184694523 0.08816296427907382
0 0.915406843873981 0.37003874043439644 0.1294714694628702 0.1152134798304627
0 0.7872414705941659 0.4735656986812023 0.2063264953818516 0.1607009285581477
0 0.5358957096609255 0.285667991612175 0.153396985014259 0.14056479434509228
0 0.11295366154615652 0.4758194976909258 0.15372917568342573 0.12663899538185158
0 0.33301861112231335 0.7935516762490736 0.15650286116879605 0.10517409849212936
0 0.14326375254541537 0.6893447554666202 0.14652226842611088 0.11515469123481452
0 0.2880779665416653 0.7229466503300921 0.1294714694628702 0.11521347983046262
0 0.1895515751185633 0.8019322298304628 0.10990126324231464 0.10419806738935158
0 0.43185452672097036 0.9736018240105089 0.10566353110277764 0.05279635197898216
0 0.3267972968905077 0.8465010189917589 0.09060445909527762 0.09630765494824053
0 0.40851477153717414 0.9641536925307637 0.10105394354388868 0.07169261493847259
0 0.22555955122583216 0.6197929645618978 0.16243979434509231 0.15531079952888865
0 0.3151929389257403 0.2353481969842587 0.10874886635259244 0.10874886635259243