0 0.5361652798578376 0.13601572954585575 0.14370558996629618 0.27088021857321787
0 0.2347508300073471 0.854251185381725 0.09591246369925477 0.10978989926336595
0 0.35369172754801903 0.8787598764634332 0.09131586729005096 0.12508711733238087
0 0.4271155920093996 0.8712808762113315 0.0912067829810955 0.10633711733238052
0 0.6987309958947834 0.6733086438923588 0.1306783491396784 0.17938113342392406
0 0.8139423845566608 0.5941296062613903 0.11795109016268804 0.1394445482746301
0 0.7201616100615764 0.8640757555247562 0.11476245764913066 0.12828852698730664
0 0.8164184656441623 0.7510515956177286 0.11636131908544911 0.13464778763096846
0 0.6729805203898678 0.4117209338691157 0.14489538524403187 0.20692697921687966
0 0.7548845053627531 0.3841097500768746 0.1399624455488823 0.1644116972858944
0 0.5074903131335207 0.06339123860003362 0.12748062626704132 0.12678247720006725
0 0.40047269867214014 0.06696952467995546 0.11807835518980259 0.1339390493599109
0 0.16992772238165763 0.3249732308063635 0.10839428298109555 0.10753898441265974
0 0.20793119554888215 0.14021046471482013 0.11491699375348405 0.15485102698730663
0 0.23158738504764012 0.31050118538172494 0.119559041958086 0.1473663089182919
0 0.10680503278470381 0.22231240655283288 0.08654655405833438 0.11069683540139544
0 0.03408164685330092 0.48453353712676533 0.047465873340175144 0.1048403193098519
0 0.12167657474278978 0.36039156075987727 0.09908291549465287 0.11782092055068923
0 0.035494155928487224 0.4586430264831035 0.06463519262201592 0.10291718639013112
0 0.29588116832332323 0.21143561866976296 0.12718064441741408 0.11510011213660058
0 0.7208493520665445 0.17624797359377103 0.10686814441741407 0.11367972376899801