0 0.3071030868371301 0.5783717463937037 0.14641905585660825 0.20950567599857095
0 0.7746016095655099 0.07286089364025723 0.10343261646291495 0.10219592055068931
0 0.8461667503386842 0.16665481628463352 0.11535940637700656 0.09213250569998319
0 0.8751792209400421 0.2414691459860457 0.10294129353213641 0.09282092055068931
0 0.8054929992070304 0.572533111709272 0.1806435696514182 0.14962793144645267
0 0.7782864473071511 0.6967572155479994 0.13254026232447202 0.12291261213660043
0 0.9652376549066686 0.5076790180100034 0.06952469018666285 0.11146165990702758
0 0.9366445019205638 0.6362846192508407 0.10367827792830439 0.10688342055068922
0 0.7501504019659925 0.5638572342374328 0.2190443283578455 0.16943768689433422
0 0.5585471573930594 0.7231004663043039 0.15375352103089918 0.14152050050420312
0 0.2796365903436331 0.025016789472553803 0.06651911465389251 0.050033578945107605
0 0.10074354420950489 0.5308568800697293 0.15120837516934213 0.12266123986054148
0 0.2544296296918979 0.21665835023243107 0.10244332654882307 0.11302415990702759
0 0.09836441542211814 0.32088094652958976 0.14306832654882312 0.11586493664223267
0 0.265517615897088 0.2786120470141224 0.1358290366347314 0.12625613342392406
0 0.12688448383034087 0.20675846236903164 0.10812011646291486 0.1025237024816745
0 0.34061171189493056 0.03577470096906523 0.10196529172311405 0.044492681194351034
0 0.2656260792623566 0.16098750443947546 0.10795634215265534 0.09939870248167448
0 0.32148989767057934 0.044952959014836924 0.0983423247398008 0.06447739926336585
0 0.21377140942922432 0.36848293018594486 0.12275582654882315 0.11444454827463017
0 0.349411174805914 0.7722256531986382 0.10367827792830413 0.10688342055068922