0 0.3739544041177584 0.854439540373504 0.20215780076822565 0.28623514427970276
0 0.05834377148518438 0.7236681676933476 0.10869332654882313 0.10985120435383652
0 0.14840552747807817 0.7823834579820336 0.1111632293077851 0.09746033175849825
0 0.2158519770485369 0.839526324586922 0.09915455223856365 0.10639882213985138
0 0.5410057852799943 0.8031374791182438 0.1434644742194024 0.17812997840045347
0 0.6761996568312918 0.7922049575186974 0.12899918249628844 0.1401934687818068
0 0.4704022789484162 0.9603918960938012 0.12374511646291494 0.0792162078123976
0 0.5983159170080571 0.9478807443684453 0.11009205223856355 0.1042385112631095
0 0.6438695929456248 0.557837392002268 0.16204405585660825 0.205292679126093
0 0.7266854149718922 0.5756003000769688 0.15045810266810483 0.16277779691210786
0 0.6797140762101389 0.1427034653232457 0.14338258706427282 0.17656747840045361
0 0.5818431422435124 0.09858638837407094 0.13162621551297526 0.16056053248413762
0 0.2561736776350484 0.21948664309857638 0.11609639077317438 0.10231152286549075
0 0.3753032151742909 0.08198169781523254 0.1275185696514182 0.1417014050794759
0 0.3083602973773236 0.2541815908289909 0.15152263568479168 0.18309029691210785
0 0.251623375735169 0.09722969718226035 0.09471271370395282 0.11092263103285878
0 0.06527868272343103 0.29265378067003905 0.06009205223856362 0.10503472958157997
0 0.199391411126705 0.22767859981466554 0.10754026232447185 0.11760914065150559
0 0.07896604647281243 0.2704340402886859 0.07242827792830413 0.10234623920022683
0 0.4175958565132921 0.18598964073632365 0.13714587516934212 0.11708335099579185
0 0.7958835515611952 0.3753026889143759 0.11683337516934209 0.11637402286549073