0 0.22734375 0.8129796159691377 0.0859375 0.22599997334499947
0 0.88046875 0.23428606854714187 0.090625 0.10105451734563582
0 0.78046875 0.16435592389405032 0.0890625 0.11509883601209037
0 0.71015625 0.14173658390359534 0.0890625 0.09947383601209037
0 0.3890625 0.22984784794718424 0.128125 0.1514908693507265
0 0.26015625 0.24931655796468344 0.115625 0.1310329186823629
0 0.4390625 0.04542903664068301 0.1125 0.09085807328136603
0 0.3125 0.10026998329091104 0.1125 0.12474655601527203
0 0.32578125 0.47667794195577484 0.1390625 0.19536813868554465
0 0.240625 0.4706375746340015 0.1359375 0.1531442760184536
0 0.34765625 0.8928296532861385 0.121875 0.16704314401654444
0 0.45078125 0.9213171852721391 0.1140625 0.14820223734881743
0 0.7578125 0.7568070532304593 0.1125 0.09974655601527208
0 0.6578125 0.9165644085773679 0.1109375 0.14504087468172672
0 0.70703125 0.7363041965706862 0.140625 0.16569882001909003
0 0.77890625 0.8792178552275957 0.0828125 0.10408861067790838
0 0.9359375 0.6617656312062785 0.04375 0.1020715773392725
0 0.8125 0.7452332065563687 0.0953125 0.10892156134627218
0 0.92578125 0.6853213098743239 0.0609375 0.09758407200827239
0 0.6015625 0.8164376865850038 0.121875 0.10298064401654479
0 0.2 0.6797040393061831 0.1046875 0.1059056493475449