0 0.5585416423807862 0.17718258519271818 0.1491022212288776 0.288309041958086
0 0.873492030585221 0.2393997422995558 0.10036707694917482 0.10056360226293633
0 0.7760565245947714 0.16654402528065132 0.0915377139724832 0.11613406010845857
0 0.7048908527250723 0.14664968179831375 0.09082838584218215 0.09582156010845858
0 0.3794245720550333 0.22899559094825478 0.13826887023308565 0.15702268052176754
0 0.2521254620735668 0.2508256600337038 0.11859128729346102 0.13035109621281207
0 0.43596229265093867 0.06385640427816723 0.10856152286549073 0.11154655405833439
0 0.31324155526481035 0.08878420228637741 0.10171132213985139 0.09432269262201591
0 0.30822166153326186 0.4785779553114395 0.14582839908902612 0.194559041958086
0 0.22255698004491614 0.4712654250608185 0.13492561542376214 0.15075449980360833
0 0.31560999856441957 0.8932944402843249 0.12760418874473983 0.1647715480082102
0 0.4137647563689679 0.923185952482769 0.12549605172143127 0.1491374576491303
0 0.711852570704271 0.797258214975801 0.14520835099579193 0.13206813231716552
0 0.6255380700712988 0.920391708827481 0.11412204210278443 0.13657382513557295
0 0.6691219228811892 0.7459547902095702 0.12248017912609299 0.15224427693097126
0 0.7454884715225776 0.8853258415374299 0.08953870435383653 0.1036249697493787
0 0.9116120124442357 0.6687781700908488 0.05823414065150558 0.10188066256778665
0 0.7843104132625424 0.7577821036376784 0.09513393992586608 0.08491133118569749
0 0.895376888034799 0.7087082785021052 0.07196925843752026 0.09258747579950324
0 0.5722444336809624 0.8136922569338869 0.13199902286549073 0.11168290944452863
0 0.173811912081416 0.6816625695764283 0.11486608656782163 0.11314541549465282