0 0.6023652905277593 0.33252407016560354 0.12959341645877273 0.23350336729005097
0 0.22525290446255147 0.8262574520899857 0.08859592721213971 0.09111587939029926
0 0.3374832307650684 0.8701478317748726 0.0851455955329393 0.11765110831306061
0 0.41402861413967995 0.8861131993595113 0.08539815260503385 0.08953519867214013
0 0.6994480756788353 0.7391008022116227 0.12148550992479734 0.16003859621281222
0 0.821156101733683 0.684471868664793 0.11036391935425689 0.12248405405833437
0 0.7010577332462677 0.9078871636479413 0.10153257485477489 0.10056360226293606
0 0.8125367346940099 0.851754817435129 0.09299232878371626 0.08489315046753809
0 0.6955973678637336 0.47186330523668474 0.13344185442427942 0.1819772287263694
0 0.7858221075246513 0.46274231441006697 0.11904971463952733 0.14127950585373253
0 0.5647217795695045 0.07798656109041724 0.11338191149637389 0.153743144417414
0 0.4604880438375282 0.07303245814010989 0.10535108767505648 0.14606491628021978
0 0.19841834511865455 0.26688699726952547 0.09125004631872762 0.11456246974937896
0 0.25376931699689204 0.1298091780858806 0.11607026385373889 0.1443863251355732
0 0.2626092777074778 0.28605008772680096 0.11650691149637407 0.1537613251355733
0 0.15293671712072654 0.17962789178513536 0.08895980024766903 0.09892837939029935
0 0.05658621773989907 0.426348876561629 0.04364730024766901 0.09866475897699037
0 0.15327281906380663 0.32107050322145386 0.0895762303552929 0.07862496974937905
0 0.061599049419099494 0.3997500151253105 0.05407537799792801 0.08779089149054782
0 0.3337714942090318 0.21999329567051912 0.09855312406898661 0.10367042154477704
0 0.7670591832079957 0.26123435656454463 0.10821922249741008 0.10997496369925477