0 0.4275153779837734 0.14200927408311687 0.11962270401018138 0.08122342378986111
0 0.19029664131127375 0.17257212008095948 0.09160679201145401 0.0891244549975256
0 0.15396769529759255 0.27151090909054004 0.08524770401018134 0.07942190637700666
0 0.10760067795195676 0.3597611815917773 0.10730451734563577 0.09619332654882315
0 0.23781269991250403 0.657387533355371 0.15428860534690844 0.10802494120271575
0 0.2816070585614594 0.7902310108541339 0.11362724267981754 0.1027708751693421
0 0.06688258191441301 0.6343583898686631 0.0916795173456358 0.0953744549975255
0 0.11321159456559556 0.7509184481001207 0.07910679201145401 0.08846935775648763
0 0.5077797545751406 0.7012415111928181 0.16533519334818117 0.11797315128862387
0 0.5051263745624139 0.7949096240376884 0.13542951734563574 0.09766729534115867
0 0.9048189339195037 0.6407499050182102 0.14478633601209054 0.09659611827193722
0 0.9224069705999576 0.5400472201470726 0.14164315467854466 0.0948698439616777
0 0.8990972872772298 0.4606529692425614 0.09814769334818116 0.11445200361804453
0 0.8773142886298654 0.3172371619156152 0.12936133068109043 0.11296474672063965
0 0.7250887172979107 0.29909691429046437 0.154143154678545 0.09552494120271575
0 0.8386705066438648 0.21202403945980652 0.09440452800763595 0.0611632293077851
0 0.7492261986394103 0.2401689716174107 0.11475339067472703 0.06535276232447185
0 0.6982364106460919 0.18824794549812882 0.09469542934436319 0.08616322930778511
0 0.8409495272915473 0.3520725073476309 0.11722495735199914 0.1435596494796016
0 0.7558712618953229 0.8111775124360137 0.1355204240133631 0.10547979534115867