0 0.164655233124959 0.18138854748493777 0.09368056733052792 0.08908186525911974
0 0.27965523974838097 0.1301924659110381 0.08065477767481415 0.11852390340856664
0 0.3553100041763512 0.1101333360414218 0.08123513103285873 0.09042617694751699
0 0.6466839939247322 0.24012125041033236 0.11326887023308566 0.15813187418757346
0 0.7715004554501448 0.28791209375535487 0.10570934137714509 0.12052278003177212
0 0.6416393737764647 0.07156216518298476 0.09724207694917482 0.1016364123370204
0 0.7546825215995463 0.12112006007013476 0.09189981252120454 0.08280459172016938
0 0.6561308826773213 0.5062002179429284 0.12497026206571764 0.18019778896022592
0 0.7457836597191634 0.5101007394532837 0.11261410580511537 0.13938187418757336
0 0.542998388582953 0.9063695876662748 0.10680061542376222 0.15177278003177222
0 0.43873747451780254 0.9183395280064726 0.10669148801910038 0.1486477800317722
0 0.17728908694633977 0.7362981899364558 0.1143204495445131 0.09881142126547413
0 0.2280653585458862 0.8697049793037188 0.10965279691210787 0.14401482710967278
0 0.23225932914179145 0.704888502842669 0.109980179126093 0.1533898271096728
0 0.1264408603599847 0.8285362828744411 0.08463294954451306 0.09829322402541782
0 0.01787442532825992 0.5837067982957167 0.031562513246843914 0.0989284237011061
0 0.12041409356976174 0.6881021976470936 0.0869940577118811 0.07647277110331832
0 0.02610239265486324 0.6054590673704402 0.05220478530972648 0.08686480032431163
0 0.303640766620587 0.7848430097425279 0.1065079495445131 0.09867505357072233
0 0.7371005965649866 0.714034262992234 0.10360120435383653 0.10487050649282174