0 0.14212991794997615 0.4979491503605903 0.104701452503779 0.13662979065319442
0 0.15311073350911275 0.7400639151782292 0.10297235253201387 0.10694229065319458
0 0.24843791503679152 0.7961158530578821 0.09470482622365459 0.0989479526972918
0 0.32749535445697814 0.854129681230139 0.1016828683170294 0.111593423062014
0 0.6465190992658935 0.7858765226045143 0.1467825366905286 0.16257534802388918
0 0.7738250519108468 0.7747961650813201 0.12474093671876343 0.1324150693385416
0 0.6017511727881251 0.950277329406528 0.11243835779368574 0.099445341186944
0 0.7209261070172268 0.9381852114340978 0.10591534200867017 0.10389002583555573
0 0.7044324968750539 0.5344426155944102 0.1528351156156063 0.18612195079743082
0 0.7984933100151161 0.5553564872696535 0.12592400512049745 0.15272756933854179
0 0.6786093893637168 0.13126306420763945 0.12785052616718495 0.15901393692972232
0 0.5779877630835925 0.09147190596326436 0.11838452090551303 0.15723323138263898
0 0.49714728676111586 0.09661204122187542 0.13338789462538864 0.12013327488562511
0 0.3578117709761003 0.08868782560680585 0.1226169945971538 0.14952983415618065
0 0.3251875287274337 0.2385053344405211 0.13206758930724707 0.17783667211208343
0 0.24392357622365463 0.10242105765503492 0.11133088410204497 0.11649912860909728
0 0.26468266823232484 0.20432904977125022 0.09120039462538862 0.11915134992375007
0 0.2098355445124492 0.24050163269315988 0.10297235253201391 0.1069422906531945
0 0.11060908923665994 0.25145535685760423 0.10168286831702944 0.11159342306201392
0 0.41359060509226264 0.1890703385245837 0.12208637357870131 0.11362870174736121
0 0.8292218523202524 0.34620034602711874 0.11492632096198285 0.09785823138263901