0 0.2125 0.4220039113621805 0.2921875 0.12058740937299817
0 0.76640625 0.8792304441040407 0.09375 0.09796588001272681
0 0.83125 0.7737349694461766 0.1203125 0.08421246268299924
0 0.86015625 0.7029775741167674 0.09375 0.08390338001272682
0 0.76796875 0.3894048754375861 0.1625 0.1175158586887262
0 0.73515625 0.25699181743313176 0.125 0.1092670066836356
0 0.93203125 0.4264701654598578 0.10625 0.10123633068109025
0 0.89765625 0.30497642612185805 0.0859375 0.09318747334499947
0 0.50625 0.33089075206872415 0.1875 0.13186926002545346
0 0.5140625 0.2411379087364513 0.14375 0.11886018268618093
0 0.0984375 0.368332924013363 0.1578125 0.11433631468808994
0 0.07421875 0.46258236334340863 0.1484375 0.09703972668681722
0 0.22421875 0.7651090213637713 0.1078125 0.11687951201463562
0 0.09921875 0.6902170146801356 0.15 0.11580790802036275
0 0.2671875 0.7156090080362711 0.165625 0.12067722135581711
0 0.12421875 0.796757916016863 0.1015625 0.08711928668045381
0 0.34453125 0.9477589840467706 0.1015625 0.04180678668045381
0 0.26171875 0.8280453733688621 0.0796875 0.08998974801081765
0 0.30078125 0.9316249067074981 0.0890625 0.058848836012090545
0 0.16953125 0.5965039246896808 0.1625 0.1456408586887264
0 0.30625 0.2113760413749072 0.1 0.10741360534690844