0 0.4210152180537702 0.39609375 0.24698518268618094 0.14375
0 0.7586645001193127 0.87890625 0.0979295173456359 0.090625
0 0.826287257439495 0.78203125 0.12291133601209055 0.0890625
0 0.8574912567631774 0.7109375 0.096330654678545 0.0875
0 0.7788004460534521 0.39375 0.16866018801718105 0.1265625
0 0.7522550327020893 0.2609375 0.13101473734881744 0.1140625
0 0.9418186140594973 0.43828125 0.1074681493475449 0.1046875
0 0.9122572887094073 0.31484375 0.091734061346272 0.0953125
0 0.5194067173774525 0.325 0.19066245735199913 0.1375
0 0.5300800406985895 0.23515625 0.14987382535009014 0.1234375
0 0.11028625604708875 0.346875 0.16231928134945378 0.11875
0 0.08174418006045177 0.4453125 0.15439769334818113 0.109375
0 0.2126696527689044 0.753125 0.12140338001272663 0.09375
0 0.09208388542326859 0.6625 0.1529806440165447 0.121875
0 0.23543444342772296 0.6953125 0.1435692813494538 0.11875
0 0.1176026007717679 0.77421875 0.10576019867918122 0.0921875
0 0.3351002781269487 0.93515625 0.10210794000636332 0.046875
0 0.2539855434436313 0.8125 0.08544769867918127 0.0921875
0 0.30995482745858516 0.92265625 0.09129770934118149 0.0578125
0 0.19615322008272346 0.609375 0.1105931493475448 0.1046875
0 0.3312243700270442 0.19921875 0.11849655601527206 0.1125