0 0.49438672284459473 0.8673436903892023 0.1296412683452644 0.08405259618646851
0 0.25405785445697815 0.8405084049946578 0.09866428413027988 0.0876488221398514
0 0.2099522677099798 0.7418452157017639 0.09205026308359247 0.08118056733052796
0 0.160461230948864 0.6582440312181932 0.10509629465362354 0.09099207694917481
0 0.26261047596954085 0.35563240798988277 0.1621653420086702 0.10701887023308557
0 0.2955910339891055 0.22296375172928054 0.12310284200867017 0.10565477767481415
0 0.09426229437127487 0.3818650696927806 0.10233531570031093 0.0971329495445131
0 0.14102463133003473 0.2573263719623661 0.10233531570031093 0.0971329495445131
0 0.5251790944277446 0.30732136044480274 0.17879139988706055 0.12475200725639413
0 0.5182017813582697 0.21440717414713356 0.14341534200867018 0.10636410580511528
0 0.9268302050993213 0.36045870709460737 0.1463395898013573 0.10055061542376223
0 0.9412297576807462 0.4621204108154716 0.11754048463850744 0.0940823606144388
0 0.891489965022674 0.7767583188901723 0.15932876834526438 0.08508930653075471
0 0.9306667431052679 0.6798634715225776 0.1386665137894642 0.09844247840045366
0 0.7758201914157381 0.6993823417556632 0.12779034200867018 0.10581846878180681
0 0.9038912544852129 0.788067841122691 0.1018802893919517 0.08932044954451293
0 0.6923152596057105 0.9457613231513416 0.06008763154179615 0.0410813569862416
0 0.7607250834102908 0.8165524835882951 0.10491428413027978 0.08786707694917481
0 0.8328976730704737 0.6175395755135944 0.10233531570031111 0.0971329495445131
0 0.7308459945265666 0.19602172877897175 0.09019933674699843 0.10294643992586625