0 0.4880898315784809 0.14553208976098136 0.11582602966144577 0.29106417952196273
0 0.8138847171171003 0.11262618985787902 0.09117042154477702 0.09955751387966064
0 0.7001040182485685 0.07149814698227948 0.08033291549465282 0.11604410703211539
0 0.6259079941462675 0.07234805059062224 0.08176815046753809 0.0942692365817647
0 0.32736997931554457 0.24298522979881793 0.12273858411256366 0.15624760487264705
0 0.20911942818407647 0.29898251079734167 0.10539654800821019 0.12858367982650448
0 0.34165571399384237 0.06947787862679869 0.09748405405833438 0.1108955320782579
0 0.2280790273237548 0.12751852097637445 0.09269656010845857 0.09340764342930993
0 0.3219729104264873 0.49948555367294123 0.1260817527304745 0.19394786397194572
0 0.23674848273339016 0.5166613641288291 0.11957722267624522 0.1497973457733483
0 0.434494073681645 0.8913447817737161 0.11184653590796181 0.1633591980251019
0 0.538350326706707 0.8932799167220363 0.11021131303532491 0.15075906847545256
0 0.7980440101553409 0.6876459762550736 0.1366465480082102 0.13058627081949084
0 0.7448912181972549 0.8300628161683259 0.09919199980360816 0.13599566162790744
0 0.742807064311871 0.6513568252676245 0.10708631303532493 0.15055880937615385
0 0.85227699220136 0.7622664420173473 0.07869769262201594 0.10344397748246621
0 0.9607490641154793 0.5077513178663688 0.044331782981095455 0.10280362739018098
0 0.8577780793389858 0.6221223033683995 0.08640110831306061 0.08519462523071261
0 0.955857031036188 0.5432079565153168 0.06304542154477702 0.09775518198597286
0 0.6649587993829523 0.7430319879752659 0.12246587334017515 0.10937260487264702
0 0.24175310353948257 0.730323345930232 0.10373405405833439 0.11129605027685514