0 0.4727041051194406 0.84765625 0.14232741639421018 0.2765625
0 0.751738003653448 0.12421875 0.10333528003177221 0.1015625
0 0.6320255215103554 0.08984375 0.09886596834337488 0.1140625
0 0.5538596112019298 0.0921875 0.10034664772652384 0.109375
0 0.2910481452941871 0.2890625 0.13740236282348778 0.1734375
0 0.1764441286550956 0.36484375 0.12424779788867957 0.1359375
0 0.27126925365344795 0.12421875 0.11295574188232518 0.115625
0 0.1684658076312075 0.1953125 0.10481595941492108 0.096875
0 0.32318494075052995 0.5515625 0.15499896590774281 0.196875
0 0.23757867735784938 0.57734375 0.13866485389503397 0.15625
0 0.49723077232772495 0.91953125 0.13249667451188502 0.1609375
0 0.5933790694056256 0.91640625 0.11517280681713338 0.153125
0 0.8284064545502478 0.7 0.1418444009729348 0.159375
0 0.9620292524389272 0.5640625 0.05815914772652384 0.109375
0 0.7691911416440345 0.64609375 0.14367963636243813 0.175
0 0.8931314277648864 0.7515625 0.09722164772652384 0.109375
0 0.9624889484611676 0.49296875 0.05963982710967279 0.1046875
0 0.8760411595009419 0.61171875 0.09845686525911965 0.090625
0 0.9569696055231823 0.540625 0.06887845941492117 0.096875
0 0.6818802820669576 0.76953125 0.15319100405718977 0.1828125
0 0.27852345698587966 0.7828125 0.11756142126547413 0.1109375