0 0.6526688553728692 0.5725378177094853 0.1718339181905552 0.18813795496493207
0 0.28809461376069423 0.07817056061277153 0.1152722684261109 0.10993380937615385
0 0.21616967855814778 0.18098348241971157 0.12525286116879614 0.09969721622369909
0 0.1874677715836569 0.24803008251199662 0.12097546427907387 0.10408432757475108
0 0.2675713939685174 0.5799321221483936 0.19519350574944416 0.17099002775932134
0 0.29576332742763756 0.7046119471022511 0.14857278397749968 0.13537390036914018
0 0.09194738590999903 0.5031960487356957 0.10351456220555537 0.09985790252860856
0 0.14216058232860984 0.6461054395441119 0.14163927879370347 0.12716088217054294
0 0.2907553242700915 0.5485924845791799 0.2132012119699997 0.18146645280546386
0 0.5152453507547208 0.7259002544758202 0.1672639953818514 0.1536628254152827
0 0.944059524175555 0.5308173804817252 0.11188095164888985 0.1398005845145814
0 0.7919891762490735 0.21636126157253402 0.16425657257314796 0.1192878254152828
0 0.9459747557494442 0.31839772363417995 0.10805048850111162 0.12746127081949093
0 0.8369687770502772 0.29047058760612565 0.12193237153638856 0.11502182757475107
0 0.9395087252123144 0.20533651913067316 0.1200964694628702 0.11179669802510181
0 0.7236514049482405 0.03690310148578626 0.10607363421305535 0.05807092072720588
0 0.8068725909992589 0.1619846422019175 0.10066296427907381 0.10278264342930994
0 0.7409462116871758 0.0460079912144684 0.1061515466541664 0.07672079117755656
0 0.8677293444396288 0.39063127391103514 0.17976399538185178 0.15446386181247734
0 0.7315825417067113 0.7741015152731618 0.11894407257314796 0.11638406847545255