0 0.4672516596926789 0.12515461531006983 0.1442279742462448 0.10472648043270846
0 0.707525844390207 0.11587510676069504 0.11441292848861018 0.10247299620027786
0 0.7595669633262212 0.20710082522555623 0.10739765394280312 0.09295252583555565
0 0.8151635169597636 0.2835373450771882 0.12442565727678305 0.11050370174736121
0 0.7345204552811356 0.6002332293858688 0.18466152667183913 0.14153680262104196
0 0.7102702701245656 0.734299104860834 0.14432356909549374 0.12500261284152786
0 0.8994596711924305 0.5453671574818758 0.12155574879205204 0.11355596656500015
0 0.8559333275511296 0.6758534380670841 0.1345659318225902 0.12009690729444458
0 0.47556030133833255 0.6850030472057991 0.20286939273291543 0.15443684612402783
0 0.4892563973955294 0.7761190096867366 0.16527379788366653 0.13328789152687506
0 0.07696214423072748 0.6895554221120834 0.15392428846145495 0.133542464665139
0 0.05739089112626855 0.593297364741389 0.1147817822525371 0.11297539152687505
0 0.17200344832331171 0.270915831306389 0.1076527454580721 0.09607752583555565
0 0.05902476491832056 0.3751831443766667 0.11804952983664112 0.120387848023889
0 0.1842964121085749 0.34086530860496544 0.15656847758022469 0.12216855357097227
0 0.06457358559621533 0.2637189675149306 0.1192279742462448 0.10414459897381949
0 0.203938845598155 0.21530226415204878 0.11597542848861027 0.10250936379145843
0 0.262133596057197 0.09689840947864606 0.1059946506088231 0.07576502583555564
0 0.1588502598327618 0.42246014751079874 0.13131338606495563 0.11846167211208343
0 0.27704356875713804 0.8251883700597226 0.12037588606495557 0.1182070989738194