0 0.4532763633971083 0.5279322630460554 0.17251912822814391 0.17876221303635714
0 0.9461117604791737 0.8074587191245888 0.1077764790416527 0.11297797424624463
0 0.8550891437386096 0.8753321321512477 0.09714778763096846 0.12289510818516831
0 0.7886882475773369 0.9033138688153279 0.10161676634364483 0.12015274545807202
0 0.4469817127963601 0.8156077351662685 0.17495571337743776 0.1913897587939915
0 0.3249756728196032 0.7815679618284092 0.13439641535490915 0.1445786606107628
0 0.5423756123118275 0.9699450645535659 0.09572739926336596 0.06010987089286814
0 0.39718344461112975 0.9339440495506564 0.12302187278026225 0.1321119008986873
0 0.47542914088861804 0.7891886274401417 0.18843905917039336 0.2064726248550679
0 0.2816634433506221 0.5620846381909874 0.15133254307885 0.16460411818710802
0 0.429572521539425 0.11119117319777634 0.13727004307885 0.16345620636839736
0 0.7602483571929219 0.2966492806340388 0.11528578243518836 0.16010806576151387
0 0.6406903379992854 0.11987987335725589 0.12513067599857094 0.1453758860649556
0 0.6924052933309517 0.2817898130557538 0.11778806956195353 0.1292407030344175
0 0.7564463779760423 0.15340946366457694 0.10921074505632156 0.11766547424624481
0 0.9478136951922075 0.37954088427727944 0.06524222376899794 0.11096919303247779
0 0.8144988146182751 0.2948633821512475 0.10586722376899793 0.11428538273097573
0 0.9344014052154506 0.35436554109502044 0.07407092055068923 0.10392196757828502
0 0.57446404048096 0.21701022274843274 0.15453395273377596 0.18816916394474267
0 0.21189797452530262 0.34199553667377874 0.11557000569998319 0.11973815727678297