0 0.46875 0.9132390785015547 0.1265625 0.09487142619541977
0 0.22890625 0.8813010208349258 0.0984375 0.09792083148532668
0 0.18359375 0.7817868682464424 0.0921875 0.08818181043863901
0 0.12890625 0.6926641840879275 0.115625 0.10985938936371689
0 0.23203125 0.3963267813582696 0.1625 0.12508954721387236
0 0.26328125 0.2637718865917066 0.121875 0.1149109104104042
0 0.06328125 0.4185294630977099 0.1 0.10582433674699843
0 0.0984375 0.3018270814853265 0.0859375 0.09719278939195171
0 0.49765625 0.3539851758424839 0.175 0.13675508930724706
0 0.4859375 0.26033388637994503 0.14375 0.11618498407381014
0 0.9 0.4172627807229851 0.153125 0.11360601564384117
0 0.92578125 0.5172018675405706 0.1484375 0.11020799985882554
0 0.91171875 0.5968515701855239 0.1078125 0.12502936305535747
0 0.90234375 0.7377117886154929 0.1375 0.11738346302712266
0 0.7515625 0.7586172808641594 0.1765625 0.11497109456891899
0 0.865625 0.8597919149662043 0.0984375 0.06823333148532669
0 0.78125 0.8158151308359246 0.1171875 0.07557539462538862
0 0.74453125 0.8683640071866361 0.0859375 0.0940677893919517
0 0.796875 0.7042251834526431 0.1453125 0.12565098933548208
0 0.734375 0.24589747298576903 0.14375 0.11930998407381013