0 0.09282767860929649 0.7177676606460919 0.15235920970237724 0.14538632001909005
0 0.17519428420939112 0.8752523492998197 0.10854556576151389 0.10585110534690827
0 0.2881886207236904 0.8965722712842297 0.10382611485312827 0.12452838001272681
0 0.3684022792084213 0.898760932606639 0.10191292848861036 0.10109088001272681
0 0.6450916802762865 0.7027558999045499 0.14853257909743345 0.17500109468490824
0 0.7652763766427441 0.6264286625557324 0.1329714809142047 0.1373556440165448
0 0.6563805113305738 0.8704337485678227 0.1201207945496865 0.1137908746817267
0 0.7649102305758488 0.793461621220596 0.10790783697334128 0.09803860534690845
0 0.6307731861953402 0.4383303205760951 0.16581567394668237 0.19549540802036272
0 0.7210313954386754 0.4130843252307774 0.14231453000581898 0.15619655068427196
0 0.48015014348182145 0.07801426997136496 0.14282471303635713 0.15602853994272992
0 0.3804212104512833 0.08220977928072969 0.1283795757634536 0.1575954186823629
0 0.1237575248356713 0.3388614106460919 0.10216802000387934 0.10421588001272664
0 0.1652908048414903 0.18383755597550114 0.12487193849054994 0.15287155601527197
0 0.19215670953319938 0.32323586330363774 0.12879416394474275 0.14355110001590835
0 0.07437902029374341 0.2457750293205006 0.10736570303441746 0.110520424013363
0 0.01028456938535784 0.5074579639958638 0.02056913877071568 0.10376134667409058
0 0.08086865210663524 0.38619094398472803 0.10427265394280305 0.09175224267981755
0 0.014557481204068658 0.47775228266231834 0.029114962408137317 0.1007454346753633
0 0.2626284483233118 0.263097247294729 0.12037588606495557 0.11691587468172653
0 0.6917896609006269 0.21673658390359535 0.12882611485312837 0.12481928134945379