0 0.40611766891249845 0.14485136515108019 0.18617489109776422 0.28970273030216037
0 0.09756884982704939 0.27665569912747984 0.10059087334017516 0.10855518119435104
0 0.18941143706287106 0.1952639514732683 0.10059087334017516 0.10855518119435104
0 0.25916540086032164 0.1521206028303211 0.09434087334017516 0.10811813861970414
0 0.5784193949083933 0.1774330512014963 0.1322499394987579 0.18105289406758573
0 0.715051786497137 0.18271649488109448 0.1226658612399266 0.1444598302056153
0 0.5200352440480717 0.031594935381724955 0.12242951190385672 0.06318987076344991
0 0.6464386627641783 0.04171316254335491 0.10526928298109546 0.08342632508670982
0 0.6691660729942739 0.41864292322545393 0.1527260659621911 0.21059828243518833
0 0.75441322658507 0.3970632181458894 0.1399715359079618 0.1659741972858944
0 0.6815917874790957 0.8332299471106674 0.13380334913967823 0.17959965471124767
0 0.5837082785021052 0.8791212373395257 0.13217721662612103 0.16855289406758578
0 0.27648210666274053 0.7998643341408878 0.12734427088084707 0.14322511213660044
0 0.374265100809008 0.9054809135901983 0.11954086123992677 0.14424130891829207
0 0.3158991306668456 0.7361953180493443 0.14164312021691713 0.18483345792955622
0 0.25172702547704306 0.8937453741176447 0.0928147347764936 0.11425887797604233
0 0.07479286251647298 0.7015135874950824 0.055296554058334405 0.10851162252816078
0 0.20562470599881055 0.7642106934274967 0.10059996369925477 0.11011768119435103
0 0.08870537159165928 0.7263114917021267 0.06776928298109555 0.10469820767745457
0 0.4209724500468822 0.7967889746021772 0.13503859621281206 0.12345891535490913
0 0.8156723925707023 0.60597404239942 0.12266586123992687 0.14445983020561534