0 0.20800532257846327 0.46681676503800534 0.24339474317557447 0.13900934757972222
0 0.23111306699689202 0.14304175033868427 0.10280397642635145 0.09890889077317437
0 0.17174452915521982 0.24046562697836443 0.11374147642635143 0.09948210085908267
0 0.1541803475998539 0.31514140038411276 0.09760705417661049 0.0877257293077851
0 0.25999596980681366 0.6293067989592032 0.16773977171162172 0.12101626413349428
0 0.3006295860179174 0.7654833163720578 0.1300214478903042 0.11436347241038014
0 0.09518645305759067 0.5879370912481442 0.12035534946188073 0.10762214947960161
0 0.1328213478047417 0.709928277928304 0.09506425103345731 0.1000619549975255
0 0.5205375175732833 0.7014119295556124 0.19517556699689215 0.14115834577069997
0 0.5221963709641054 0.7872265988229177 0.15106169396136265 0.1310530054270668
0 0.9250910840557012 0.6793620256649966 0.14981783188859765 0.12397748982323478
0 0.9383691029765373 0.5790687765695077 0.12326179404692539 0.12167800542706697
0 0.7988164514049608 0.2842398761853949 0.12918669396136284 0.1299065852552504
0 0.9304591725593273 0.36755806648359945 0.13908165488134544 0.11024918249628843
0 0.7451306792790543 0.3196141321782887 0.17003001778268043 0.13672315128862386
0 0.8828618116202085 0.24811866971753133 0.10378427956950453 0.08649077792830404
0 0.650203361248705 0.08862972580128216 0.10494436517764641 0.04446705223856362
0 0.7598588052100677 0.21751272161741064 0.09604455417661058 0.08764384215265535
0 0.6772388961948931 0.10017805743848793 0.09622433664159917 0.05803822930778511
0 0.8302570041338292 0.4238313206674709 0.10753001778268043 0.13344766508343392
0 0.7353706131062226 0.8295723083429991 0.11276117328319835 0.111900213703953