0 0.534500157735803 0.7296218440367357 0.12930679895920322 0.2339775693385416
0 0.138327758367743 0.20433939504225682 0.09521068068726608 0.08960932028847228
0 0.251472889529979 0.14474422986402757 0.08270403663473136 0.11896951196784729
0 0.3261386968569252 0.11959745307854139 0.08279256784239583 0.09088087955902785
0 0.6256296845324533 0.22655008900274254 0.11287621551297526 0.15868662860909735
0 0.7531471749215148 0.2649378289347563 0.10778592378986111 0.12111389342673622
0 0.6101319165537719 0.06070753666604115 0.09899077792830405 0.10218205547083341
0 0.7266709633652686 0.10013109973631884 0.09175813206674696 0.08328658510611117
0 0.6485095053155253 0.48975795060999944 0.12816702283992143 0.18245143692972227
0 0.7383941988930902 0.4868855641171175 0.11501856965141818 0.14000936379145834
0 0.5562069821369195 0.8961001760087146 0.10950555404758582 0.15392639342673603
0 0.4599937234304923 0.9155060990707288 0.09355300542706697 0.14731271751493083
0 0.1790756733396352 0.751939787234722 0.11445200361804461 0.099420731382639
0 0.23712278946386584 0.8801180322007289 0.11222111827193719 0.14618662860909737
0 0.2342887957954439 0.7108595391345831 0.11600121551297518 0.15875936379145833
0 0.13489522614402574 0.8505052270142361 0.08632700361804461 0.09876611474138883
0 0.016593860244908092 0.6231459060601736 0.033187720489816185 0.10080008700597212
0 0.12113037652813852 0.7111524394951735 0.08830558344622808 0.07696384992375016
0 0.02655037539648475 0.6681492815351389 0.0531007507929695 0.08717399810013901
0 0.3342711064017505 0.8130922267298957 0.14108310266810492 0.16090374525034729
0 0.7407025701057034 0.6959514395920827 0.10491322930778502 0.09607752583555573