0 0.9023611744015877 0.4187125166320616 0.09202878729346083 0.1347837946536235
0 0.8759623323914703 0.17835282714128783 0.09406251324684405 0.10371580517696728
0 0.7775049850238755 0.13868265336494248 0.08603175843752062 0.09701077886860801
0 0.6960987284004536 0.09410517171020678 0.09115576805616747 0.10978379465362353
0 0.3833209646054555 0.21643998719875626 0.1286756154237622 0.1571894156720761
0 0.2576314838427492 0.24881141339417603 0.11212303248413757 0.12971686305535762
0 0.417080861795565 0.04640638569981162 0.10349207694917477 0.09281277139962324
0 0.2995312632468439 0.0811920029131846 0.09518850362819711 0.09130681043863911
0 0.3423785391923776 0.47872715557225537 0.13579863466105593 0.18255343671876342
0 0.2474380614248962 0.47251422390340225 0.11283236061443877 0.15002936305535752
0 0.3938468469890767 0.876543029292131 0.11305061542376223 0.15627936305535747
0 0.49561024363103207 0.8987981899142966 0.10362105172143128 0.15417083148532668
0 0.5756152021612199 0.8808301689381967 0.12256945916315978 0.11629139988706072
0 0.7144048836495654 0.864918200649402 0.10803573320977691 0.146631347270342
0 0.7388269863746378 0.7124078506776368 0.11715776206571746 0.1845863735787013
0 0.8313096414541139 0.8275785533931774 0.08808533175849824 0.1111642841302797
0 0.7973215326537737 0.7285719059957784 0.08259922359113006 0.13267526308359248
0 0.8515080356489986 0.6886224692064278 0.09406251324684405 0.10371580517696728
0 0.9491543619652012 0.6602328877211013 0.09121033175849824 0.11134629465362345
0 0.6525645933608797 0.7753621479620962 0.11297620435383635 0.10949536831702958
0 0.2306945386442234 0.687987305459316 0.10768850362819711 0.09203485253201382