0 0.38186554045754806 0.6102581677218971 0.15996654349765968 0.21066001834239997
0 0.7819451590131669 0.8502947636570395 0.09431768577927464 0.09326191818411544
0 0.6688111476444604 0.9009730620868293 0.08857702174882984 0.10558006175762458
0 0.59124456315778 0.9041913388090066 0.08787668479069169 0.08839256175762458
0 0.3056638433095668 0.7527435329238765 0.11743153361182798 0.1626029515702104
0 0.18289218817637054 0.694418904394062 0.10965352570316256 0.12492109514371955
0 0.3051333082148641 0.9193316393503672 0.10107702174882985 0.1059437746106063
0 0.19476615258737628 0.863714473673534 0.09562551779449713 0.08705738229073816
0 0.30121505973491997 0.5163968559642723 0.12872186068413444 0.1332791644231918
0 0.21921298463977976 0.4749020262599589 0.12141869665368962 0.1455518438900784
0 0.43578364969598893 0.0932441639609734 0.11255303262324472 0.15777905925034233
0 0.5330406516731552 0.08668793857157962 0.09954369665368965 0.14491534639736087
0 0.7879324456279254 0.28104465848419 0.12821252471457942 0.12077916442319178
0 0.9395466837649273 0.34177287298652415 0.062396523725996286 0.11418217194503918
0 0.7374576017497049 0.3296352711788869 0.12374520060802219 0.1643473079967011
0 0.8496140449433535 0.2069683124825406 0.0852610207602467 0.1008016335443794
0 0.9478446620160973 0.4452615858395056 0.055891855741218424 0.10775031551854841
0 0.8485715152858582 0.3477297048024086 0.08918451680591381 0.08218802586424748
0 0.9416556704190544 0.4051905153063922 0.06931768577927463 0.09253449247815264
0 0.6356006244871178 0.21873121192854464 0.13312020060802218 0.16462009263643712
0 0.235684196122217 0.2626293467930723 0.10732702174882984 0.106125631037097