0 0.9036003054229116 0.648294452229021 0.10340980799670092 0.12184507485477489
0 0.8459937085633322 0.8671856933376809 0.09179034639736088 0.09789815260503403
0 0.7309968458686354 0.9102014851082945 0.07974498746358769 0.11294095574818712
0 0.6558293613080417 0.9277656666636606 0.07974498746358769 0.11294095574818712
0 0.3624250391255756 0.7650836143490769 0.1093703029821362 0.1658133986760923
0 0.2346888325408003 0.6920377584770554 0.12384197994174029 0.18053087014004526
0 0.382838142186854 0.9511730099247974 0.07652905925034226 0.09765398015040531
0 0.259539383015654 0.8757599410658787 0.09486988229073816 0.0964812018192454
0 0.27648988763450755 0.6807214228689136 0.1786371285298145 0.13315075599585596
0 0.25561378331958784 0.4995249267978549 0.12578491316955054 0.14005141935425697
0 0.5373839912245113 0.10148780293375614 0.1122679824490227 0.15814644789030416
0 0.918993007059629 0.29246398324626777 0.06577341567683312 0.11541098428423427
0 0.7518426109788372 0.31276571298238814 0.11552937476889084 0.16297949710451592
0 0.8526345696751836 0.2105739743549276 0.09192673871722903 0.10258565260503387
0 0.975374702361633 0.46049054528076105 0.042108595143719896 0.1065068651776464
0 0.8535331431112908 0.34870967514071594 0.07405727711788863 0.07834763192686944
0 0.9685874932695754 0.4149233341558906 0.044960810503983595 0.09727741439185814
0 0.6731804018867795 0.2638508699306482 0.09394387978345567 0.11828342721213972
0 0.7267396594086268 0.20080936848290612 0.08452341567683312 0.11628427956950463