0 0.18975444879850367 0.5709964975103384 0.30100476114786484 0.16536447867096396
0 0.3229975455998655 0.8723021213008012 0.10666489926336586 0.10113683674699843
0 0.24820000537100703 0.7786046001835267 0.10288433540139544 0.0915798262236546
0 0.20834554769355246 0.7134647185711432 0.10488387797604234 0.09792083148532651
0 0.2502827673520511 0.3933272528425974 0.1774908514929388 0.13482856826055967
0 0.2633787110316493 0.25528892654835567 0.1394445482746301 0.12483194198043532
0 0.07939646698373401 0.4511305895190086 0.10350704827463013 0.12273882096198285
0 0.10597575645628783 0.32642672113139204 0.10397694183801276 0.1072048262236546
0 0.49705422452530257 0.2989424030825938 0.20692697921687966 0.155216662970653
0 0.48088863912390717 0.21359643728346084 0.16263067599857095 0.1448560156438412
0 0.9129666706767401 0.2817662534778819 0.1740666586465199 0.136209057737216
0 0.9363848862739156 0.37902839035193725 0.1272302274521689 0.13391851564384122
0 0.8584930131646772 0.68893328234649 0.13810056956195355 0.12786593671876342
0 0.9501192403647444 0.5888206193052499 0.0997615192705112 0.12537797355046648
0 0.7976758454639794 0.6493317270283484 0.17938113342392406 0.1396070735222315
0 0.9478135132031145 0.7117344745386868 0.10437297359377098 0.09525085779368574
0 0.7502755936223942 0.8913441927568944 0.10818384059717552 0.056097352532013645
0 0.8194958511639626 0.7594501796733018 0.10989915990702777 0.10288134727034208
0 0.7751827584731001 0.8773426059393088 0.10291718639013112 0.06979583148532668
0 0.8639567733041357 0.5427107297297715 0.11855289406758587 0.1376203683170294
0 0.6867672985267317 0.15140173221943304 0.12516352698730665 0.12088789462538867