0 0.5401881006524551 0.1425463130287912 0.132431786680454 0.11074039406758573
0 0.766496061982819 0.18026410635974277 0.09954656134627218 0.10219592055068931
0 0.8332375719685015 0.2904856943590282 0.11504429201145391 0.09235102698730664
0 0.8816381619589564 0.3642399046343729 0.14316929201145429 0.09431771857321784
0 0.7655200765834129 0.667310638290728 0.16853291868236298 0.12731588887180562
0 0.6763837565643229 0.8018170422456707 0.11077496268299925 0.12796074505632155
0 0.9449808572565491 0.6321647319899967 0.09782042934436319 0.08802415990702758
0 0.8840240812380953 0.7639503275308507 0.1262545120146356 0.1165533514929388
0 0.7083246472390499 0.7446272551189055 0.16121131468808994 0.1689570856534969
0 0.5294451218969138 0.7970152917414677 0.10935791335136287 0.14035148441265974
0 0.07534325596754696 0.5421817821830868 0.15068651193509391 0.12811356436617344
0 0.20258700863304702 0.26202402464151814 0.1293067866804539 0.11052187278026224
0 0.08373646395609292 0.32955609604505715 0.14178860534690846 0.10983345792955612
0 0.23558077462604735 0.3159356284802454 0.11537155601527205 0.12047602698730664
0 0.11312506663750135 0.2229290376309684 0.10423406134627214 0.10252370248167449
0 0.3289966093252731 0.0824289958126261 0.10683180267345423 0.057429723768998
0 0.253341533975183 0.20067661523869368 0.08702838001272664 0.09975933540139544
0 0.3046596806572277 0.0908917058358692 0.09591248400699967 0.05822739926336584
0 0.1869427326145933 0.39697817884856257 0.1232931440165447 0.13039733020561534
0 0.09819840595163858 0.3634065721598437 0.11508065467854492 0.09547602698730664