0 0.8229996001216371 0.4973452719389243 0.27718064441741397 0.11268706363895867
0 0.7950593898402278 0.8678389566844451 0.09269656010845857 0.08964568787965277
0 0.8535036697962612 0.7605908075581257 0.10672269867214013 0.08372299620027786
0 0.8836229618525431 0.6870630417905563 0.11297269867214013 0.08386846656499998
0 0.7581154643866258 0.36847408310934093 0.1585488190854491 0.1302356267092363
0 0.7142887172152962 0.24634385676069503 0.1193772347764936 0.11057643692972237
0 0.9469097987937772 0.41896831164218834 0.10198065651766228 0.07423889342673622
0 0.8734546389564649 0.2859908510611119 0.11618860226293606 0.09956620174736112
0 0.7400058138208918 0.3922746058107645 0.18046927088084708 0.1385572729857641
0 0.49625633470173885 0.25220807779100735 0.13663745764913066 0.12347648043270842
0 0.06901257865161467 0.500855291603125 0.13802515730322934 0.10796058320625015
0 0.24075823010111153 0.7885222118153474 0.10050906010845857 0.08982752583555556
0 0.09196218179831375 0.7123928568576042 0.13024201190385667 0.09833101006798621
0 0.2661082089256768 0.7289478432742363 0.13182269262201593 0.10149237765916688
0 0.13743324220135994 0.8204969507974308 0.09739315046753823 0.09131729065319467
0 0.37491908578189337 0.9627617584524657 0.10181703005422929 0.04611389342673604
0 0.28182359163562587 0.8480797029816323 0.09736587939029935 0.08662979065319476
0 0.34293328757729147 0.9542037228332643 0.09247839149054773 0.05214568787965277
0 0.18314169370217043 0.6191896771460765 0.1741647287263694 0.12903680262104178
0 0.24790064793345543 0.23236313079329882 0.12239315046753818 0.09189917211208343