0 0.5576554063861199 0.17415711939413242 0.17327202344038461 0.26926175911805567
0 0.8732723095330372 0.2793050931773271 0.10348355027685514 0.10537979065319458
0 0.7834576403469911 0.227922471502084 0.11205751387966068 0.09309799620027785
0 0.7125932302602432 0.17385126092100753 0.09859579117755643 0.10214568787965286
0 0.3896878539497964 0.23127602232017397 0.14060162091177605 0.1733310100679862
0 0.25386097547988123 0.25080465947864605 0.12559838217054295 0.13397756933854177
0 0.4508522987356957 0.05822103523795177 0.12017040252860856 0.09796733415618064
0 0.3259931986434107 0.08974117933027806 0.10797079117755662 0.10236389342673621
0 0.2961731816814311 0.48181957655673635 0.1563663232558145 0.20022081838861117
0 0.21244902375415164 0.4696994766329864 0.14575019586563345 0.15628898043270847
0 0.27656997147471163 0.897608230717049 0.13727636181247735 0.17013327488562524
0 0.3736359361572512 0.9277470595548959 0.13481269586563344 0.14450588089020827
0 0.697791734274638 0.7955268923798965 0.11548290252860874 0.09785823138263901
0 0.5834917975083032 0.9349439233463543 0.1232744185677376 0.13011215330729123
0 0.6442755104927999 0.7637670928929866 0.1454893800110746 0.17656511284152784
0 0.7064880089516403 0.9162212520872923 0.0926461798265045 0.10668771751493082
0 0.8856805629291233 0.7083574667524314 0.056608550276855144 0.1042887629177777
0 0.7549429002214819 0.7827736256623965 0.10554669802510172 0.11322865824437507
0 0.8731910549095587 0.7323216436141674 0.07037066162790709 0.09992857123840278
0 0.5378066625599831 0.8379656994662504 0.1365964389258032 0.11083101006798621
0 0.15167580275009054 0.6732777651019793 0.11462130937615385 0.10875936379145834