0 0.5715646407987403 0.10522846237080037 0.12393088441013074 0.21045692474160074
0 0.18331788289007486 0.14799050971760747 0.09607118676785786 0.10122014342930993
0 0.30231989228161504 0.0959495434939084 0.0827090237259962 0.11750647748246605
0 0.37967822973404497 0.07151194556109167 0.0858340237259961 0.1177067365817647
0 0.6714306951336338 0.2164497015780713 0.14418503460041113 0.17287390036914027
0 0.7760280118258172 0.28844701265226813 0.1260425296574951 0.14833497532299766
0 0.6567328196579327 0.039889909394609756 0.08258168973360754 0.07977981878921951
0 0.7725395503805609 0.10633541949981343 0.10802735870696818 0.12692105027685519
0 0.6454438566926207 0.24227052437246047 0.15056236859280006 0.17639941856773758
0 0.7360702207996154 0.4850309184200793 0.13216519566510634 0.14561049352159508
0 0.41077847175101745 0.8954815692506447 0.11867569863085592 0.15877182757475125
0 0.16495793026770517 0.7133151210686595 0.12971135771838496 0.12363536397194572
0 0.20656581562923795 0.8586986698043553 0.10710152866891205 0.14244592072720588
0 0.21814393867066215 0.6701670959302319 0.1286237015966055 0.17343510487264702
0 0.10810841099033326 0.8081257757567364 0.09626218775644105 0.10590764342931003
0 0.017572195380779608 0.5672783351328903 0.035144390761559216 0.10582849784053164
0 0.10790677562880044 0.6600887939553337 0.09326452174882985 0.10883238433001133
0 0.0208099419207385 0.5943216964839424 0.041619883841477 0.09529151603912886
0 0.31049858194086033 0.774896563851974 0.13787136760421675 0.1709108821705428
0 0.7138464164275408 0.7435943900424492 0.11373353064607841 0.1522214389258032