0 0.6007923015388323 0.5447784429317581 0.12355805113509036 0.1964634798304626
0 0.2630930730458924 0.9060421143263422 0.10497960064862308 0.11527226842611071
0 0.38384194966909785 0.9389435057494442 0.10051028896022585 0.12211298850111163
0 0.458773765821722 0.9438893564092357 0.09557732710967279 0.1122212871815286
0 0.6860691026739227 0.737892747361619 0.1858125892845374 0.187869021300833
0 0.8290418068138379 0.7059379927434707 0.12424779788867957 0.1466001808672221
0 0.7524692187438213 0.9499424497175688 0.1209046095770768 0.10011510056486231
0 0.8419390474783472 0.8638577994824057 0.12257620373287814 0.1402134798304629
0 0.6847309249156268 0.527160298916758 0.1727592102256999 0.2444512119699997
0 0.755828629055542 0.48891729660768374 0.14806712743398442 0.1705256964186109
0 0.4301841521907507 0.15542483407203622 0.15411830438150137 0.24906079952888863
0 0.3796386814117439 0.11980040089574003 0.12772735389503403 0.16718608294074047
0 0.16636098011120234 0.36948060626782375 0.11440914772652375 0.1192174746466664
0 0.19204895251506224 0.18763457544787002 0.12293075973923262 0.1605259798304627
0 0.22655814041962782 0.37708734618305517 0.1405819099013884 0.18859219123481452
0 0.10033478530677786 0.25137586376069426 0.10662392126547413 0.1200964694628702
0 0.04337526785361219 0.5186324228087036 0.0485114123370204 0.0978510311027776
0 0.1200587244291595 0.39819207516504607 0.1035534683433748 0.12294806738935175
0 0.040486047074605395 0.48717737125356475 0.06580800649282176 0.1056047425071295
0 0.2847097853067779 0.2675065860982865 0.13165119480442442 0.12384618605101831
0 0.7084239748361967 0.2757146675784246 0.11128414772652384 0.11894407257314796