0 0.7883307236180249 0.43926721131392005 0.27694462152108806 0.1731923892225425
0 0.05410671680513316 0.7372431237904629 0.10821343361026632 0.10618835779368574
0 0.050750330595245495 0.6183412053463765 0.10150066119049099 0.1039734104104042
0 0.05296640589965708 0.5444941816688532 0.10593281179931416 0.102972352532014
0 0.26846398907997643 0.2736070160673642 0.1863515724294736 0.14925508930724707
0 0.35642598787202845 0.15807375035293586 0.14757611485312827 0.1314459630271227
0 0.0806449957479362 0.2503346579913298 0.13482102333785922 0.12759292093374794
0 0.2011325810542875 0.15545552652012076 0.14119856909549375 0.1295194419804353
0 0.525957753623844 0.30059663736816544 0.21418953000581897 0.1664271787556686
0 0.5606513601420225 0.21848979265807214 0.17136430121764637 0.15615753669052862
0 0.876085944071248 0.46914515613695273 0.1735964809142046 0.14540204721387226
0 0.8596003325520994 0.5758501824453119 0.16632611485312837 0.13253802616718496
0 0.5710965866349854 0.8049208453453778 0.1154332945496865 0.11868835779368574
0 0.7567948416359552 0.7684464770989355 0.1599485690954939 0.13061150512049746
0 0.5901333711827323 0.7431642979903311 0.15395366061076282 0.13337248407381014
0 0.6677007775414314 0.8692725007058716 0.11521015394280312 0.09690436305535784
0 0.40139038026658813 0.9407658820359064 0.10746155575957417 0.0591313472703419
0 0.5321139639059493 0.8538434637329944 0.12248052000387943 0.10976838410204515
0 0.42729917602422257 0.9377017952183209 0.10535692182065048 0.07144933674699842
0 0.6940075413363929 0.6803542138741687 0.12321384364130097 0.13780237884037305
0 0.7637924645341692 0.25408784548655217 0.11999324879205205 0.11739887357870131