0 0.81328125 0.693911084974067 0.06875 0.18136996832111638
0 0.821875 0.7714351514339274 0.0890625 0.0999778566887187
0 0.70625 0.8279579390648959 0.0765625 0.114728771539425
0 0.628125 0.8693584712479826 0.0765625 0.1428537715394249
0 0.3421875 0.72529066903808 0.1015625 0.16803944183801267
0 0.2171875 0.6230940205310189 0.1140625 0.11266352698730664
0 0.35546875 0.9157682035669552 0.0734375 0.11138525025210129
0 0.234375 0.8343921534507398 0.1 0.12261768119435104
0 0.27578125 0.6564967463937037 0.1390625 0.1690991972858944
0 0.240625 0.45973636087609276 0.121875 0.14289733020561535
0 0.53515625 0.05895511087609281 0.1078125 0.11791022175218561
0 0.7921875 0.20319860366350034 0.121875 0.12727233020561535
0 0.74375 0.06865825678526397 0.096875 0.13731651357052793
0 0.7421875 0.23247619426067584 0.10625 0.13086722376899795
0 0.84765625 0.11181985081350873 0.090625 0.10477461733238061
0 0.96328125 0.35139081318254034 0.0265625 0.10498243094224949
0 0.8578125 0.2556409066297075 0.084375 0.08715007475773362
0 0.95859375 0.32828109511352555 0.0578125 0.09779264381548422
0 0.6671875 0.16740820515643914 0.1171875 0.12069454827463014
0 0.9546875 0.2699604967226799 0.0375 0.12293475544788164
0 0.696875 0.08017600292686618 0.0984375 0.13344592055068932