0 0.8144261414418914 0.4889548422235201 0.2726841368892682 0.17480167624907353
0 0.7071742977709788 0.8204577033923162 0.1060017510334573 0.10419806738935185
0 0.7592334115008833 0.7217570717711589 0.09393839867609248 0.11247945909527761
0 0.8135078426419644 0.6423142880764832 0.10422092721213971 0.09937386635259245
0 0.7580049751880062 0.3304970847306496 0.1745719685684687 0.1397637119699997
0 0.7392272040955572 0.19909055131879777 0.13663532092583353 0.12710788708777754
0 0.9315665996712778 0.3627744680952333 0.10062504631872748 0.1224012632423146
0 0.8997430190255347 0.24418029297745547 0.10316784946188093 0.11017466531583313
0 0.5074463571148758 0.2808360032040288 0.20193498924663303 0.15927512959490703
0 0.520006323202145 0.19492789750185285 0.1578211162111037 0.14763500056564788
0 0.09116638565092308 0.3312609789819909 0.1730094685684686 0.1396270109332404
0 0.06619427254019125 0.4325008502355557 0.1323885450803825 0.13499829952888867
0 0.19074027667852966 0.7325904501882874 0.09877144789030416 0.11601456220555537
0 0.058810880998110625 0.6444246517906945 0.11762176199622125 0.1252131964186109
0 0.2237925252307876 0.674456029971482 0.17798806699689199 0.14628711404351816
0 0.07033573139325937 0.7617980795003705 0.1086173287837163 0.09353396946287021
0 0.2768296722542502 0.9055700374643525 0.10538101282028159 0.05745976842611071
0 0.20300052812627173 0.7867605403390746 0.11388702564056316 0.10644407257314796
0 0.25312034450399123 0.8967514035341211 0.09978598428423435 0.07097546427907417
0 0.1495802373891154 0.5805781823278243 0.11229029238978616 0.13898317049962933
0 0.3166116495046619 0.16837283383569507 0.10956339867609248 0.11384646946287016