0 0.2749383693941324 0.5878006110023065 0.2539991286090973 0.12374976639624684
0 0.8091055091180557 0.21728477221903883 0.09262521751493047 0.09280465186945538
0 0.8679376080918753 0.3324846423449077 0.10639677678548623 0.0813702444009226
0 0.8961730172861809 0.4063724282376791 0.10966724715020817 0.0878570427412487
0 0.7727777637707991 0.7003923475290665 0.1602127610179167 0.11508331618646536
0 0.6968718400431951 0.8233194394358339 0.13539459897381967 0.12100142946385724
0 0.9551655043684029 0.6851495462889556 0.08966899126319419 0.07812684523075966
0 0.894581988219584 0.8071061340465379 0.10999455547083344 0.10191954274124874
0 0.7034478419430561 0.770786435286649 0.1503662887533334 0.16112952199532415
0 0.5122058993137506 0.7968483373565971 0.1324150693385418 0.127014631123531
0 0.08414840881305596 0.49925556141258054 0.14771276101791675 0.11413612282516113
0 0.24513523451677105 0.24551802262002415 0.11351959897381951 0.11934384108157473
0 0.10814503400368078 0.29050844606059656 0.13183318787965287 0.102014631123531
0 0.2960807918874655 0.2899317960652409 0.16355596656500007 0.12469511452679143
0 0.15176578780340294 0.18775122158040575 0.09731271751493065 0.09315984937994451
0 0.3892995425530556 0.07317219378551146 0.10076371941479172 0.04039004689043355
0 0.29424357532246537 0.17749099565032245 0.0941149823325695 0.0897980510396184
0 0.36522626291777777 0.0775870066479846 0.0934603656913195 0.0616730510396184
0 0.21688556078916696 0.3720562892167637 0.10087412860909728 0.11214664772027057
0 0.160331661947188 0.6227890724102427 0.25065592306201395 0.11413796805592077
0 0.11463207655673638 0.33467284315616713 0.11969686379145843 0.11669243776222675