0 0.6881814065430034 0.5636131156699454 0.29196386181247735 0.1819271879233554
0 0.10849841070505659 0.25182252883281525 0.10807092072720588 0.10688516508343389
0 0.0663633706072342 0.3711147614199607 0.11850777297895927 0.09964587516934209
0 0.06191795458194854 0.45388631784239586 0.12383590916389708 0.11255531094499087
0 0.24400420265780548 0.7182741236990041 0.18204864126984166 0.1434644742194024
0 0.312475995533405 0.8363081507227971 0.143747604872647 0.12899918249628825
0 0.07765850941306568 0.7330725288328153 0.1227341980251018 0.1169971494796016
0 0.14219377391103513 0.839142144391219 0.10348355027685519 0.10820200361804452
0 0.51115093229974 0.696216496493497 0.209712566315984 0.16204405585660825
0 0.5291313718438518 0.7826010538204432 0.16496127081949083 0.14412621551297528
0 0.8883909600590613 0.5341280907938589 0.16934838217054277 0.13968437697836436
0 0.8907428069121437 0.43626712290603464 0.1622973457733483 0.12685682835784537
0 0.66468665638612 0.1963127510160528 0.12822273442229637 0.12974281094499088
0 0.5865289828811369 0.058174263906351574 0.11131703423772628 0.06033771370395289
0 0.631294363049095 0.25256939506858755 0.1840116594684389 0.14979636137453217
0 0.7455547270210408 0.13313772161741064 0.11548290252860856 0.10104460085908266
0 0.49335997378183827 0.056426978176131334 0.11015505243632351 0.06650582654882312
0 0.6044593576504242 0.14534007123329787 0.09683303207825791 0.10162445499752559
0 0.5433599737818382 0.0590473671402834 0.09765505243632351 0.0658507293077851
0 0.7520493491694344 0.3498272546340974 0.20991282541528272 0.16516905585660827
0 0.7366224992340329 0.7495782711424408 0.11834708667404978 0.12143898801421252