0 0.11953125 0.5703125 0.07421875 0.1234375
0 0.1625 0.80703125 0.08203125 0.090625
0 0.2640625 0.84296875 0.07421875 0.084375
0 0.35 0.88359375 0.08203125 0.09609375
0 0.64453125 0.75390625 0.09609375 0.153125
0 0.775 0.709375 0.096875 0.1140625
0 0.63046875 0.925 0.090625 0.09140625
0 0.75078125 0.859375 0.09140625 0.109375
0 0.67578125 0.496875 0.11328125 0.140625
0 0.76875 0.4859375 0.09609375 0.134375
0 0.59453125 0.0875 0.09375 0.14609375
0 0.49140625 0.071875 0.084375 0.14140625
0 0.41328125 0.0765625 0.10859375 0.134375
0 0.275 0.11796875 0.09296875 0.128125
0 0.26953125 0.2765625 0.08984375 0.125
0 0.16875 0.153125 0.08203125 0.09453125
0 0.12578125 0.2078125 0.0375 0.11796875
0 0.1515625 0.3 0.08046875 0.09140625
0 0.05078125 0.346875 0.06171875 0.09296875
0 0.34375 0.21328125 0.0875 0.0984375
0 0.77109375 0.271875 0.09765625 0.08046875