0 0.7348347926082299 0.3700758337600475 0.12707267202418074 0.1883286606107628
0 0.17852696455286887 0.8229119862050386 0.090044292011454 0.0916451081851684
0 0.1259297705681409 0.71481231484343 0.10392497867599956 0.07716802000387943
0 0.10802520257800408 0.6436866139350444 0.0977658853437268 0.08447033697334128
0 0.2414126039545021 0.31513156605137793 0.15468859468490823 0.14687448424818444
0 0.29115915996977415 0.19867764756470735 0.11682496801399936 0.11256338606495557
0 0.049934996976455634 0.37697721711924304 0.09986999395291127 0.07716802000387943
0 0.13143871463241066 0.24137481484342996 0.11202838001272672 0.10280574879205204
0 0.2628148892823205 0.35397092544449443 0.16726132001909005 0.15414485030926084
0 0.5097000746340015 0.1987899914958724 0.13259541868236296 0.12633884364130096
0 0.9244870912635488 0.43810900132863423 0.13866360534690828 0.11122402667183913
0 0.6978042232256868 0.7352542946703727 0.1415340666772721 0.0896041181871082
0 0.8884479519016864 0.6510074851177767 0.12761701734563574 0.10095620636839726
0 0.7297814765675046 0.670203379517682 0.08855451734563573 0.09776756242753404
0 0.8372207118873689 0.7605576993620818 0.09474997334499946 0.09359024545807201
0 0.5919798425366423 0.9085798375530694 0.10045453333863605 0.04722542848861018
0 0.6932525358848235 0.7910419090644591 0.09157042934436319 0.08864765394280312
0 0.6170525678708241 0.9002891054309167 0.09124316534054522 0.060522653942803116
0 0.7997041725811858 0.5638101161817625 0.1575590560152719 0.1252545757634536
0 0.7308938219685015 0.17214851679058568 0.09480451734563573 0.09827774545807211