0 0.5343116139350444 0.15682791121673234 0.1333224251546305 0.09240283278320494
0 0.77036081317644 0.20222753466659346 0.10089256242753404 0.09460395020978145
0 0.8052941804454642 0.3039210118460766 0.0954397878817268 0.08487375269929238
0 0.8461267324120166 0.3911259365360489 0.11077774545807202 0.10156434523075966
0 0.7121354011885513 0.6844004946246371 0.16817565727678296 0.1198892153566284
0 0.6652927389107985 0.8152710637108876 0.12885806576151387 0.113804236102553
0 0.8829899061895212 0.6714063550022438 0.10790783697334128 0.1044525468904336
0 0.8192626328516619 0.7876340836316195 0.12417056576151389 0.11344903859206372
0 0.44483645982306347 0.7136689844521676 0.18663861485312835 0.13681660622842173
0 0.4419987601226259 0.8062116819626567 0.14929811151914835 0.11690592531467212
0 0.06242920642874047 0.626694399794863 0.12485841285748094 0.11785311867597628
0 0.0525518177183679 0.521071361827499 0.1051036354367358 0.0952677236549981
0 0.13121882271933774 0.22218542116548728 0.16128792848861026 0.11160311867597636
0 0.07772741877653469 0.30931764564567804 0.14253792848861027 0.11018232863402008
0 0.23557174074696635 0.3016263126619805 0.17936824879205204 0.12384300954776961
0 0.11621557605331763 0.20375472987877555 0.10558006242753395 0.09495914772027055
0 0.3545122857556949 0.077172609552414 0.10825878121376702 0.051682744400922596
0 0.26148014969073924 0.18646325394869223 0.08201501666989941 0.09162066016782515
0 0.32074319257343586 0.0864049769789905 0.09390923879011233 0.06612375269929235
0 0.16950058847115326 0.37915839419578556 0.11128792848861027 0.10781434523075957
0 0.22646948390982874 0.8079597456503225 0.10529302000387934 0.11046574855010753