0 0.9183781015364512 0.5645474143163025 0.15333079715018094 0.18364881303532493
0 0.8613856365893028 0.20729345051885187 0.10343261646291495 0.09588519262201593
0 0.9067534475342939 0.3278332094958423 0.11519563206674732 0.08189541549465282
0 0.9191140066702623 0.3997582064707802 0.10606629353213606 0.08652837334017516
0 0.7653460340327396 0.6995531525106417 0.17513055404758582 0.15253516842151918
0 0.7138012234264329 0.8039088544042355 0.13254026232447186 0.11479881908544912
0 0.9536710521249923 0.6780650136523725 0.09265789575001548 0.08189541549465282
0 0.8780717633405247 0.7939303872871353 0.11009205223856355 0.10373405405833439
0 0.7514572744218012 0.6580787248175446 0.19075555404758598 0.1526260720123153
0 0.4958833830827999 0.7589043848512483 0.15375352103089918 0.13210449375348396
0 0.09764179839337639 0.4324675872358217 0.15433337516934215 0.11336358411256367
0 0.2992607728399214 0.18137376160926907 0.13731629353213642 0.08671018052176756
0 0.1480158553816384 0.23125961123992672 0.14306832654882312 0.10704995159900639
0 0.2979306462002413 0.24540899053203025 0.14602955223856365 0.1039431323171656
0 0.20293132745333428 0.13160959006449202 0.10812011646291486 0.09591246369925477
0 0.4485946302577248 0.03541234269677067 0.10369156603337348 0.04121587334017516
0 0.3403494402982045 0.1308470416634984 0.08904256784239584 0.08955337939029935
0 0.4300084045679843 0.03842825838781526 0.0983423247398008 0.05836701190385668
0 0.23812960029325575 0.31144708098930574 0.12020403663473136 0.11785109621281205
0 0.2769319872212429 0.7388862797596417 0.10696705223856365 0.10371587334017515