0 0.8291343622589012 0.48787733168287045 0.26535715988879927 0.13415500580598766
0 0.8229810436624291 0.8208489560560498 0.10160219473518958 0.09348923871722895
0 0.8438788754209272 0.7150990612288993 0.08619544954451293 0.09928459765100221
0 0.8725792834956281 0.6322554689881736 0.0983135036281972 0.08871081050398359
0 0.7238888454686783 0.3440471121659715 0.16815477767481415 0.12196123119538153
0 0.6648362823993196 0.22111206584775286 0.13043652286549073 0.1146200926364372
0 0.9172122595338289 0.33950567933387255 0.11799108656782167 0.11581887978345566
0 0.8371924320365001 0.23472959962955914 0.0971329495445132 0.09960284639736088
0 0.4596626543616857 0.34105117814673835 0.1952629146981227 0.13835912100796702
0 0.44542159428755196 0.25617607297388884 0.1513492235911301 0.13239862602253202
0 0.0718675323993196 0.4640146873844454 0.1437350647986392 0.12177937476889085
0 0.0653248665200705 0.5693470450645773 0.130649733040141 0.11994409012915472
0 0.25712786516930813 0.8333199315119506 0.12536707694917482 0.10354620031656907
0 0.10674840845321894 0.7726371811162392 0.14600695916315992 0.11351223370266403
0 0.27197410436953495 0.7664961443649321 0.12100695916315996 0.1127848079967011
0 0.17259660854588615 0.8801290838609486 0.10445437622353534 0.08576766693047447
0 0.42172110010836567 0.9781418607809815 0.10465278366526398 0.04371627843803694
0 0.3141392678017133 0.8803373355103012 0.10634425843752045 0.09518813103709718
0 0.395240445661862 0.9731247460079672 0.0973313569862416 0.053750507984065624
0 0.1963590346767543 0.692347939033798 0.10592759618646844 0.1279551669304743
0 0.23539182985958168 0.2688338826864496 0.1051091406515056 0.10451766693047429