0 0.18583836251335528 0.5087868445628384 0.270917679126093 0.1561990016215578
0 0.16409724945184584 0.19960275933549082 0.09702382213985139 0.09538641233702042
0 0.12139637268015631 0.319952215504001 0.10914187622353536 0.08466710064862308
0 0.1215079892850448 0.39030562581242656 0.09368056733052796 0.08908186525911965
0 0.2892510831092606 0.6719259983784422 0.16826390507947586 0.12317622158978576
0 0.35522580189106734 0.7927236935899037 0.13043652286549073 0.11314665665497756
0 0.12370792866275686 0.6771607435071783 0.11135914065150562 0.10344437418757338
0 0.1853671696770822 0.7863078725660155 0.09088294954451306 0.09840231818121907
0 0.5268602105139223 0.6709054204579905 0.14224704210278444 0.13833757142762995
0 0.5726117093327959 0.7498428981368562 0.15113096878180662 0.12443871266133186
0 0.9287153101589517 0.5229983855582498 0.14256937968209654 0.11840690097293453
0 0.9325198672378608 0.42290292817192354 0.13496026552427837 0.10884098620028233
0 0.733973239833199 0.17714791761861676 0.12947422359113006 0.13030688311602723
0 0.7250570529025577 0.05613598823546776 0.12756449400955033 0.0756193831160272
0 0.6873363420101173 0.22955589732607726 0.16670140507947587 0.12314894805083539
0 0.8028844417399646 0.11340697159637628 0.10456350362819711 0.08771028003177209
0 0.5565600240466171 0.025310096998470432 0.10977679328391084 0.050620193996940864
0 0.663122537293461 0.1181917033324317 0.08592263103285873 0.09050799756436803
0 0.6028447470047752 0.03187769683631465 0.09631449400955035 0.0637553936726293
0 0.8041369508104574 0.32835981575217765 0.16870041469812272 0.13567622158978576
0 0.7844569449048256 0.7273836968396099 0.11157739546082901 0.10969437418757337