0 0.5031602679821827 0.10185530047999274 0.20319882001909004 0.1523646787556685
0 0.1381523386378195 0.2043095264495336 0.09173406134627213 0.10059080517696725
0 0.2411506166454555 0.14209868181002747 0.079270424013363 0.10298776308359243
0 0.31956651798218266 0.11254841872643502 0.08235906134627217 0.10004477360693613
0 0.6150506459659562 0.21478866900878368 0.18290450135263542 0.15274411035393448
0 0.7577466759627745 0.2298991875658095 0.10923064401654461 0.12815436305535757
0 0.5978647879933184 0.033247326576590484 0.10114542401336309 0.06649465315318097
0 0.718249465985046 0.06824832700011349 0.09792951734563574 0.09626732622365464
0 0.6279762652769116 0.37876786902290116 0.14144425469445335 0.21278696828879456
0 0.7536024265993213 0.4518651928274814 0.1266545013526354 0.14946792093374786
0 0.1821604945496872 0.8505251028143626 0.06904199602163534 0.1632882262518894
0 0.5016911972072331 0.8990565241716336 0.1047795013526354 0.1481938472703419
0 0.2116581852323683 0.7309182581042692 0.10419769867918127 0.09819384727034208
0 0.29410596387655114 0.8916289739739895 0.10156359468490823 0.14019933674699842
0 0.2742036385662319 0.7233717976373952 0.1092306440165447 0.1281543630553575
0 0.1852036785487327 0.8573743422910189 0.09178860534690844 0.10527830517696728
0 0.0441354252466858 0.635278076364829 0.03241360534690847 0.10182010523343692
0 0.1579610205681409 0.716089189631948 0.0886817866804539 0.10665879465362345
0 0.050921227243822295 0.6559623026873057 0.05421588001272668 0.09684417889684287
0 0.35552581655795956 0.7795315213996232 0.10287155601527206 0.11841534200867017
0 0.7752485179026409 0.6715483612715676 0.09629429201145409 0.08992632096198286