0 0.5086160865678216 0.13894955110690985 0.1329613221398514 0.10054663387576941
0 0.7492956502701524 0.15312267299689164 0.10974207694917482 0.10556832654882312
0 0.8041046905588385 0.24879369911617344 0.09998513103285873 0.09413950361804461
0 0.8621924982707195 0.3267006931232796 0.1141021947351895 0.09643898801421233
0 0.7982143661415524 0.6383951096770515 0.17624009618646852 0.13400758706427282
0 0.7795511900955023 0.7738855523501054 0.1321627139724834 0.12233974672063966
0 0.9536929901496851 0.6040654545432403 0.09261401970062977 0.11017393939369349
0 0.936880051258095 0.7236442921733399 0.09244544954451328 0.10154256784239593
0 0.5391419557045989 0.7004602611928181 0.18443454210278443 0.14535452283992142
0 0.5580134959932848 0.7942478827441157 0.14924108656782167 0.1201155054270668
0 0.13329125978828288 0.6682730444366476 0.16012402286549077 0.11912621551297527
0 0.09712309209493523 0.5704596641789227 0.15699902286549078 0.11896244120271575
0 0.10753974772256529 0.48912445499752566 0.11056053248413758 0.12900582654882306
0 0.09839538229880315 0.3389197371097012 0.1454266058051153 0.1448698439616777
0 0.25323664972199833 0.32909875904511154 0.135396841377145 0.12562852103089917
0 0.12505459681944064 0.2537568430571665 0.11361112141421192 0.08237648801421234
0 0.20585072903342577 0.26734903154634876 0.13058036660488848 0.07702724672063965
0 0.24892611723786073 0.20566125904511154 0.08436013103285873 0.09332063206674705
0 0.3156820529025577 0.08516837460351526 0.1113938569862416 0.06354460085908262
0 0.21840031433530305 0.135437290252776 0.07994544954451302 0.10088747060135783
0 0.34992074299805986 0.8199937539567289 0.10839783175849824 0.11173643939369349