0 0.7610347710426495 0.4307490560240133 0.266963843641301 0.1461748629141832
0 0.7036221731492847 0.8197506428415988 0.10140274545807201 0.09921031570031111
0 0.7739502617896158 0.7106871850055608 0.12707242515463033 0.08981990514873246
0 0.807288662398439 0.6356570929263035 0.09894742515463051 0.08818181043863901
0 0.7349502452888943 0.331188671780794 0.17037588606495557 0.12499854195220043
0 0.7112890889301953 0.20194078753757463 0.13211061151914832 0.11343941567207612
0 0.8979605572573863 0.353573364043578 0.11272288273097572 0.10453485253201382
0 0.8710628305952455 0.2353994876928664 0.09333515394280312 0.0956302893919517
0 0.47737673241201667 0.2956508031108287 0.19470620636839725 0.13730112087727822
0 0.4901793634760024 0.20548853469497722 0.15149834030732096 0.12234397881213824
0 0.07367719628186876 0.3686219264071813 0.14735439256373753 0.11838452090551303
0 0.05706384559815499 0.47067725007058725 0.11412769119630999 0.11802049985882554
0 0.16023857709208772 0.7612049975809256 0.13855205909355411 0.07804794724210709
0 0.06034067688196343 0.6871899158838376 0.12068135376392686 0.12105449459715381
0 0.19698902012456554 0.7015268897166527 0.17962334030732108 0.12398207352223149
0 0.06425652633348336 0.7940090632812365 0.10701501666989943 0.09176183674699842
0 0.2743335437522888 0.925617566123834 0.10344373545613247 0.048011836746998424
0 0.19946070269606173 0.8141256002541137 0.085267562427534 0.09205026308359257
0 0.22717150132863423 0.9128137292356613 0.09196410151720871 0.0597837946536238
0 0.15030508088510958 0.6257148186134955 0.1313453369733412 0.10406441567207611
0 0.2889675498405205 0.19388171871231757 0.11635806576151389 0.11096686305535756