0 0.8655959754559006 0.56484375 0.08010870031656907 0.121875
0 0.8196229312492532 0.80234375 0.08871081050398359 0.0953125
0 0.7185545247436202 0.8390625 0.08067098997087019 0.0875
0 0.6328837977048739 0.88359375 0.08425063103709682 0.103125
0 0.3388646762346883 0.75859375 0.10771687476889084 0.1578125
0 0.20812915327343476 0.7140625 0.10175637978345568 0.1140625
0 0.35033807066612743 0.928125 0.09486988229073816 0.0921875
0 0.23609972591811917 0.88046875 0.08821070533113406 0.078125
0 0.31237769873372345 0.4875 0.11731919530200426 0.165625
0 0.21780098462710082 0.4890625 0.09605194906292788 0.1328125
0 0.3981670638691958 0.08984375 0.09485316191590928 0.1453125
0 0.49790865109535665 0.071875 0.09476223370266404 0.1421875
0 0.5768687253893938 0.096875 0.11361988229073816 0.0921875
0 0.7231981561099217 0.115625 0.12234166442319179 0.1234375
0 0.7154812813410307 0.2734375 0.10837009263643722 0.1265625
0 0.8040018752311091 0.1578125 0.06389266693047438 0.1015625
0 0.7814161698999751 0.2359375 0.055154164423191786 0.1234375
0 0.8351118197416906 0.296875 0.08214256175762494 0.084375
0 0.9407336824363874 0.3453125 0.04179034639736088 0.09375
0 0.8602458635526267 0.21171875 0.09436977711788863 0.075
0 0.22030517366089883 0.26875 0.09505173871722894 0.0984375