0 0.43764052012638804 0.08438945160662362 0.12851450361804456 0.10334408525525038
0 0.2139064490046318 0.13528464552287275 0.09841756784239583 0.09397572930778511
0 0.1595232434412793 0.24859355099536823 0.11338747060135787 0.08229460085908258
0 0.11962193973237764 0.32432389133900125 0.14143058344622808 0.08220606965141819
0 0.2690199106724197 0.6188850395754075 0.16642393939369332 0.11312187697836436
0 0.3729781495911433 0.7489642859573629 0.10910276232447184 0.11946705223856355
0 0.0813218368371301 0.5950358610358479 0.10384869629109834 0.07867827792830404
0 0.15612816429046436 0.7219425197877037 0.13188516508343384 0.1081953595655099
0 0.3339698812737776 0.6922539405253472 0.16074050542706697 0.15333744120271575
0 0.518826238125754 0.7366203369527311 0.1066328595655099 0.13180327792830404
0 0.9360923874938141 0.4585949977407518 0.12781522501237177 0.11575555404758582
0 0.7810363952957301 0.1792018260985972 0.12366322930778502 0.09997342378986111
0 0.9122697851643935 0.24674677295552244 0.14052318068726635 0.09462418249628843
0 0.7592709379233554 0.24223077058067322 0.11963082654882307 0.11222776232447187
0 0.8731895957707 0.1438198467908121 0.10310506784239593 0.09422139077317437
0 0.6424231953865872 0.020193033413171524 0.11010534034363317 0.04038606682634305
0 0.7305959820213186 0.12857438433005464 0.08583568068726599 0.0917581320667471
0 0.6733832683173657 0.025049290762832067 0.09472600180902227 0.05009858152566413
0 0.8182165699901024 0.3206147201511319 0.1216846494796016 0.1216846494796016
0 0.903092858999683 0.28091373304143075 0.11355124491161703 0.08541960085908258