0 0.1516826456946336 0.5067114246943724 0.2567330154212755 0.13053510628614956
0 0.18533053733207744 0.8245916434867079 0.09689436525911974 0.09562011646291495
0 0.13017365868027714 0.7054012302122963 0.10917617694751698 0.083775213703953
0 0.12346396265803668 0.6340208751693421 0.09053527110331835 0.08904256784239592
0 0.2628950608743231 0.3494079370188442 0.1613659683433748 0.1224149898232346
0 0.3154006777582959 0.2272739874483855 0.1237023271096728 0.11107469810012063
0 0.09737915503012447 0.3469778985750905 0.10637845941492108 0.10236143939369331
0 0.14618307345622478 0.23635798111680742 0.08910913879807003 0.09677318068726608
0 0.5267666461016708 0.35230936623577225 0.1881193831160271 0.13474457146044044
0 0.536204101459402 0.26694507632168046 0.14426028896022594 0.12620173111680746
0 0.924071407060367 0.48803434079385893 0.15185718587926617 0.11600121551297526
0 0.9323728536915155 0.5916097201470726 0.135254292616969 0.12003361827193722
0 0.755356665173099 0.8380742051090673 0.12252165665497756 0.1328678109449907
0 0.8896810722351134 0.7975011940277907 0.12989778003177221 0.10827724672063965
0 0.7060327751572129 0.7847544533000449 0.1582409683433749 0.12225121551297509
0 0.8321470361142614 0.8998582321328602 0.09982845048646745 0.0848463907731741
0 0.6074391367628846 0.9848491310486647 0.10232615909060953 0.030301737902670565
0 0.6923851067311124 0.8972168317487474 0.0811875446422686 0.09011374491161739
0 0.6323573161460336 0.9777736154448323 0.0964579886359143 0.04445276911033531
0 0.7975969379012703 0.7091579890302653 0.10837733603812652 0.12744332654882307
0 0.7496080823846786 0.2851539229968917 0.10492505357072232 0.10852955223856356