0 0.5852069006432774 0.84609375 0.1192990647365729 0.2546875
0 0.9088802763682237 0.79765625 0.09171574855010753 0.096875
0 0.8090704531327884 0.84140625 0.09607136182749905 0.071875
0 0.7325321865360489 0.87265625 0.08487375269929238 0.0890625
0 0.4200419966992296 0.759375 0.11652741701630238 0.15625
0 0.28631726951974645 0.71640625 0.11056083693238979 0.11875
0 0.4531774958740371 0.94921875 0.11082094606059659 0.1015625
0 0.3351010794824346 0.8859375 0.09725535352912935 0.0875
0 0.3627693352820046 0.4984375 0.13248430373891074 0.18125
0 0.27659503694167864 0.4953125 0.12760662697434616 0.1375
0 0.40356455311421086 0.08828125 0.1164090178461393 0.1546875
0 0.504546712657336 0.0703125 0.11534342531467204 0.140625
0 0.8022532746946165 0.2359375 0.10563653859206364 0.115625
0 0.715094048965026 0.09609375 0.10838303029369385 0.13125
0 0.7445242076829587 0.26796875 0.11079763527271602 0.121875
0 0.8346262215804057 0.14765625 0.08234074855010753 0.096875
0 0.9809984864149028 0.384375 0.038003027170194416 0.1015625
0 0.863014098554752 0.28515625 0.0921893452307593 0.103125
0 0.9727182174312208 0.35703125 0.054563565137558355 0.0921875
0 0.655424896270378 0.1953125 0.12585395020978146 0.09375
0 0.2459449977249149 0.28671875 0.10061715186945541 0.090625