0 0.6268056468115915 0.6640871098043051 0.12241074645662095 0.24171733415618063
0 0.22299614444933874 0.8329904186936108 0.0985863221398513 0.095968423062014
0 0.34084833256110636 0.8716872831506596 0.08701390507947586 0.1222399823325695
0 0.41787462403091863 0.8831865211828122 0.08608632213985135 0.0956774823325695
0 0.6984103175001639 0.7218437519967702 0.12129962504240907 0.1651912017473613
0 0.8189931468115914 0.6596138960890965 0.11217759618646853 0.12750936379145833
0 0.7034946655007309 0.8898306857923606 0.10371033175849824 0.10857752583555573
0 0.8131399948121583 0.8278554030229508 0.09518850362819711 0.08808318787965277
0 0.6890799244015876 0.45465625199677023 0.13618058057737184 0.1889560100679862
0 0.7777331966341061 0.44086454929947855 0.12220736061443863 0.14647756933854178
0 0.5488764988188736 0.07359625508244771 0.11801093393541642 0.14719251016489543
0 0.4518378077118811 0.07032676453329845 0.10055061542376223 0.1406535290665969
0 0.19584081197305034 0.27926600664951373 0.12240576805616735 0.10745143692972228
0 0.23791420616793504 0.14067497891409703 0.11930061542376214 0.15265483415618064
0 0.2584598630615095 0.30361073679788175 0.11305061542376213 0.15250936379145844
0 0.1395783990890261 0.19065875474965266 0.09104664065150563 0.10359908510611118
0 0.0482540277596322 0.44142378058520826 0.04099207694917477 0.10087282218833345
0 0.14370788229880316 0.331301938545243 0.09184524881887364 0.08176045269729179
0 0.054466822224669365 0.4178226264248958 0.07035219473518964 0.09218880642076392
0 0.31857641832631983 0.21151284935506917 0.1161557680561673 0.10730596656500006
0 0.7540154105217715 0.2318714090068744 0.10968751324684405 0.10091049620027785