0 0.846303833234128 0.5123890436904175 0.3073923335317442 0.1587269154625698
0 0.8694623008040582 0.8228180506242715 0.09804034639736088 0.0959684230620141
0 0.9106292069139797 0.7082295269729174 0.11490959765100187 0.08543096656499997
0 0.9100094297960911 0.6332658945640979 0.09464256175762457 0.08652068787965277
0 0.7398343559642722 0.33887684887691033 0.1552450926364372 0.1300901563445141
0 0.6832995479675712 0.2204528507767714 0.12813702335696497 0.11072190729444457
0 0.912672462390763 0.3491454677023619 0.11072220282385174 0.10250936379145852
0 0.8547342787672413 0.2361538520110424 0.09339831050398359 0.09742182028847228
0 0.483698016230829 0.33681881392329904 0.1928814849563052 0.13565047853284734
0 0.46561795447320425 0.2520801380114934 0.1489041644231918 0.1268196859797918
0 0.09213630502720022 0.4565240633546181 0.16117684389007841 0.1192981267092362
0 0.0896909181176085 0.5603030267854863 0.15019387978345572 0.11748105357097245
0 0.29466688928386015 0.8164660270698265 0.12895537727617326 0.13884690729444457
0 0.15343648403186838 0.7655548776591667 0.13581313103709697 0.10621624525034737
0 0.3312886993921323 0.7603257830537503 0.15010295157021042 0.11435605357097245
0 0.22056781122889935 0.8725146988975695 0.10397209765100213 0.08517639342673604
0 0.473409317892817 0.9749130002843405 0.10145485141192587 0.05017399943131906
0 0.3526217932822107 0.8763690103523267 0.08227895407749282 0.09091724715020852
0 0.4303269076262602 0.9686081222923786 0.09253449247815264 0.06278375541524284
0 0.2393081363808663 0.6847971465608682 0.1083246285298145 0.12743662860909738
0 0.251941899379497 0.26037902801975715 0.11090405925034234 0.10875936379145842