0 0.9284879274079056 0.44357470023477025 0.1430241451841887 0.19497889227157383
0 0.17018069821166232 0.7613100639489817 0.10836577792830412 0.10902226842611107
0 0.13250255653397677 0.6413878346841668 0.1203744549975256 0.10074087672018486
0 0.12400730382044331 0.5691416877944446 0.11428822930778511 0.10331907257314796
0 0.2960273094746529 0.2723371639017135 0.18121677973732647 0.16361131508027746
0 0.3606486521931351 0.15759186724754698 0.13911781094499087 0.13193208812453677
0 0.09919325305221773 0.2903427445333798 0.1186481806872661 0.09747917568342572
0 0.19810770861557023 0.1710275250705096 0.13245837516934214 0.12357278397749978
0 0.29906045624072103 0.31523756338333386 0.2192899898232347 0.17782963996249954
0 0.5746978640880657 0.1985122272850474 0.15885045680654794 0.1523225005656479
0 0.9350964535271876 0.5164264398671777 0.1298070929456248 0.13853340263916641
0 0.6901933050636387 0.769968270781668 0.15852955223856355 0.11652170160240694
0 0.8869930619610435 0.7213572391132423 0.14972776232447202 0.12663899538185158
0 0.7219479160994867 0.7169608479729643 0.12661781094499086 0.13083847983046262
0 0.8239784848463938 0.8218349842122699 0.11313516508343388 0.11099487153638857
0 0.5648325361804462 0.9237753589062047 0.10763543758467105 0.0654089694628702
0 0.68290310549318 0.825544327520603 0.10030761646291494 0.10365126324231469
0 0.5904909554477515 0.9191760417996768 0.10195864767057934 0.07579966531583296
0 0.8172803482570907 0.6191494816203719 0.18425989258219672 0.16232221715379608
0 0.7944271879233554 0.21303618265713112 0.11494332654882307 0.11581907257314797