0 0.08359375 0.5761793338718402 0.1609375 0.07093336189159735
0 0.16015625 0.1861160719039929 0.0953125 0.09440592306201397
0 0.11640625 0.30432186445704856 0.109375 0.080670731382639
0 0.096875 0.38133895934680545 0.1125 0.08386846656500006
0 0.26015625 0.6759760460684372 0.1640625 0.14131859707395833
0 0.33671875 0.78278778410059 0.1453125 0.12369468597979179
0 0.06484375 0.6602094949660069 0.109375 0.083795731382639
0 0.15625 0.7752694908819443 0.1203125 0.10748780452090294
0 0.284375 0.6496310984051388 0.1671875 0.15076633225631966
0 0.53359375 0.7453929676118398 0.1375 0.129762848023889
0 0.92421875 0.4269260698167006 0.1515625 0.11602765634451409
0 0.7234375 0.1745680552834022 0.1171875 0.13710256933854179
0 0.87421875 0.22183983273447844 0.1359375 0.10472648043270842
0 0.68515625 0.23014656126732583 0.16875 0.12736519984750014
0 0.8171875 0.12238599981256874 0.1 0.09451502583555563
0 0.571875 0.02285104606843728 0.103125 0.04570209213687456
0 0.66875 0.11959092097472165 0.103125 0.09146276101791675
0 0.62421875 0.028439897323367536 0.0875 0.05359908510611118
0 0.796875 0.324421278497916 0.1625 0.13503222948277793
0 0.790625 0.7269104988626383 0.14375 0.10803331838861112