0 0.38892003679172454 0.4022612978128451 0.09484084308955412 0.1935077729789592
0 0.8571735704601912 0.7260285533683994 0.08961701190385654 0.10101988433001133
0 0.7521133657379269 0.7967997331949039 0.08190450585373252 0.11770673658176456
0 0.6809105314289714 0.820105627703948 0.08492042154477701 0.09915699568106326
0 0.36975992887144754 0.7424252228589876 0.11656130698520065 0.1683470866740498
0 0.23950025713027873 0.714848540254706 0.1085306383672898 0.1303464389258032
0 0.4022810165000526 0.9246474375415271 0.10682269262201594 0.10524630937615384
0 0.28080599229955583 0.8637075424141741 0.10693177693097126 0.12399630937615384
0 0.3220456332991243 0.4869855536729412 0.1292158430895541 0.19571062307124426
0 0.23688483811958444 0.4932238641288292 0.12427381303532484 0.15166023442229637
0 0.3752358284552229 0.07648050354835692 0.11342721662612103 0.15296100709671384
0 0.47927388866187737 0.057376001698043 0.10395222267624522 0.114752003396086
0 0.7719784973677214 0.20121712292358604 0.10053633118569749 0.09859579117755653
0 0.6869909398915415 0.05811422925895082 0.102371541958086 0.11622845851790164
0 0.7110228166495621 0.20824717535990955 0.10695904800821018 0.12868380937615384
0 0.8039239098373121 0.07968328193059962 0.07714428298109546 0.10490634793281675
0 0.9440120577707676 0.2971840576873361 0.036519282981095455 0.1023029796419344
0 0.8281239582383056 0.21558120913621046 0.08966246369925486 0.1088323843300113
0 0.9371217083365015 0.273415890660758 0.05523292154477701 0.09725453423772627
0 0.6231369972695255 0.1459357449150962 0.12086701190385671 0.10302247532299776
0 0.21154499141579303 0.28476981647286764 0.10057269262201593 0.10484579117755662