0 0.09137902735416706 0.4650021077340483 0.07979921561506957 0.14262845574818708
0 0.25663381933854174 0.10536162634529818 0.09920252583555564 0.10451202564056317
0 0.1792738451740974 0.20907313130769686 0.10981271751493064 0.09095894789030419
0 0.156728004368403 0.2820761377178377 0.10047408510611118 0.09208480024766903
0 0.2406367577868755 0.5941351819696508 0.170060539703264 0.13122438296032685
0 0.2687643706284034 0.7273457882559569 0.13234233415618063 0.12010279238978612
0 0.07791789902941018 0.5586986038051069 0.1118116286090973 0.10978172249741007
0 0.10809832114149362 0.6793000481807544 0.09291615824437507 0.10265842721213972
0 0.5000857993900005 0.6524398717971842 0.19698671561506947 0.14808655128112633
0 0.49042181829170206 0.7412669313504782 0.15294577488562505 0.13354886228216234
0 0.9089516531134727 0.6114979247354496 0.16526393692972263 0.12631855913900908
0 0.9316364321800696 0.5154747952897795 0.13672713563986072 0.11785108767505648
0 0.7989330349536112 0.21931688689377737 0.11686280452090295 0.12562504631872756
0 0.7488206661281598 0.04880748780340017 0.11253767401194459 0.07391699710451588
0 0.7498967761198961 0.26305192432116475 0.17496624525034737 0.14081770678164426
0 0.89506249933441 0.1827736112532142 0.10676045269729144 0.09393839867609248
0 0.7590516109416668 0.15234986476787088 0.08808318787965277 0.09619010339082217
0 0.7269456661281598 0.04982633230288217 0.09200696846486131 0.06359592721213973
0 0.8341107348011114 0.38661139475166023 0.18136171561506947 0.1473588052100677
0 0.6967815742756256 0.769978320516058 0.107233231382639 0.11425089867609248