0 0.7688529764868741 0.43006734663505747 0.2836942648307229 0.16803445236260472
0 0.26742020317014015 0.9158804181617377 0.10684087334017515 0.10775085779368573
0 0.18985880543307648 0.8144551550781453 0.11773292154477702 0.10057539462538863
0 0.14883435051442043 0.7464185156438412 0.12245678298109555 0.1070984104104042
0 0.21556435002344113 0.4259764840032229 0.17577268052176748 0.14300508930724706
0 0.2663915726996863 0.2867011523767221 0.15391586123992676 0.1448560156438412
0 0.04560234972885352 0.4855426578501555 0.09120469945770704 0.09608531570031094
0 0.08395125654110352 0.3464115393919517 0.13505677693097135 0.125013952503779
0 0.2684217053114395 0.3407439102692299 0.1760090298578376 0.18363008930724706
0 0.4501353136245 0.2716130206231644 0.15238972267624523 0.15101501038216938
0 0.9163274193052817 0.46991734386304723 0.16325449980360815 0.13915204721387225
0 0.8067968414392341 0.7589504808076896 0.13201359016268804 0.13889444198043535
0 0.9275911304704539 0.683145385956422 0.13818177693097128 0.12519596302712266
0 0.7499292179026672 0.7275037887566672 0.18051472267624522 0.15265310509226246
0 0.9081775342576417 0.7961158228163597 0.11154655405833439 0.11114887357870132
0 0.6985383929634856 0.963654120383168 0.10499657220870695 0.059222352532014
0 0.7719445975875543 0.838979615050909 0.10683178298109546 0.10618835779368574
0 0.721258275477043 0.9540361966774098 0.10041815651766246 0.07769933674699843
0 0.8177303171405415 0.6259482650085567 0.12419199980360815 0.1368769156720761
0 0.806862036595333 0.3447514729151819 0.2695772226762451 0.157840405007558
0 0.917671229806524 0.641928851755555 0.13669199980360816 0.13760495776545092