0 0.40133644489361997 0.1983882842578828 0.17181189974588623 0.27994207576345354
0 0.08141181079157493 0.28687785985215847 0.10618835779368574 0.11441292848861026
0 0.17756574495008964 0.2397793324314133 0.1100568104386391 0.10073306576151389
0 0.2502366764777685 0.19154886864615012 0.09966534200867017 0.10921524545807211
0 0.569381518627613 0.2646982947188644 0.14447658404557515 0.18440643515657004
0 0.7028464660108945 0.29129222987543446 0.12979245776545092 0.14588606909549373
0 0.5175368395190085 0.09012898729230026 0.12742632096198286 0.10526106909549375
0 0.6425522500705872 0.12702269366069763 0.1106938472703419 0.11167056576151388
0 0.644755432021789 0.5204696757828502 0.16321117349399666 0.2123719384905499
0 0.7299949820076715 0.5125133966951151 0.1513790314288567 0.16941916394474266
0 0.6353917824170772 0.9229421964510467 0.1443855787839034 0.1541156070979067
0 0.5354604008752809 0.9416764144037847 0.14053253669052862 0.11664717119243058
0 0.2245977665614744 0.8339117118284092 0.11325740514873237 0.12898561151914834
0 0.326229614043578 0.9442596672787225 0.13144596302712275 0.111480665442555
0 0.28583837442574733 0.8067272006185215 0.12768392619541977 0.1363835233378591
0 0.20392967981447607 0.932700027130881 0.09846686305535757 0.11533769970043757
0 0.03919786383181645 0.7151623565181786 0.06078485253201389 0.10915160151720879
0 0.16492663494909102 0.793717404401845 0.10802387357870127 0.11922797424624498
0 0.05028728227590279 0.7404014725792548 0.07301183674699833 0.10548446757828493
0 0.37837521394475593 0.8621637418342282 0.13936487884037324 0.12334138939893542
0 0.776067803252003 0.7187950897275929 0.11574536831702957 0.11830320303441759