0 0.603125 0.425 0.08125 0.221875
0 0.16015625 0.80390625 0.08828125 0.084375
0 0.271875 0.85703125 0.071875 0.1140625
0 0.34609375 0.878125 0.07421875 0.0859375
0 0.646875 0.75390625 0.10078125 0.153125
0 0.775 0.7078125 0.096875 0.115625
0 0.62890625 0.92109375 0.090625 0.09609375
0 0.74609375 0.87421875 0.08515625 0.078125
0 0.675 0.48828125 0.11328125 0.1765625
0 0.76484375 0.4859375 0.10390625 0.134375
0 0.58984375 0.08671875 0.09765625 0.1484375
0 0.49375 0.071875 0.084375 0.14375
0 0.21015625 0.25234375 0.10859375 0.09453125
0 0.2703125 0.1203125 0.1 0.140625
0 0.26640625 0.28359375 0.1 0.14140625
0 0.1671875 0.15703125 0.07734375 0.09296875
0 0.04140625 0.3921875 0.03046875 0.0984375
0 0.1515625 0.296875 0.08046875 0.071875
0 0.05390625 0.3453125 0.04765625 0.08359375
0 0.34140625 0.19609375 0.11015625 0.09140625
0 0.7703125 0.2765625 0.09609375 0.0890625