0 0.8518613990502926 0.37064287821194897 0.09917694906292773 0.13336701190385672
0 0.7748826765638928 0.14281279400118946 0.09831313103709682 0.10367951190385671
0 0.6699140317367422 0.12501169476331525 0.09188127461060631 0.09739315046753823
0 0.5800164574427051 0.0994844539366974 0.0969324874635877 0.10992042154477706
0 0.29962896080791734 0.2830408007386847 0.1406203029821361 0.1617283612399268
0 0.18303484270294418 0.3425289093463328 0.11939852084968253 0.13036018657189175
0 0.2946328869095917 0.10563796340466718 0.10773359514371972 0.10529655405833438
0 0.186981859791703 0.180024364166793 0.1132394490629279 0.1334488251355732
0 0.3146017767886843 0.5472351109453392 0.14433633636823107 0.182059041958086
0 0.22039713572245745 0.5623146894005621 0.1199440901291547 0.14911018657189173
0 0.45056539119924083 0.9227024831166688 0.12168844655564541 0.15459503376666248
0 0.5560341411992408 0.9234135432742253 0.1122679824490227 0.15317291345154943
0 0.6297360656515625 0.8881884056338997 0.12836434389007856 0.11635222872636959
0 0.7631085067969317 0.8428627909761273 0.11507473370266404 0.14283291549465282
0 0.7442628815658223 0.6849139355899331 0.1091429824490227 0.15373405405833437
0 0.8654810005287255 0.7887616191367627 0.1032279515702104 0.11151928298109545
0 0.8092597442605193 0.7337377758508168 0.0618588054894186 0.13939884328594587
0 0.8595529124446347 0.6433900318027452 0.09831313103709682 0.10367951190385671
0 0.9447379061764286 0.5891888660135047 0.07969952335696498 0.1082579275949012
0 0.6816970339148203 0.7673764567653677 0.11411998746358769 0.11002041549465283
0 0.25017424927508414 0.7742425176593933 0.11210284639736087 0.0943863251355733