0 0.5475714387120492 0.8163072424116455 0.14709673701106105 0.28538723370266406
0 0.7940157905784884 0.8882888571514066 0.1002375535707225 0.10598923871722903
0 0.6743033084353958 0.9191631209414602 0.09110801542127547 0.11977895407749273
0 0.5919408218280765 0.9346706570992002 0.09313416558343128 0.13065868580159973
0 0.3259907191508584 0.7372405533778477 0.1217228157455871 0.17376777210332364
0 0.21222645372958296 0.6168023697543259 0.13041597727182858 0.13497805674305993
0 0.31917547767227505 0.9283512866848002 0.0879284683433749 0.1165630258642473
0 0.20650610794892849 0.8259045851145898 0.11643529788867957 0.13925637978345584
0 0.2659241980475401 0.651160649379497 0.16075804220663673 0.17334187476889085
0 0.2530718218313717 0.45166911473976096 0.13850121266133195 0.15083037727617316
0 0.588945497564368 0.09990700409012811 0.1262739480508353 0.16609166442319181
0 0.8247132224005647 0.32072092392359625 0.13507620373287815 0.13355194906292792
0 0.7916943965087079 0.17374062384445396 0.11185689204448082 0.1453699874635877
0 0.7738598344132734 0.35984560840504776 0.13901940990138825 0.18051787727617324
0 0.8889199983751469 0.24138041640174884 0.10344437418757338 0.11076766693047428
0 0.9778224058409034 0.5032104781593737 0.04080800649282175 0.10113660266556704
0 0.8858922301112024 0.3810650420285695 0.09535913879807012 0.09491534639736088
0 0.9699108997551187 0.47890079994612833 0.060178200489762544 0.1003924565847754
0 0.7032688705341255 0.2523764377136498 0.13326824188232517 0.11944398495630519
0 0.8583830645277711 0.23658761632260655 0.08778419236879245 0.19776756175762475
0 0.7543580377424097 0.18202448528550963 0.12087733603812652 0.12533027210332376