0 0.7741737354210659 0.3841969752112841 0.16282705397461328 0.23154355357097228
0 0.3070447636688803 0.8771027881846525 0.1083366599070276 0.09923889342673604
0 0.23001273408368358 0.7826455797877776 0.12029035668871887 0.09171733415618064
0 0.19736984286608944 0.7075007626334374 0.10779035668871888 0.09142639342673622
0 0.24947973801895595 0.37841136825677063 0.18806771857321786 0.1463334053945835
0 0.2705356471696789 0.2542828840243401 0.13788204827463008 0.12020601006798622
0 0.07857701215627103 0.44107828846899305 0.10274222376899797 0.10846842306201392
0 0.11576601969783962 0.3126616945291666 0.10721120248167448 0.10545252583555556
0 0.3056586822027572 0.38727656876986083 0.22364458565349699 0.1643209924005557
0 0.4895370194457381 0.23040505366788153 0.16106817599857096 0.13946515634451406
0 0.939438830457717 0.42767095222552004 0.12112233908456602 0.12064242116215293
0 0.8201789121759415 0.7399560127303466 0.10764824505632156 0.11170252583555573
0 0.9484583693876303 0.6370641360211103 0.10308326122473943 0.11264808320625015
0 0.8056522364294721 0.6776924020730202 0.14122556956195353 0.12340374525034736
0 0.9459150185249452 0.7502733040491312 0.10816996295010953 0.10247299620027786
0 0.7434628649097176 0.9185914654276385 0.10462179802252862 0.04611389342673604
0 0.8122842847041021 0.7949162696642007 0.11135239926336586 0.09774912860909737
0 0.7616119313695779 0.9095613043334716 0.10113616510280785 0.06319229065319476
0 0.852658640384415 0.5889559039728812 0.12617972376899794 0.10901393692972228
0 0.696016612388702 0.18412554644968693 0.10721120248167448 0.10545252583555564