0 0.58032381047068 0.4511260316718427 0.21702774545807202 0.10228137749004844
0 0.25670954897092824 0.8459531230414242 0.09594997091226495 0.08800401878308009
0 0.19290252730005894 0.7320060281746205 0.1119895590935541 0.0746418557412186
0 0.16249780805478395 0.6552379397336074 0.10899210485118864 0.07607702174882984
0 0.2730537022855114 0.3498394684025195 0.16332866061076282 0.1312393656270503
0 0.32774158909937307 0.23760606524648953 0.14642820303441742 0.11497769566510643
0 0.08346491486282662 0.38338284437251213 0.10873701333591954 0.07295202174882984
0 0.15419238985797748 0.2577872781746205 0.12015274545807211 0.0983340237259962
0 0.3007481386500295 0.3743274738397269 0.17034393515657004 0.14086903361182798
0 0.5305795466757184 0.261444107755566 0.13756338606495574 0.12084569368794007
0 0.9478467950087286 0.5518806957394686 0.1043064099825429 0.10573002965749509
0 0.8185241516960848 0.8127824091618912 0.1120532030344176 0.11357702174882993
0 0.9433343158461028 0.7606999388193862 0.11333136830779438 0.09584569368794008
0 0.7792864374517798 0.7613499017475173 0.13915783697334128 0.10222302768032883
0 0.9146017973039383 0.8641950119373603 0.10076501666989941 0.0897575197716634
0 0.686715526551153 0.9813023505697475 0.10280600666795969 0.03739529886050512
0 0.7700385963955527 0.8769921477931846 0.10350737939699588 0.0851973537640525
0 0.7080803435206148 0.9736403950373997 0.09508910151720862 0.052719209925200516
0 0.8551158716902659 0.6601004195420144 0.1685582945496865 0.11899403361182799
0 0.7720815204629213 0.25337557566379393 0.11830320303441759 0.11383168973360738