0 0.8613814899001794 0.3915639157991856 0.0858912683452644 0.08489423658176473
0 0.8486139923192539 0.1697785533683994 0.09452281570031076 0.09945738433001132
0 0.7535968949077374 0.13072415022148196 0.08496580517696728 0.09573160703211539
0 0.6739240764354162 0.08212476635289598 0.10351838410204497 0.12027053207825791
0 0.3668179607492226 0.20999345466039032 0.11562354195220044 0.16774630937615384
0 0.22892384762327786 0.25229847547988127 0.11334841041040422 0.12868380937615384
0 0.4038992737481105 0.0474945091777404 0.10435284200867016 0.0949890183554808
0 0.27800463168297057 0.09115142196382356 0.0975568104386391 0.09809514342930994
0 0.29610582941918795 0.4752668036729412 0.13711911035393448 0.18936049352159504
0 0.20423684783503937 0.4757056971022511 0.11921897881213825 0.1492966980251019
0 0.32161770875367124 0.8791439728589875 0.11838452090551303 0.16169656847545255
0 0.4194713798285935 0.8962232464562557 0.0991794945971538 0.15268251387966067
0 0.7335324217807939 0.715760484274638 0.08818181043863901 0.0974943661314139
0 0.6393589455994916 0.8626738595053508 0.11296897881213823 0.1488961798265045
0 0.6637204507199892 0.7116725640088575 0.10920694198043535 0.1377584207272058
0 0.7500003139871081 0.820558605804723 0.09488683674699842 0.10570738433001133
0 0.9090623137753469 0.5885402429125114 0.05095482622365495 0.09977875693983033
0 0.7869605296450668 0.6804249591362105 0.09452281570031111 0.09945738433001132
0 0.8997482269577614 0.614822140660758 0.06639781570031075 0.09765505243632351
0 0.5826755770707007 0.7534478562661483 0.10747784200867017 0.10807092072720596
0 0.16998513224766792 0.6896075107973416 0.11060284200867017 0.1082711798265045