0 0.1743112986950896 0.22340503333979886 0.10417951734563582 0.09904302000387935
0 0.20494313335454448 0.17283094849248962 0.09175224267981755 0.10427265394280302
0 0.31621644068268107 0.14366922016335887 0.08263178134945379 0.12538237939699584
0 0.3942050806810903 0.13832775804508562 0.08544769867918127 0.09907497091226491
0 0.6788720767027255 0.32078854017693653 0.11909654002227157 0.1736284318225902
0 0.802237398710998 0.39173838215124757 0.11241018801718106 0.13561824879205195
0 0.6815959926798175 0.15242117744984016 0.1027806493475449 0.11297797424624481
0 0.7932516553548626 0.22319567624189215 0.09476815467854482 0.0951527454580721
0 0.6788560847389966 0.5877209486616675 0.13495789735836256 0.19521638939893543
0 0.768854376074133 0.6083360797256533 0.11731586401972631 0.15475088606495557
0 0.549771305458267 0.9403770581151271 0.11589881468808994 0.11924588376974583
0 0.4435576681253579 0.9397474459920048 0.10643290802036272 0.12050510801599046
0 0.17706796009704098 0.7286186918245299 0.0998920066836356 0.13303538273097573
0 0.23177473611549465 0.8688927475841041 0.10169086401972634 0.15347542848861018
0 0.2478889900938593 0.7109845237969011 0.11909654002227174 0.1736284318225902
0 0.13822418344204046 0.8113037750048491 0.09026246801399936 0.11039510818516866
0 0.03998448874122384 0.5519609837891425 0.04649428668045391 0.10526132697140156
0 0.1373600227561777 0.6699612978836664 0.09000792934436311 0.08852010818516849
0 0.045753230744723684 0.5781886439408634 0.05724997334499946 0.09052914727484325
0 0.3198372627704952 0.7902253557692726 0.11219201201463562 0.11686824879205204
0 0.7508781774347225 0.8074592348764043 0.11070223734881743 0.12299070303441759