0 0.39131613631293494 0.5486817278672573 0.14622769566510652 0.14077308320625015
0 0.7594638888215739 0.14983318588288258 0.09782468775644126 0.10218205547083344
0 0.6457979782511701 0.11825391793111165 0.09884335969555132 0.12718205547083344
0 0.5678639792397533 0.11174803837208383 0.09463602076024671 0.10054682028847228
0 0.2916331071869124 0.28908656268902805 0.139815869581383 0.17496624525034737
0 0.17311125886006754 0.35748911094166685 0.1241616946765233 0.13557643692972227
0 0.28050855927780943 0.12069958539045163 0.11233285672980182 0.11344686379145844
0 0.1729242109509646 0.18935670678135433 0.10225751977166349 0.09604115824437506
0 0.3089347178338658 0.555366179330278 0.15476970752810448 0.19716855357097246
0 0.2197939633852415 0.5744051604285765 0.1343643656270504 0.15610714247680554
0 0.4593751392415034 0.9253675951740974 0.131494033611828 0.1492648096518053
0 0.5650348902300866 0.924296710865417 0.12368153361182799 0.15140657826916595
0 0.8142376886706622 0.7055396316463202 0.10346719269935675 0.12572865824437507
0 0.7669740750207781 0.8483258904800355 0.13449169961943924 0.1592321424768058
0 0.7486126886706621 0.7040121928167368 0.1246710306460784 0.14807643692972228
0 0.8648332548685538 0.7880443135420493 0.09970552273741298 0.11003092306201392
0 0.9480582262368227 0.5303604065319453 0.05413835475263511 0.10272626291777769
0 0.857282034526049 0.6471101890170147 0.09731535178688588 0.08968205547083344
0 0.9446639707996152 0.5560871051451745 0.0678188527754692 0.09367857123840295
0 0.6849056743362061 0.7705626067606951 0.11714769072219049 0.11668096656500015
0 0.2491764213704566 0.77449673261691 0.12052735870696815 0.1230037017473613