0 0.3304778632234223 0.8485510858130297 0.0931662929530063 0.252440103390822
0 0.8357459687254762 0.23372037592650421 0.08544941818411544 0.09448205417661049
0 0.7287889265638927 0.1724125407326471 0.07960859514371954 0.10825345574818704
0 0.6557833355768082 0.1541483841986718 0.08071645407749273 0.0927012303552929
0 0.37134483643473803 0.30440297952672335 0.15556334138279587 0.1445591368892682
0 0.2197368723281153 0.2989063426374552 0.1034098079967011 0.12184507485477489
0 0.3743036665347629 0.0682835430089587 0.10139266693047429 0.10614730024766901
0 0.2546838368304495 0.1464191974760194 0.10166545157021041 0.11552230024766903
0 0.31259665907942247 0.4682985055815713 0.11756323620994644 0.12562504631872748
0 0.22580370124100596 0.5205822894943021 0.12114287727617326 0.1413955955329392
0 0.37505692583897693 0.91971539846895 0.08794994404836301 0.16056920306210004
0 0.48308237450619335 0.9412211981998905 0.1009213054894186 0.1175576036002191
0 0.7693932622072079 0.7665114511955639 0.09790395407749272 0.0935017510334573
0 0.6887018886919584 0.931571197268877 0.0976144490629279 0.13685760546224585
0 0.7096007250601893 0.7512096288219883 0.11038723370266404 0.14713617328319833
0 0.8058726683171296 0.8839922036767632 0.07308581050398359 0.09858735731976367
0 0.9385189984171542 0.6539130595487848 0.029426738717229027 0.09967466832079949
0 0.823913277646614 0.747928425140716 0.08567673871722903 0.10229455417661057
0 0.9307148586045688 0.6801480738168084 0.05111988229073816 0.09444351282028159
0 0.6218757530360078 0.8355246627347193 0.11660848997087019 0.09281254631872775
0 0.20709785068700998 0.7332813426374551 0.09643238229073817 0.09655397642635144