0 0.45333273057401025 0.8718747191876947 0.14224566162790725 0.10239287727617352
0 0.21225714760058834 0.8859074416075876 0.11265829117755659 0.10309155925034226
0 0.1618647262550736 0.796137899446004 0.10424501387966068 0.09348923871722885
0 0.10963969463824101 0.7227973393377318 0.11734579117755657 0.1032279515702104
0 0.1954407988925792 0.40604409685957926 0.178422993521595 0.13151808762187223
0 0.22070851403654412 0.2672854737400411 0.1388598457733484 0.1225689849563052
0 0.042426876158175926 0.45927806010827216 0.08485375231635185 0.11094952335696498
0 0.07496641502399323 0.32689145744270515 0.13367169802510181 0.11462009263643722
0 0.44474798889811656 0.31223294622644104 0.16692428901808826 0.14677937476889086
0 0.44279306755260184 0.22105401675955444 0.15947273442229637 0.12784751834240007
0 0.8629670627722399 0.2961650477048738 0.17031010487264703 0.12660326708875883
0 0.8934277159191574 0.39275289119924084 0.16189682757475127 0.11700094655564541
0 0.8835835441122171 0.4733580335191089 0.12852312307124408 0.13162573620994636
0 0.8800406346437782 0.6138239091459294 0.15292234577334868 0.1229781619159093
0 0.717581405001844 0.6544214800747543 0.1569089389258032 0.11217705423577726
0 0.8596501866186765 0.7251478540522223 0.11900842072720579 0.10483591567683312
0 0.8278995388704299 0.7338696361846759 0.15803134793281687 0.0810179824490227
0 0.7143586705795476 0.7777225877548862 0.10943316162790709 0.101438131037097
0 0.7140199066998869 0.868188463381707 0.10793121838316751 0.07800063103709717
0 0.7680505768087841 0.5726342709826966 0.1268209207272058 0.10506323620994636
0 0.6543907040420814 0.1681095585254265 0.10710919802510191 0.11384720282385156