0 0.557081335009202 0.6755434294615401 0.1894287887533334 0.16082962613895013
0 0.23650315729444457 0.11139471338005857 0.10399912860909735 0.11060284200867017
0 0.3514008054708334 0.07341032401634173 0.09487870174736113 0.1209943104386391
0 0.4319059230620139 0.0702860530402415 0.09462412860909733 0.11005681043863909
0 0.7144132177992711 0.24236836646265236 0.15425500816812523 0.19154900512049755
0 0.8207554431979863 0.3073647639306385 0.12500261284152786 0.1414734104104042
0 0.7223854526972918 0.05522525426389615 0.11217530452090294 0.1104505085277923
0 0.8223146771460765 0.13907749551478701 0.10865026101791671 0.10931335779368574
0 0.6865979955346877 0.2909269638035816 0.17387783035645848 0.23014106826055966
0 0.7639826855985421 0.5234594717666765 0.14426175911805572 0.16444047355046648
0 0.027136649029410192 0.5608997026449534 0.029979747150208402 0.08132559471009326
0 0.4158972098185772 0.894989921427858 0.12703789152687506 0.16187691567207593
0 0.17935507209142415 0.6474756975244558 0.11493662860909733 0.11123987884037305
0 0.21876633025954934 0.8282405791368392 0.1189708183886112 0.1504843893637169
0 0.2413829466164589 0.6571622396884178 0.125075348023889 0.1445984104104042
0 0.12341615624760482 0.7649508948371502 0.104108231382639 0.11529034200867017
0 0.04234276852045181 0.508381647397399 0.0476763934267362 0.10420165258848364
0 0.1317709040634033 0.6197371053746112 0.10098323138263895 0.11510833148532651
0 0.044396231001389334 0.5293843921357271 0.06635365824437509 0.10216871572854594
0 0.30577406135784785 0.7347720292215438 0.11693553970326401 0.13008088410204496
0 0.7329366266123271 0.735708842785129 0.10868662860909736 0.11087585779368574