0 0.8017677539385938 0.39119057861079815 0.24980110001590816 0.13601296805592078
0 0.7540960593173189 0.06072275122617791 0.10268974267981754 0.10457094606059655
0 0.8201835886378195 0.15016283690916787 0.10721361067790873 0.09086364357108563
0 0.84584611262732 0.2254938010163965 0.096330654678545 0.09472234937994448
0 0.7616774612508219 0.5495601082797922 0.15612382535009034 0.13515901784613932
0 0.7390564792330047 0.682408497076993 0.13101473734881744 0.12388963112353099
0 0.9262763105904126 0.4910344454126747 0.11215564934754489 0.1130938410815748
0 0.902201916573868 0.6146262333800385 0.09489542401336308 0.10554145020978148
0 0.5116769139083679 0.6356322759207945 0.19536813868554467 0.15374399710021508
0 0.5184894405633684 0.7209777800699794 0.15150905068427195 0.14105382033565023
0 0.09630645257800408 0.6452514551841589 0.1654806440165447 0.1343069128671175
0 0.07135518996659244 0.5467197894172564 0.1427103799331849 0.1315604211654872
0 0.19382962663113798 0.24680045455945895 0.13128745735199915 0.147327131123531
0 0.0710182879535476 0.33650433983217487 0.13877269334818115 0.11979412697434615
0 0.246463730625411 0.28496238277391617 0.15136360001590835 0.1285538203356503
0 0.10756540996977412 0.2143091085035068 0.10412497334499946 0.09375184523075963
0 0.32189263399109136 0.04117557136133555 0.10219884667409058 0.06238344606059656
0 0.23218414930777387 0.1705213744755464 0.08857269867918124 0.09881785352912935
0 0.2795051393220914 0.0615598489557372 0.09302384134309047 0.07886055103961842
0 0.17817625994591157 0.3845847970909262 0.10930336935072651 0.13629454274124866
0 0.30785138522441413 0.7783087184569062 0.11379087468172652 0.11946224025173766