0 0.9155633693941325 0.510143935077517 0.09720492116215311 0.15444527297895938
0 0.20965036977538207 0.13287664944628963 0.09582295269729171 0.09507027297895929
0 0.1528574687492016 0.24761907233296382 0.10803201196784729 0.08337130937615385
0 0.13183776035232667 0.31938345080287894 0.1018547471502084 0.08609579117755661
0 0.25246526377079914 0.6277490584533032 0.16232077488562516 0.13677571406423078
0 0.29752580347406316 0.7484830606127716 0.12278549620027786 0.11395997532299766
0 0.06383786844420189 0.5913271044112218 0.10170927678548616 0.07984579117755644
0 0.1388222974901395 0.720314895127353 0.11798889342673617 0.10897208667404978
0 0.26474640501333385 0.583929207281284 0.1967321424768057 0.14054106415651582
0 0.5168933993137507 0.727383608887042 0.14033667211208342 0.1306864003691402
0 0.9349608007211806 0.44745416795865395 0.13007839855763875 0.1168241594684389
0 0.7253857789696877 0.17180902761166297 0.14575021751493064 0.09514941856773751
0 0.9131598423243059 0.23879986120339375 0.13506729065319475 0.10538601172019231
0 0.7305648946610072 0.22624620373753968 0.1480400693385416 0.12649954811738687
0 0.8676817285328473 0.13374092381875008 0.1005104526972918 0.09537066162790725
0 0.6276898953265972 0.01631675547711258 0.10254442496187507 0.03263351095422516
0 0.7287822294827779 0.116039888962715 0.08793771751493065 0.09144462523071266
0 0.6520722994869098 0.022837464530268692 0.09509560087368066 0.045674929060537384
0 0.8309123464083683 0.3356131068844571 0.1733310100679862 0.14060162091177597
0 0.736897427999098 0.7336279071613123 0.1006922906531944 0.10318316162790726