0 0.43109224936471546 0.6565572592377069 0.15140839448421434 0.2695803772761732
0 0.9021518471291678 0.2257388874383171 0.10444384727034191 0.10598923871722887
0 0.7987468550922626 0.1567508582088574 0.09570588410204514 0.11665395407749282
0 0.7254234761813023 0.12053822506018937 0.09883088410204496 0.1167448822907382
0 0.4012039971574025 0.21057716950426375 0.1568855787839034 0.176148626022532
0 0.27618858660582396 0.24082226214070088 0.12951944198043536 0.13479620031656908
0 0.4629319104809914 0.04158679176587207 0.09148882096198285 0.08317358353174414
0 0.3251280735928187 0.08679634019566171 0.11987142619541977 0.12983591567683303
0 0.42292707871331625 0.23420488611816886 0.16404563140062187 0.19195548244902277
0 0.26935257060904694 0.4593593134734844 0.14467400512049755 0.1539553772761732
0 0.4920653596480628 0.9106848180923379 0.1323560156438411 0.1567166644231918
0 0.7810151966068226 0.7794131198873399 0.13705892619541976 0.1303360208496825
0 0.7064463780639143 0.9099249854850306 0.11912797355046649 0.1438529515702104
0 0.740330012448308 0.7258167584462842 0.1410785682605596 0.17256898495630518
0 0.8164360280921491 0.8769868018615089 0.10618835779368574 0.10915970282385175
0 0.9714853115422954 0.6556476962929481 0.0570293769154091 0.10627874373179384
0 0.8520410571725187 0.7358700568760739 0.10306335779368574 0.10906877461060631
0 0.9635741010048344 0.6762557129859955 0.07285179799033123 0.10043792069139812
0 0.6140853018402597 0.8155732434025895 0.16615416297065302 0.20137594655564542
0 0.23580213616818355 0.7029334687254762 0.11049642619541977 0.129563131037097