0 0.58359375 0.3606609127704178 0.1875 0.23671662441111074
0 0.10703125 0.7179797289819909 0.1 0.10874886635259244
0 0.1984375 0.7920139683315744 0.09375 0.12070206220555554
0 0.27109375 0.8122198701222689 0.090625 0.10324116013203692
0 0.590625 0.7272332581050012 0.1296875 0.18165868605101831
0 0.72578125 0.6966586184253255 0.11875 0.1432017787937035
0 0.5390625 0.8903381423180565 0.109375 0.12363157257314797
0 0.6609375 0.8601442114508346 0.1015625 0.10419806738935158
0 0.66796875 0.492341556785418 0.1359375 0.15876799019805538
0 0.76015625 0.47411994561662174 0.13125 0.16460788708777757
0 0.67421875 0.0713218223135654 0.1265625 0.1426436446271308
0 0.584375 0.05378229926930607 0.109375 0.10756459853861214
0 0.2796875 0.16224926442009313 0.1390625 0.1434163922715738
0 0.10078125 0.220089033129028 0.0640625 0.1181047425071295
0 0.3125 0.21875354264814875 0.1359375 0.1837679901980553
0 0.24453125 0.0747000377471764 0.0921875 0.1158778611687961
0 0.0765625 0.28470789919879647 0.0640625 0.1149797425071295
0 0.2015625 0.21205306625805598 0.0953125 0.09740126324231466
0 0.09375 0.24804793779444462 0.0765625 0.10357335080120356
0 0.44453125 0.1329835550419916 0.1453125 0.1892756964186108
0 0.8109375 0.26577091192194596 0.1140625 0.11935417568342573