0 0.7186412663315437 0.8301883582088575 0.10790783697334128 0.09978470282385166
0 0.5970214867847666 0.8687998803121811 0.10070111485312835 0.12607441818411544
0 0.5196937122389593 0.8804026215366925 0.09540783697334128 0.09942098997087001
0 0.2554074269423065 0.7189639825155296 0.1402098960668953 0.1708700926364372
0 0.142014348762957 0.6567942546188534 0.12464879788366642 0.13300637978345584
0 0.233102507996594 0.8871827851019546 0.11361570303441744 0.1124210951437199
0 0.1305831569384272 0.8254760584589194 0.10271015394280303 0.09339831050398359
0 0.29128025149781206 0.45136730555592564 0.1546230824314133 0.1946713054894186
0 0.20433823195297468 0.43752977758010714 0.1355543469752809 0.15202916442319178
0 0.46855893923945596 0.07285952381918341 0.13163212152108805 0.14571904763836682
0 0.5747451663606388 0.07170436919401225 0.13163212152108805 0.1434087383880245
0 0.7998575102918037 0.2744551837565357 0.13236570303441758 0.11296666442319178
0 0.7729278327212774 0.1365065543687914 0.13281198424818452 0.15662573620994644
0 0.7394781196849202 0.29803508775488624 0.13513975879399176 0.16604620031656916
0 0.8646212540828859 0.1876167618114965 0.10073306576151389 0.10736988229073816
0 0.9303587269520047 0.4421247538939377 0.048787928488610535 0.10118206677218974
0 0.8468921358957777 0.3284236182379872 0.09907497091226496 0.08705738229073816
0 0.9261016616495329 0.4274401282671171 0.06677265394280311 0.09235263605166182
0 0.6844555219607333 0.21779966996648215 0.1189409318225902 0.1203699874635877
0 0.247417907566647 0.23441313776752154 0.1202483403073211 0.11729045157021038