0 0.9042164827051848 0.453125 0.19156703458963023 0.10625
0 0.17938257803976815 0.19296875 0.1020887632423146 0.0953125
0 0.14822890579671238 0.31015625 0.12755765494824053 0.0828125
0 0.14164600659791593 0.38671875 0.10099515494824059 0.0828125
0 0.3210763942513413 0.66953125 0.1723424746466664 0.1125
0 0.39145582771046145 0.7953125 0.13443237153638865 0.1078125
0 0.1533126958064802 0.671875 0.11499886635259245 0.1
0 0.22246181993476705 0.78359375 0.09583876324231466 0.0953125
0 0.5885372963248597 0.67265625 0.19884618605101814 0.1296875
0 0.6080480054201374 0.76171875 0.15583847983046262 0.1203125
0 0.9421310125120133 0.54609375 0.1157379749759734 0.1125
0 0.9417848332235644 0.44921875 0.1164303335528711 0.0953125
0 0.7358670238927311 0.18671875 0.11976427879370348 0.11875
0 0.770535966870972 0.10078125 0.13679595391148142 0.08125
0 0.7123604648447218 0.2484375 0.15943237153638884 0.1078125
0 0.8178012376061572 0.13203125 0.10894435598499967 0.084375
0 0.5630953222903241 0.03359375 0.1051167269557407 0.040625
0 0.6771762376061572 0.13203125 0.08747945909527761 0.0890625
0 0.608173376437361 0.03984375 0.09384703628657398 0.0546875
0 0.8330331327524529 0.35078125 0.20605309330833316 0.140625
0 0.8159876445341652 0.7453125 0.10929567049962934 0.10625