0 0.3959465761812499 0.8612995517206432 0.15105945712440044 0.11489881303532457
0 0.1792015623015893 0.7719017501963916 0.10953329117755657 0.10059996369925486
0 0.13936020742894223 0.650213102557524 0.12455751387966063 0.09131586729005096
0 0.10905334129752822 0.5675460483027978 0.15132027297895928 0.09459540339440445
0 0.2948256508305656 0.30777509680198734 0.1798853639719457 0.12599993949875793
0 0.40573526758028844 0.19693252469147612 0.1426857526208936 0.13046927088084712
0 0.10256829965854637 0.29560741578924044 0.11966975478036197 0.08816359621281204
0 0.20107804595791853 0.18640006655136626 0.13543445712440044 0.11480790944452864
0 0.3706080983942421 0.2463739884889268 0.177801232262828 0.16659766842151907
0 0.574364154069768 0.2428439466290367 0.1574491594684389 0.14148858411256365
0 0.9334282734403846 0.5892088447588838 0.13314345311923076 0.12751698770335979
0 0.7674816147379129 0.8294394559006146 0.15973355027685515 0.10401585518980241
0 0.8914908112218551 0.7888593868151658 0.15252182757475125 0.11334540339440444
0 0.7361827475267646 0.767879787184508 0.12782221622369913 0.11788745764913049
0 0.8343675285252884 0.8853212963578901 0.11432092072720579 0.10218973477649343
0 0.5872305151070532 0.9680393893492486 0.11121690468807692 0.05375223477649342
0 0.6906478069029185 0.8744343142136752 0.09683303207825791 0.09740224082661797
0 0.6018239412329297 0.964046780937992 0.10264294108527139 0.06619769262201594
0 0.8039023712163178 0.7026178806668456 0.13633562307124442 0.12887040944452863
0 0.8830880259043947 0.7553019982514841 0.12485790252860837 0.0960033672900508