0 0.44479544764287204 0.9408559932124405 0.16581907257314796 0.11828801357511906
0 0.7671499608387039 0.18428958050018657 0.10745976842611107 0.10943316162790721
0 0.648214033129028 0.14288572562753954 0.09904167568342573 0.11976988433001132
0 0.576104587276065 0.13197970156884611 0.10005737153638865 0.11362001387966059
0 0.27736641649361166 0.29588750308231904 0.15878711404351814 0.1810869185677376
0 0.16119532087620436 0.35757836983204183 0.1302328870877775 0.1388598457733484
0 0.2984969971252779 0.09926282695644228 0.09591667568342573 0.11956962523071266
0 0.17697472869916703 0.19517849938169113 0.12187358294074047 0.13210919802510182
0 0.3216242644200931 0.3018661952473246 0.16790783581546265 0.21429993676633483
0 0.19814108039532513 0.5728517188445927 0.14906079952888857 0.15871127081949102
0 0.5084772388304184 0.9391875188907353 0.13527170160240712 0.12162496221852948
0 0.7672144176713902 0.7043808374400169 0.1148225005656478 0.15807092072720597
0 0.7154783860029645 0.9006154873477318 0.12337729434509229 0.1492966980251019
0 0.7135036573037976 0.7166514975267646 0.14492010367592556 0.16466088217054295
0 0.8165323295468534 0.8410983898763404 0.10929567049962934 0.11265829117755652
0 0.9230918537224084 0.5839553207825791 0.0638464694628702 0.10819203423772628
0 0.8225854228551863 0.7000728716777431 0.10195206220555528 0.09975777297895938
0 0.9186292376526399 0.6080238764581051 0.07579966531583296 0.10274307063492075
0 0.6122843269549552 0.8319377336471039 0.164431521300833 0.19232480721668557
0 0.20869043524902925 0.7935041802879299 0.11568237153638865 0.11462130937615385