0 0.8676184118534724 0.49078169642268693 0.2647631762930551 0.14372627516050826
0 0.8630969052976741 0.8123975978026587 0.09902068787965276 0.09387845941492116
0 0.9072079683679519 0.694465803971169 0.11137521751493082 0.08784664772652384
0 0.907133926764827 0.6241805775101193 0.09269795269729145 0.09064436525911965
0 0.7419030913743752 0.33625606330665975 0.16686280452090294 0.12317622158978576
0 0.6773476692622917 0.21330375851812136 0.12914459897381966 0.11314665665497756
0 0.9074735399876044 0.3368033084353958 0.11173889342673604 0.10347164772652384
0 0.847878374809375 0.2256515742637084 0.08975479065319476 0.09840231818121907
0 0.48025707655673633 0.3348127455324778 0.18902874525034735 0.13605805113509045
0 0.45952504283739604 0.24932921306507377 0.1497844072944446 0.12756371266133196
0 0.08965287319385455 0.4630960637169922 0.16046733415618064 0.11681712743398442
0 0.08738381800736159 0.5669204931001411 0.15120143692972232 0.12134098620028233
0 0.2923304636182993 0.8164916193163094 0.12965374525034737 0.13502165665497756
0 0.15715537661232704 0.7797710949665803 0.14186280452090286 0.12273984496658023
0 0.33796896551816036 0.7641848254848197 0.16373780452090286 0.12312167451188501
0 0.22189198346993128 0.8769557865245939 0.10356271751493065 0.08771028003177221
0 0.461592222736355 0.9756326144450455 0.10734102773541672 0.048729600648623264
0 0.36166299828757015 0.8762717682606492 0.0848854526972918 0.09050799756436803
0 0.43415755375840365 0.969186173902977 0.09836607123840291 0.06162765219404598
0 0.2385125197547228 0.6851364793004235 0.11075827488562515 0.12844437418757337
0 0.24744327013597242 0.26358876176782753 0.11032186379145843 0.10969437418757337