0 0.14919307274092133 0.4913097131413801 0.23657092055068932 0.11315654379845022
0 0.17508249145002522 0.15444076881690613 0.08882183540139543 0.091244366131414
0 0.11141919317539509 0.27518286782945706 0.10422831411407199 0.08912066162790726
0 0.09483834453244788 0.3454650894518269 0.092853771539425 0.08216975478036197
0 0.20220382223671823 0.6341294663805825 0.16168018119435104 0.10991282541528272
0 0.24318981913462506 0.7598315707918044 0.12407092055068931 0.10594721622369896
0 0.03283804818701665 0.6355579657622737 0.0656760963740333 0.1020211798265045
0 0.07557063039870546 0.7433518769287557 0.0890403566887189 0.09436936613141408
0 0.4637369019381305 0.642257637264672 0.1877727876309684 0.127139898209672
0 0.4654854362149042 0.7284757395164254 0.1436950056999832 0.11964877081949084
0 0.8757066602360037 0.5233052691306732 0.15877370248167458 0.11283756631598418
0 0.8963630036831709 0.41698541795865396 0.14783620248167467 0.1121366594684389
0 0.7386479647148201 0.15876880706902724 0.12160148441265975 0.11512195712440043
0 0.8725041586465199 0.21318859192506232 0.13457137797604232 0.10039812307124434
0 0.6909099512211668 0.21860368445920822 0.1489616599070276 0.10598678901808825
0 0.8232850446683339 0.10512457048726251 0.10044775025210165 0.0795454025286086
0 0.5886201035866258 0.010777555523255114 0.10229447351689647 0.021555111046510228
0 0.6841514888521352 0.10392991518087676 0.08547831411407199 0.08791910703211539
0 0.6162534306901479 0.017148070251937243 0.09401207995351371 0.03429614050387449
0 0.7720564083944182 0.29273399445367093 0.09881954827463027 0.12299501387966068
0 0.6792201542839189 0.7194454912144683 0.10844592055068922 0.1049459207272058