0 0.5316999341212172 0.5735092123966583 0.1351612398605413 0.1504058596955513
0 0.14097528922045227 0.18979071737675526 0.1034306386197041 0.09769735376405228
0 0.09126523030216038 0.3102278927759066 0.1149472928267485 0.08414418973360735
0 0.07524711037188972 0.38332981174926734 0.1105875747577337 0.08864068874502422
0 0.21704221839799093 0.6728021941450507 0.17836493664223269 0.14437603558899426
0 0.26844119141068423 0.7844453482896638 0.13286676634364492 0.11759335969555132
0 0.039112686428568424 0.6621060691636412 0.07822537285713685 0.08570668973360754
0 0.10530740688180902 0.777849132890075 0.12607046312533626 0.1095261917107738
0 0.23350845255854907 0.6378541911793011 0.19475476114786483 0.15595020555093822
0 0.4869069681458894 0.7350343028148376 0.15114687278026223 0.13391869665368966
0 0.8957509984873907 0.40287047125672587 0.15485102698730663 0.12004719764227278
0 0.658709092438761 0.16090444163641165 0.15488387797604233 0.0982358646384672
0 0.8529782624852471 0.20128806661782112 0.14471120248167466 0.1087276956651065
0 0.717838437979615 0.2177009282905388 0.10811813861970414 0.09788835475263546
0 0.800650574001429 0.10292616247320803 0.10811813861970414 0.09788835475263545
0 0.5585337658394419 0.016168862871265587 0.10418475544788172 0.03233772574253117
0 0.6634783559324143 0.10384135813831445 0.08904035668871906 0.09243685079830274
0 0.5770652445521184 0.022754443897904847 0.09946440445914587 0.045508887795809694
0 0.767133961612727 0.3037219999256379 0.16666261213660044 0.13299286661563361
0 0.7059136942606759 0.7113090068457202 0.10699268119435104 0.10407468775644109