0 0.5202355997298476 0.1507194459485121 0.12967263103285873 0.09791261213660052
0 0.7596155582600354 0.18077220475058842 0.10332838584218215 0.10230518119435103
0 0.8039161405666876 0.28019840438227134 0.09669643992586607 0.09093063861970414
0 0.8564657324919868 0.3676709072322629 0.11911707694917481 0.10808528763096845
0 0.7489235286863044 0.6663654973252353 0.1713343413771451 0.1304408888718056
0 0.7152975184346855 0.7995004254174932 0.12725695916315996 0.11800659084927698
0 0.9181199619887488 0.642954766518872 0.10510914065150559 0.10866444183801285
0 0.8803520887604384 0.7601369126801446 0.09077382213985138 0.09986859604505724
0 0.48189723059307027 0.7103458182245713 0.18103672359113024 0.14047145273377595
0 0.49193194030438436 0.8042432836956961 0.14746033175849824 0.11630197921687965
0 0.07991806834201824 0.6493440721598437 0.15678076805616734 0.11539504307885
0 0.06562496688289021 0.5497211305739323 0.13124993376578042 0.11506726114786474
0 0.07210311225890124 0.469454476366888 0.1135764050794759 0.12796074505632155
0 0.0827008502780017 0.3229618886197041 0.14359128729346105 0.1394116972858944
0 0.24288438212916713 0.33337985459503194 0.16455855172143127 0.1595820856534969
0 0.11442705463183818 0.22180358020561536 0.10234623920022679 0.07418018119435103
0 0.20590522650153703 0.24856245818165768 0.12287699400955025 0.08185056956195354
0 0.2445064242319516 0.19722383330770848 0.08436013103285873 0.09474405347041022
0 0.10751980100364111 0.307467928596461 0.12424108656782162 0.12091306956195362
0 0.24154007070427097 0.8204099610316493 0.15080358656782158 0.1227705005042032