0 0.37124791542531543 0.16941969208328636 0.1372517510334573 0.10693208812453676
0 0.15017774420903174 0.23410974278995345 0.1060017510334573 0.10419806738935167
0 0.13715766749223005 0.338787680867222 0.09931510339082214 0.09427626324231468
0 0.11492525661502857 0.4294325132423146 0.11886562406898657 0.11310417568342572
0 0.3069844398230243 0.7107781324696292 0.17286391935425688 0.13650201093324038
0 0.37977558457017535 0.8369687770502772 0.13507282092583353 0.12697118605101815
0 0.13814454859053 0.7107898199812498 0.1127611732831983 0.11568237153638865
0 0.22750460917728121 0.8252029259662497 0.12547949710451584 0.12146347983046261
0 0.5734078064484128 0.7177477597554619 0.19561221463952716 0.1571658254478699
0 0.5955974836605525 0.8099448216781934 0.15567641935425697 0.13499829952888867
0 0.9309375926374551 0.596923160651202 0.1381248147250897 0.13425600574944418
0 0.9303168544242795 0.49372981013282224 0.13936629115144114 0.1148225005656478
0 0.6927248091390091 0.22244340461893386 0.10102315260503385 0.09753796427907391
0 0.855027910048632 0.28254901088675766 0.15382282092583352 0.12861159849212936
0 0.7061559164587727 0.29364446135786904 0.14422949710451577 0.12310389227157384
0 0.7873437963187276 0.18248136889800776 0.11076202564056317 0.10617067049962943
0 0.5349764675350113 0.07637090405328602 0.1057448858558109 0.06527226842611089
0 0.6439576693542569 0.17771737351615619 0.1060017510334573 0.10419806738935167
0 0.578090766749223 0.08325518256416556 0.0999315334984459 0.07410046427907388
0 0.76535328804656 0.36184694868120226 0.12235449710451593 0.12119007775694417
0 0.8057151923042237 0.7940928121590727 0.11454199710451576 0.12050657257314797