0 0.09153317953212739 0.6096548898101571 0.08799979991529541 0.09243685079830274
0 0.14285494289806852 0.825794542966187 0.09608531570031094 0.09744268577927465
0 0.2491280587254364 0.861213436730677 0.08164338410204497 0.11711851581733086
0 0.3279510087395538 0.8728101699247629 0.08634629465362353 0.09081068380210837
0 0.6217072559675435 0.7135346931192864 0.11562354195220052 0.1652668557412186
0 0.7523726980185661 0.6513145829294436 0.1133484104104042 0.12620435574121877
0 0.6134411877069839 0.882221026123092 0.10435284200867016 0.1055735207602467
0 0.7300896323888423 0.8197926688989987 0.0939767841302798 0.08800401878308017
0 0.6458629057134297 0.4459970246402173 0.13711911035393456 0.1864070266917457
0 0.7371249425451326 0.4313668388609425 0.11921897881213823 0.14670785672980177
0 0.5491739763930639 0.06912607235794596 0.11838452090551303 0.13825214471589192
0 0.4503647500705871 0.06597387399282631 0.10864549985882573 0.13194774798565262
0 0.1645050318523798 0.2801146284414506 0.08827281570031094 0.09712435079830276
0 0.23040929486538503 0.1254470330803553 0.10984397881213825 0.14632585475263546
0 0.2334825450065594 0.2734070306088974 0.11076944198043533 0.13545202174882984
0 0.12823287386104995 0.18027113733869915 0.09176183674699834 0.10350168479069151
0 0.1160451450489117 0.3226178048291851 0.0921412683452643 0.08325285178688588
0 0.02434552253857328 0.3998753246008486 0.04869104507714656 0.08979201186299815
0 0.30905096338005855 0.22044651528585818 0.10453485253201392 0.10869852076024669
0 0.7345669028708324 0.2210341753247893 0.110784852532014 0.10895318874502422