0 0.9151886877479619 0.5743207225493691 0.14929453685222177 0.20777723201781734
0 0.8476541244111108 0.17782753055382336 0.10038956220555555 0.09482269867918128
0 0.9054946016496753 0.2936792498806873 0.12273345391148141 0.08259541868236298
0 0.9238433519324992 0.36932413987909646 0.10099515494824055 0.08390338001272672
0 0.798283443214582 0.6593598885662318 0.17077997464666658 0.11437267735518084
0 0.752119925636943 0.7842422572406407 0.13273317049962935 0.10768632535009015
0 0.9546644792415734 0.6542803952100966 0.09067104151685328 0.0996556493475449
0 0.9196396163061096 0.7682161732177326 0.0941395622055552 0.09474997334499946
0 0.5323556468432394 0.6679285559357302 0.198709485014259 0.13030676002545327
0 0.5299230054201374 0.7563279846037757 0.15400257775694434 0.11886018268618095
0 0.12886091701277672 0.5521886613224096 0.16581907257314796 0.11119313335454457
0 0.1130808006601843 0.45227047732336406 0.1558972684261109 0.10483404535327186
0 0.2910329775213885 0.18899667596277442 0.11751827360990719 0.11219201201463566
0 0.3618062243638425 0.03254613395132042 0.11328054147037019 0.0637545120146357
0 0.3293429132895829 0.2425120272915474 0.16480337672018494 0.11742495202099903
0 0.20031094123481452 0.1353091493077739 0.10724515494824056 0.08397610534690846
0 0.44376912384546296 0.03081036394018457 0.10341752591898139 0.04022610534690847
0 0.34073088967967563 0.13132907928868387 0.0873427580585183 0.0884272480108177
0 0.38728467799249994 0.0377239826145933 0.09228453628657399 0.0557056546785449
0 0.24097277186648086 0.3319114293045923 0.13906108294074054 0.12649086935072643
0 0.319522747644443 0.7470455332988652 0.1075964694628702 0.10583292401336308