0 0.14921875 0.5309306198540981 0.296875 0.16017119395056162
0 0.17109375 0.19912251046098162 0.0875 0.094642562427534
0 0.12578125 0.3055799334895801 0.090625 0.09489765394280311
0 0.1125 0.38262079454968656 0.090625 0.08864765394280302
0 0.25625 0.6834175042520638 0.159375 0.1208221672787225
0 0.3125 0.814571651526907 0.121875 0.11463606909549391
0 0.0625 0.6699455803053814 0.109375 0.11517820303441742
0 0.14140625 0.7826366410659255 0.0875 0.09933006242753387
0 0.5203125 0.7166914872923003 0.1859375 0.14017794515850976
0 0.53203125 0.8035855804745593 0.1421875 0.13035666394474282
0 0.9203125 0.6352807012467413 0.15625 0.1236920757634536
0 0.92734375 0.5303859071560968 0.1453125 0.12123675546001174
0 0.7359375 0.2530428018458662 0.11875 0.12063097758022467
0 0.8796875 0.3218082615482434 0.134375 0.11096893515657005
0 0.69140625 0.3056577477532819 0.159375 0.1270721672787226
0 0.81640625 0.2088301583640447 0.0984375 0.08616038273097573
0 0.5671875 0.08223661002133632 0.1015625 0.045790474246244786
0 0.67578125 0.19344479017693655 0.090625 0.09489765394280303
0 0.5953125 0.08921993365875797 0.09375 0.06077774545807213
0 0.78828125 0.39325308472662307 0.096875 0.1297828369733412
0 0.75625 0.8148571466951152 0.125 0.11489116061076281