0 0.40117293779444463 0.07914995549615417 0.11103311922731454 0.15829991099230833
0 0.784601300989491 0.09344119141068427 0.10392466531583314 0.10510239926336581
0 0.6693371774268521 0.06190125032897613 0.10046747464666658 0.11883711733238064
0 0.5942100383128243 0.055415029623633996 0.09435417568342572 0.11083005924726799
0 0.2884112232325468 0.24460875158948386 0.1536895109332404 0.1769116972858944
0 0.17399811724754696 0.3364681056803127 0.13560389227157382 0.14769409084927707
0 0.31884845334583345 0.05294790642678211 0.09095577360990718 0.10589581285356423
0 0.19481633958513922 0.15176532374932752 0.11704938190398124 0.13086722376899798
0 0.3255893030157413 0.2722913551761096 0.17421662441111074 0.19853532500983526
0 0.19631474024453807 0.5251428395887693 0.14199059330833305 0.14969363342392406
0 0.48568428779365913 0.8830492666726212 0.13072090263916641 0.1628820482746299
0 0.7474104741275014 0.6605358562613903 0.13226427879370348 0.12727233020561535
0 0.6954297261537516 0.8109236223529338 0.11827969123481452 0.14492972376899793
0 0.7011014021200013 0.6218446968585659 0.14316211404351814 0.18083437278026224
0 0.7991985665873627 0.7431027018022445 0.10433476842611107 0.10978989926336595
0 0.9186586319504642 0.487055161573386 0.05277226842611071 0.10618429802252863
0 0.8128980645611124 0.5953918214804136 0.10148317049962934 0.11269637797604233
0 0.9129363122520381 0.5169611828607095 0.0691395622055552 0.09801116510280768
0 0.5978800743630571 0.7455332051564392 0.1536895109332404 0.1769116972858944
0 0.1966203707343997 0.7790273102556743 0.1188264953818516 0.15117972376899794