0 0.37270583530187723 0.15038756761606456 0.13441469473518958 0.09673806699689202
0 0.1419072138876653 0.21632497497860936 0.10483632213985135 0.09848034946188075
0 0.11713041398033255 0.3208112677826803 0.09664187622353534 0.08717897642635145
0 0.08503218739397748 0.410871187551222 0.11119544954451306 0.1018964478903042
0 0.24506935318840856 0.6906422324222075 0.16971727767481418 0.1249016083532208
0 0.30404007070427097 0.8170271040099948 0.13049108656782166 0.11839474317557439
0 0.074402189123258 0.692866050247669 0.10828870435383649 0.10800089867609249
0 0.14329354366242894 0.8040625694780914 0.10990576805616734 0.10963617328319834
0 0.5132563579977321 0.696873077540862 0.1875049784004535 0.14288962903138547
0 0.5249081314113769 0.7889706863083676 0.15085815027015242 0.12090331306795062
0 0.9024602456540126 0.5764943808889029 0.16174108656782166 0.11985023531769165
0 0.9075966681566838 0.4742234054960088 0.15516370435383636 0.1101841368892682
0 0.6791492974602621 0.09188597869815382 0.10530754809323425 0.06730312406898657
0 0.8390723905666876 0.2628813370513747 0.142827395460829 0.1142894400324213
0 0.6839756627992062 0.2673954009478948 0.18238096878180662 0.1301713052100677
0 0.7917286538135315 0.16207866232043433 0.10796132213985139 0.09862589867609244
0 0.646388871962366 0.1560918738595896 0.08285219473518968 0.09433650496239876
0 0.5495262848463904 0.06159054900481473 0.09598711179556503 0.06842897642635144
0 0.7557390461943176 0.3411646947854231 0.11141370435383635 0.10814644789030421
0 0.7391442462021669 0.7715606701783172 0.10527283175849825 0.11098034946188076