0 0.48478983157389965 0.09923284105359154 0.13768300649282175 0.10395537727617325
0 0.7244563035707224 0.08209785068700999 0.10640573295387146 0.10148359514371963
0 0.7838506688298421 0.17104067874197076 0.09999209172016954 0.0919267387172289
0 0.8468921854689336 0.24502609653037485 0.11906937418757338 0.1112223079967011
0 0.789874166797952 0.560907160795282 0.17254893019392803 0.13308058762187222
0 0.7774304882255819 0.6988390698081977 0.13491256249917605 0.12417694906292791
0 0.9467373396899269 0.5038578757598347 0.10652532062014615 0.11264841567683312
0 0.9178139805149442 0.636130818158845 0.12701824188232536 0.1192621285298145
0 0.5398798952875966 0.6580706319615338 0.19477848620028232 0.15402958511458972
0 0.5594168737772411 0.747391544735373 0.15536143019392784 0.1325804824490227
0 0.12984637621287307 0.6770362099499876 0.16786143019392785 0.13294419530200408
0 0.08988780356742716 0.5820563305622433 0.15656937418757347 0.11231344655564542
0 0.20300581777418195 0.2559448084589195 0.10004663879807003 0.09505173871722894
0 0.07825700811437955 0.3635336510953567 0.14587733603812653 0.12605769780928666
0 0.2213933534879969 0.32419470328607003 0.14423301542127548 0.12132473370266394
0 0.09428933684890542 0.25207331386919585 0.11112050649282175 0.10318248746358769
0 0.2865608372559425 0.07217155054136068 0.10418866801906326 0.06393813103709696
0 0.2285864703719697 0.19892191864633393 0.10640573295387143 0.10148359514371963
0 0.2478119829538714 0.09127690320692772 0.10130912986961631 0.07790970282385161
0 0.19623544074393942 0.4054363430986556 0.1238659683433748 0.11760870031656907
0 0.3525044005626023 0.8050007709161896 0.1144909683433748 0.11733591567683285