0 0.7427973214575502 0.6322918094366317 0.2902565901291549 0.15176468403881635
0 0.2687152445897237 0.1117573020369074 0.10272784639736088 0.09491360534690849
0 0.19257263024567414 0.20387152936027148 0.12929034639736087 0.09522268801718106
0 0.15461197750096484 0.27298460868872626 0.10107441818411549 0.091770424013363
0 0.20390831769662654 0.5931976586966805 0.1757394490629279 0.13481244668999892
0 0.21794442247376464 0.7285629940324532 0.1362677721033238 0.12029541335136287
0 0.050754197446828755 0.5397624813414996 0.10150839489365751 0.10910337468172653
0 0.06349025468536053 0.6650261106779085 0.09661423871722892 0.09952838001272664
0 0.4554049700456244 0.6789646253978152 0.198023626022532 0.14912948535963508
0 0.4364072659681316 0.767836221395588 0.15685305674305994 0.1299067706874535
0 0.8663424700456245 0.6837463161202673 0.16769962852981452 0.12690904002227157
0 0.9035362446562306 0.587271305458267 0.16283027210332363 0.1206044960216353
0 0.8017370300873896 0.27191793077654036 0.12630173871722894 0.09987382535009015
0 0.9122222375300947 0.3693298274585851 0.15837009263643723 0.12836245202099902
0 0.7610832863555956 0.32615089743790426 0.1772110208496825 0.13170562802354438
0 0.8982854211536164 0.25741108278958524 0.1105858105039836 0.09656701201463572
0 0.6962552228821114 0.08312705609481383 0.10301735141192588 0.05118178668045392
0 0.7652288802456741 0.21053498810467702 0.09022784639736088 0.09476815467854491
0 0.7200875279758185 0.09669011676476821 0.09088106426490725 0.06353633601209034
0 0.798540170757905 0.40864577144331315 0.13751202335696497 0.10937609468490823
0 0.6326995927694512 0.8170111600890868 0.12211434389007839 0.1170067813494537