0 0.10159108908456624 0.39813293408792755 0.09656863342392401 0.13478379465362345
0 0.18567578402467216 0.17162291297065296 0.09739915990702759 0.10215330517696727
0 0.29211145432325997 0.15272026550266687 0.08613387797604233 0.0968287683452643
0 0.38497629751832546 0.12596732067963412 0.10107046312533621 0.11014781570031093
0 0.6519567118648284 0.30154125725722325 0.12386310694082034 0.16905237884037305
0 0.7728594377275135 0.36741542819097117 0.11644409084927716 0.12971686305535757
0 0.6678270023457885 0.1306750204114029 0.10721120248167448 0.10894933674699833
0 0.7729026324155178 0.20974714135926825 0.11411676634364483 0.11868835779368574
0 0.6355622614768409 0.5696465151497311 0.14225247402109958 0.1872409367187636
0 0.726930306649378 0.58673457558837 0.12098947921687966 0.15021137357870132
0 0.4833563612050689 0.9350592050287343 0.12030106436617345 0.1298815899425314
0 0.3775598292740837 0.9365576682323248 0.10100476114786475 0.1268846635353505
0 0.05238450267476463 0.7765008577936857 0.10070983020561533 0.127244310438639
0 0.17522678695153834 0.8707275418816133 0.11273993664223267 0.1435063472703419
0 0.19396535131771184 0.7149325681899725 0.1294246920901143 0.18182539462538863
0 0.07783261690505214 0.816420202503779 0.09772694183801278 0.10684080517696729
0 0.009561580244052625 0.5628486104951088 0.01912316048810525 0.10723564732681172
0 0.08481422644376262 0.6717069419804353 0.092853771539425 0.08165879465362344
0 0.015399175910957467 0.6014483789109603 0.030798351821914934 0.09426521046687383
0 0.260814361709272 0.7909938102268775 0.10742972376899793 0.11207433674699843
0 0.6915944681458894 0.8003952571866361 0.11313342055068923 0.10462585779368574