0 0.15505248562531032 0.5163346072240934 0.23147288273097572 0.10754188045579802
0 0.8883741371522174 0.8576757565001527 0.09671524545807202 0.09737901878308045
0 0.926655773966079 0.7447738498840817 0.1235647878817268 0.08290002471457925
0 0.9376573047208041 0.66969293684222 0.09556733363936125 0.08331651878308044
0 0.7740900438007804 0.3733697406828219 0.16635806576151388 0.11111786661563361
0 0.7105062916747487 0.24308006281221264 0.12873052000387925 0.10802735870696815
0 0.9425689768313188 0.386463942773719 0.10934279121570682 0.09945085475263546
0 0.8800693636451802 0.2694555149031097 0.09033769970043756 0.09556185079830275
0 0.5054995404668006 0.345295184333581 0.1927610690954939 0.12932403855474384
0 0.49113440940281483 0.25516493285070624 0.1482457945496865 0.1181663626613008
0 0.11807890198594902 0.43540560079830276 0.16167056576151384 0.1109268656270503
0 0.11661173895929022 0.5318985988211364 0.1541451081851685 0.09504719764227279
0 0.33014717790888215 0.8107915558549493 0.11218074879205205 0.11513952174882994
0 0.2960110360940506 0.8981668804557981 0.1347893303053814 0.06778436068413426
0 0.35739546199758704 0.7535029792769343 0.1536029742462448 0.1074835306460784
0 0.2444486650320045 0.8579119535737718 0.10350737939699588 0.0851973537640525
0 0.4941931867028738 0.9794354209877081 0.10293355242559432 0.04001218775644091
0 0.38571139382017716 0.8714544832312672 0.08344997091226496 0.08749468281352506
0 0.4481791850358839 0.9689953280980708 0.09183655575957417 0.05669035178688588
0 0.24234480472080405 0.6413611235357157 0.20133884364130097 0.13901737353571592
0 0.2822058195545357 0.2521023053606578 0.1036029742462448 0.10544618676785786