0 0.5423689637039528 0.08281442245913798 0.1903461182719372 0.15226462903138532
0 0.8855977425367682 0.19135024462782574 0.10047139077317446 0.10287675103345731
0 0.7750044012886239 0.12836655521457693 0.08706398801421233 0.11472177956950458
0 0.705725456806548 0.10653225062368174 0.09126016508343397 0.10556510339082212
0 0.3785255489592033 0.21418435463367644 0.16032442559888338 0.17424663688926811
0 0.26445640490666855 0.24925717555950988 0.12069535956550989 0.13187504631872757
0 0.43847600180902224 0.03923151220110904 0.08632700361804457 0.07846302440221808
0 0.3061858022385636 0.08911588813212246 0.10704893939369331 0.10941784946188071
0 0.41630883197589 0.2327866513666888 0.16114329715018094 0.1898716368892682
0 0.2665865502023987 0.469225073202145 0.13894739258219663 0.152988066996892
0 0.5111000265695077 0.9058024662966663 0.12011550542706698 0.1505522717116218
0 0.801099827564876 0.7458451536430004 0.09289790818602875 0.13681510339082212
0 0.7215871472162941 0.8873841443373754 0.11345606965141819 0.14244867328319835
0 0.7372453674789676 0.7378550252307876 0.1104948439616777 0.14542812406898661
0 0.8315043798034395 0.8478057599293066 0.10071705223856356 0.10756425103345749
0 0.9754270409301444 0.6202521865222739 0.045947665083433974 0.10345463978475226
0 0.8596592780398457 0.7125745812694249 0.09348440637700647 0.08852315260503385
0 0.9685562432141367 0.6385848095578032 0.06280761646291495 0.09800516046291677
0 0.6599325949777304 0.7868790301931863 0.12316526232447203 0.11952059553293921
0 0.24273072761030443 0.6864875018620269 0.10688516508343382 0.10629284946188075