0 0.2592561236134415 0.4273746694047545 0.27255197921687957 0.16517768728260193
0 0.0791655239620881 0.7780288893989356 0.10688342055068929 0.10660042848861036
0 0.05396732609511601 0.6553727683368894 0.10793465219023202 0.10124324879205204
0 0.05990134377614324 0.5816004284886103 0.10186813861970409 0.10153029121570664
0 0.26078005480779254 0.32692825925303365 0.17938113342392398 0.14358998758216437
0 0.3407949727605918 0.21638911410422224 0.1411163089182919 0.1295913893989355
0 0.09635692188807163 0.2962209089437729 0.12171074505632144 0.11868584030732113
0 0.17159150469157702 0.19786289940087518 0.10241444183801277 0.10934279121570664
0 0.4955156877275135 0.3633751686558485 0.15369271857321784 0.15392170970237729
0 0.5515960789451076 0.2917391557789709 0.16230289406758586 0.1437494842481845
0 0.8847317349937374 0.572716928367924 0.16978761213660043 0.1396997130363573
0 0.8777936841212173 0.671935678367924 0.16110102698730663 0.12656198424818435
0 0.6412559785374496 0.8859829765414545 0.14398993664223275 0.14846893515656986
0 0.5670704435043712 0.9859046465259371 0.1271195108957633 0.028190706948125664
0 0.6013301010656102 0.8277241953276876 0.18138067599857094 0.14996753333979881
0 0.7020735102163332 0.9547979098618569 0.11425887797604233 0.09040418027628619
0 0.44777414028606255 0.9891254992510939 0.11352690445914586 0.02174900149781216
0 0.5640489863311198 0.9338945759326315 0.09572739926336596 0.10258260818516832
0 0.49028942221704774 0.9864149584944293 0.10168246832111638 0.027170083011141342
0 0.7295968487198218 0.7462665144231814 0.18203623986054146 0.1593425333397988
0 0.7591300734972259 0.34639406018081587 0.12371028763096845 0.12506338606495557