0 0.4475687008935044 0.06311881494725118 0.14185230925276535 0.08014595792955617
0 0.24326698457872448 0.1000335789451076 0.10325345941492108 0.10397694183801276
0 0.16959193100800204 0.20818456855354742 0.11715231818121903 0.09558528763096837
0 0.11680212175523677 0.28210266979438464 0.1452500446422687 0.09598947921687966
0 0.21292355073464392 0.5867194779563719 0.1708500624991762 0.13211264951546742
0 0.27995927192068787 0.7248261293134247 0.14127165665497757 0.1362866972858944
0 0.04323793669004493 0.545105050368317 0.08647587338008986 0.09103989926336595
0 0.08956214286185041 0.6803980581619872 0.12852619480442448 0.12135011213660044
0 0.2644803222449994 0.6728483660718728 0.1686250892845374 0.18345662822814396
0 0.45550869683960993 0.7258155569014795 0.14771257142762995 0.14766123986054147
0 0.91068494075053 0.487207980883238 0.16150233603812653 0.13301958565349709
0 0.7930333851479173 0.20906619141068425 0.13036143019392785 0.13708437278026225
0 0.9159157317393507 0.27694247023957635 0.14565914772652383 0.11942697921687966
0 0.7641447260573079 0.2547828829965955 0.11761596834337489 0.12214778763096837
0 0.8905356765437752 0.1663545315036567 0.10796823295387128 0.10586722376899797
0 0.678569284903036 0.021061990945822128 0.10701365909060953 0.042123981891644256
0 0.7513737650175336 0.137070859111382 0.09067163879807012 0.09841535668871888
0 0.697155643669334 0.030008161118359116 0.09799321509696383 0.06001632223671823
0 0.8071895681845144 0.33682520465223603 0.12723643019392766 0.13686585149293878
0 0.8957844638824433 0.31268322828534806 0.11564436525912 0.09860102698730663