0 0.41015222093248394 0.88671875 0.1405084460605966 0.1015625
0 0.6488711788159351 0.9015625 0.11550844606059663 0.1015625
0 0.7142136815152276 0.8125 0.10878484937994451 0.0953125
0 0.7854626420979711 0.73828125 0.13172544191141178 0.109375
0 0.7508447240559836 0.421875 0.18674482863401992 0.134375
0 0.7480418006154111 0.28359375 0.14204763527271586 0.121875
0 0.9084195031002776 0.4765625 0.11766294191141177 0.109375
0 0.898182587958075 0.35390625 0.1028900468904336 0.1
0 0.5025391238508465 0.32734375 0.19694862282516112 0.1453125
0 0.5328437757203018 0.23671875 0.1606792361025528 0.1203125
0 0.09909481513755823 0.3109375 0.17005423610255282 0.1203125
0 0.0678058664895266 0.40390625 0.1356117329790532 0.11875
0 0.056642762235451005 0.48671875 0.11328552447090201 0.128125
0 0.052966098955737194 0.6328125 0.10593219791147439 0.14375
0 0.16499769936136693 0.6578125 0.16127123195336796 0.128125
0 0.04366685901634944 0.73046875 0.08733371803269888 0.075
0 0.12757928711894934 0.72890625 0.13283765601864025 0.0828125
0 0.15360806823783593 0.7875 0.09640324855010744 0.096875
0 0.20272988462479402 0.9125 0.11505816016782514 0.075
0 0.05555201368534353 0.67421875 0.11110402737068706 0.115625
0 0.29166359128206737 0.171875 0.17220873195336797 0.128125