0 0.5472081479439851 0.7941493898461081 0.18359836307689897 0.2702444128671175
0 0.14623672117942044 0.7202668010396185 0.11285704274124866 0.11574524440092268
0 0.24692472802789772 0.8086799508344814 0.1058733369323898 0.12609074855010727
0 0.31682375354770687 0.8598056655664099 0.10790943361304191 0.13245914772027056
0 0.6366617342516749 0.8265609933752373 0.14716211037760657 0.17893232863402
0 0.7769189587318659 0.7913599670302356 0.15078401784613932 0.16522502614450935
0 0.5721642942143632 0.9695116296736384 0.10097234937994451 0.060976740652723294
0 0.7092140083215916 0.9577171196130262 0.11610044191141178 0.08456576077394758
0 0.7228943095617029 0.7857126956596112 0.19306660622842173 0.1901784045687478
0 0.7961747537481996 0.614940099603659 0.15691561867597628 0.16413612282516113
0 0.6032685551888033 0.12960348300227514 0.14704371120744356 0.1773698286340201
0 0.3121718037389108 0.20386424150113758 0.1476823286340201 0.14479412697434615
0 0.39024741431701004 0.0963728954451854 0.1304948286340201 0.14349173610255284
0 0.34395552262002416 0.2645299769789905 0.16072770290907376 0.19394202199532423
0 0.2771321076783142 0.10022975602328466 0.11477474025173766 0.12055114357108562
0 0.10496480021442582 0.28836560560372176 0.0610577444009226 0.10871307178554286
0 0.2318456863123343 0.2304015854824973 0.10985044191141169 0.11707094606059654
0 0.115748012247062 0.26665654896502594 0.08269594606059655 0.10724566016782511
0 0.44474750539858476 0.21080317096499462 0.14252123195336797 0.13818892946385702
0 0.5076842906666562 0.14954728486708616 0.14661858133331246 0.233264631123531
0 0.42285900477388483 0.11670962884844589 0.1263042361025528 0.1291924377622268