0 0.5612214821311408 0.9237224794163925 0.12993685079830275 0.09314370636839726
0 0.7957039114846248 0.882506774425121 0.09894151878308044 0.09684279121570682
0 0.828844016731552 0.7809601209413599 0.09230951680591382 0.08695760818516848
0 0.8676929525108266 0.6932049004881369 0.1069450197716634 0.10216802000387944
0 0.7291848453239143 0.39892925775522153 0.16376802273741298 0.1208221672787226
0 0.6804674555137572 0.2671851791168301 0.12457818874502422 0.11450852333785919
0 0.9001830948296228 0.41523926821620316 0.10394735376405251 0.10503792848861035
0 0.8336733685556188 0.29693593624383186 0.11989068874502422 0.11412588606495558
0 0.4616935977953721 0.3653364103208987 0.18159219269935695 0.13785017061270252
0 0.45766928406893853 0.27172993153272607 0.1449543557412186 0.11772911818710821
0 0.07143400096999265 0.4457586522758131 0.1428680019399853 0.11874948424818452
0 0.06326669735794596 0.5490271734876405 0.12653339471589192 0.09936175546001173
0 0.152304079963694 0.8213641722796925 0.13219968775644103 0.11045875212603198
0 0.1029380913324005 0.7632489122777528 0.1368871877564411 0.11084138939893542
0 0.2609097588228865 0.7722247837988409 0.17483285672980176 0.12483998758216437
0 0.14408040308166786 0.8692914892491543 0.10200285178688592 0.09553538273097573
0 0.38334187984996326 0.9854266722796925 0.10666117688202607 0.02914665544061492
0 0.2891064015987931 0.8881844947091662 0.0785016847906915 0.0920596963664579
0 0.34372096433664356 0.9793680553851212 0.09447951186299815 0.041263889229757565
0 0.19115035714973128 0.695200156068835 0.10732702174882984 0.11154302000387943
0 0.24309744809938333 0.26675616273679476 0.10107702174882985 0.11103283697334118