0 0.2177565152639366 0.5905977312910652 0.2933866594684389 0.16550458869018456
0 0.7551659662236991 0.05304106828430623 0.10484579117755644 0.10608213656861246
0 0.8311555721760803 0.146474107774909 0.1291448843300113 0.09986188190398124
0 0.8677427166851244 0.21476548652134425 0.10091975478036197 0.09583876324231466
0 0.8122377004891119 0.5378017368041681 0.17529799352159509 0.1411895109332404
0 0.7965800269841289 0.6735143528739366 0.1369969571244006 0.12540868605101813
0 0.9573367415928393 0.47976647846282583 0.08532651681432135 0.11425657257314796
0 0.9520670531284615 0.6056645971244924 0.09586589374307693 0.10324116013203692
0 0.5588809654485066 0.6298886578694455 0.19787390036914018 0.15404082544787007
0 0.5763571645533426 0.718707150093751 0.15634773442229638 0.13642409849212916
0 0.14810415175341624 0.6438293295003705 0.1685473457733484 0.13283020678620333
0 0.11220861967515831 0.5495516491987964 0.16033432757475113 0.12589670160240712
0 0.21967665406976805 0.22825426470291704 0.12632027297895929 0.1042759798304627
0 0.10668410317460404 0.32848729349662054 0.1592724753229977 0.1335725005656479
0 0.2516065769564423 0.2851686460412505 0.1665843275747511 0.12644350574944418
0 0.1230624699243269 0.2162805279452317 0.11059514342930994 0.10134646946287021
0 0.3179978308139536 0.02186685513652805 0.06031573874123301 0.0437337102730561
0 0.2565467959579185 0.1661062877471764 0.09028264342930994 0.09956935598499986
0 0.3272121445090441 0.04286498590921358 0.09442992288667415 0.06730366013203685
0 0.22531298966408367 0.36524641677643555 0.1390205320782579 0.10849458812453676
0 0.3794413941952771 0.7720740322805562 0.12273419802510181 0.12105337672018504