0 0.42482163633259606 0.43259997455808674 0.13940006631598406 0.15835913387576941
0 0.8705565499630883 0.8756394821328601 0.09613212523071298 0.0906869549975255
0 0.9152601758121097 0.7713105082521421 0.10793121838316751 0.08040455223856373
0 0.9249973187799941 0.6924009362258747 0.0971939774824662 0.08295634215265543
0 0.7731404179494288 0.3761064716174106 0.168747604872647 0.13030937697836445
0 0.7164620165005543 0.25712077623082347 0.12369592072720578 0.10770403663473135
0 0.9566224919019938 0.4120417288534998 0.08675501619601249 0.09767393939369344
0 0.8838392836194174 0.29314456467457717 0.09340764342931003 0.09677318068726608
0 0.7236107873200452 0.3929763890756937 0.20704864126984165 0.1447746687014785
0 0.4974512006459955 0.2658871873575285 0.14344721622369896 0.12431168249628843
0 0.3966858582595078 0.977721044775332 0.11606509099298652 0.03722776232447202
0 0.10312471390734723 0.527862728403274 0.1454707911775565 0.10728795680654794
0 0.3332975794204524 0.8147806315009202 0.09380816162790725 0.10302318068726599
0 0.15618556446105764 0.7362008508590827 0.13559514342930995 0.0989841338757694
0 0.32767983265965495 0.7514174943457904 0.12682092072720588 0.10786781094499105
0 0.2121630590623868 0.8442490462456698 0.10091975478036197 0.09249511646291494
0 0.46142947870985845 0.9795568617132165 0.10023983189368764 0.033283890773174105
0 0.35769560455888 0.867448608095172 0.100619366131414 0.08780761646291495
0 0.44081659006091056 0.9735852038101009 0.09529151603912892 0.05282959237979803
0 0.2547546699520135 0.6705116530976463 0.11392040252860855 0.100962713703953
0 0.2838695619970475 0.2500220906823173 0.09497014342930994 0.09685506784239584