0 0.9247525256499245 0.447391253477882 0.09739915990702741 0.10215330517696727
0 0.9119254716753111 0.21908424295453824 0.10564870248167466 0.10885833148532649
0 0.8144770352851799 0.1604365560240133 0.09525750569998337 0.11603379465362354
0 0.7403786175844822 0.12160854543008241 0.09728989926336595 0.10059080517696724
0 0.4287962613999664 0.1978041082877959 0.1352376495154674 0.17593941567207608
0 0.29093562848024546 0.22309107657659047 0.1279278940675857 0.13816639988706053
0 0.4650894044591459 0.04556843966724165 0.11557000569998319 0.0911368793344833
0 0.341728314114072 0.06324636874055245 0.10186813861970415 0.09930132096198281
0 0.35977773567316745 0.45597990031058355 0.15875155917039346 0.2006509893354819
0 0.2687867489147192 0.4448064528567149 0.1355982824351883 0.15884292093374786
0 0.3884586546343729 0.8661361503105836 0.13647236758448217 0.17134292093374803
0 0.4870653994385927 0.8964768267177649 0.12019180372251163 0.16105786831702956
0 0.7986916782674849 0.7536019980750358 0.09928944183801285 0.1069318104386392
0 0.7076510510477472 0.8875513348220341 0.12767652179152655 0.15682539462538864
0 0.7303569415090367 0.7411089743269252 0.12378669728589457 0.14570588410204516
0 0.8164961733238062 0.8623854638741687 0.10285148441265975 0.1133638209619825
0 0.8523576276470664 0.7245900612856851 0.1015403566887187 0.09461382096198286
0 0.9627256420999496 0.6592164192911324 0.07454871580010085 0.09793624203690499
0 0.6477847421294552 0.771804508457205 0.11735102698730664 0.12043286831702957
0 0.23477165387806825 0.6538776159685422 0.12371028763096843 0.12235938936371689