0 0.841181522317839 0.5048530076963534 0.26731595941492114 0.10305749050069472
0 0.8375932775961401 0.16495470630958262 0.09689436525911965 0.09284342306201396
0 0.886213784088962 0.2638636785741659 0.10599662986961604 0.07743662860909728
0 0.8940183758091311 0.35278070820944374 0.09048072402541792 0.0833229526972918
0 0.754519093745469 0.6444259603936452 0.1612023271096728 0.10839699430041669
0 0.7012731371699217 0.773060759880555 0.1237023271096728 0.10752417211208325
0 0.9185134098980932 0.6367011133196867 0.10481595941492117 0.0992752610179167
0 0.8720532414719928 0.751109758646284 0.08910913879807011 0.09422408510611113
0 0.49146966882654686 0.6638351495075691 0.1881193831160271 0.1293277433504862
0 0.48123732669934044 0.7492641564414232 0.14426028896022594 0.12205945079743082
0 0.08946506371369688 0.5583015028497916 0.15818642126547416 0.11457425911805572
0 0.07983887337349926 0.4545770908056944 0.1456591477265238 0.11272081838861117
0 0.26285237621616836 0.19318172986402757 0.12246710957707689 0.12623780452090286
0 0.1254575162320544 0.24718151168350683 0.13296823295387142 0.10149237765916679
0 0.3075296765404799 0.24528843731097197 0.1487296006486231 0.10966855357097235
0 0.18607564204448096 0.13791430803628457 0.09980117694751697 0.08041615824437506
0 0.31644893465815477 0.12940886417270808 0.07962504464226869 0.08775587955902786
0 0.403847748782184 0.03202341147541633 0.09306025324641087 0.05214568787965286
0 0.22136607994904658 0.32388752241708313 0.09894778896022585 0.12100479065319458
0 0.26706573254353905 0.7479965164331596 0.10648755357072241 0.10556162860909737