0 0.48304742944161294 0.843312100121637 0.15000104176169415 0.26961358411256375
0 0.7443999606741927 0.10739173907810196 0.1021897347764936 0.10840337334017516
0 0.6247323552879984 0.08464965154769272 0.09912836729005096 0.11932269262201592
0 0.5505454215447771 0.09055019360397457 0.09592155405833439 0.10524201190385667
0 0.3268998850476401 0.3246717053114395 0.1806692587805987 0.16979539129415605
0 0.18184646028140922 0.37004835870584396 0.12423745159900638 0.1382181383672898
0 0.25684087334017514 0.1000716811109427 0.12103972872636941 0.12569995764913058
0 0.16843742437344744 0.21387108157848092 0.12263859016268785 0.13195904800821018
0 0.32405266188041554 0.5067256812091385 0.14307835518980258 0.15395222267624523
0 0.256502068398078 0.5789961118291019 0.14780221662612103 0.16022949375348397
0 0.5216559323684793 0.8993393863241863 0.13082379488495235 0.19606699980360814
0 0.6342059293434172 0.907278630470454 0.12748062626704132 0.1585488190854491
0 0.8459145472226431 0.635725296456086 0.1131363251355733 0.11002950585373253
0 0.8211968692349585 0.8186877873808998 0.12274767447164336 0.1507090480082102
0 0.7826605682998821 0.6407809559988106 0.13062380698520074 0.16169199980360816
0 0.9137156464605175 0.7408031610156625 0.10064541549465282 0.11151928298109545
0 0.9691924450579028 0.4732838629092564 0.05058178298109546 0.1002908914905479
0 0.8925850141433518 0.6002963356836976 0.10378859621281222 0.11466246369925485
0 0.968514692425624 0.5006230677297167 0.06297061514875182 0.10038179508134401
0 0.7286048482559155 0.7496928685665971 0.13190450585373253 0.11326359016268786
0 0.30459517651474677 0.7880984010567135 0.11158291549465282 0.11158291549465282