0 0.08635050161552063 0.5555144489603816 0.17270100323104126 0.1358461020792369
0 0.25864884850204783 0.8827127985408186 0.10865026101791671 0.11117614357108536
0 0.18192465397288124 0.7949419566340514 0.12107752583555564 0.10899833693238978
0 0.12175152659805492 0.7332124738554908 0.14916615824437507 0.10956702199532416
0 0.20535180870187464 0.3915326141025842 0.18172539152687514 0.16818500539858477
0 0.22628451738309002 0.26282727364570946 0.14048214247680563 0.13854412697434612
0 0.04245568446118037 0.48935757531002777 0.08491136892236074 0.0994098493799445
0 0.07626502716673582 0.3420439448111967 0.13401393692972233 0.12869553029369402
0 0.22911596381211768 0.4092286769650574 0.20065722948277784 0.17741829544054108
0 0.4427277881846526 0.2113319381632121 0.1580333183886113 0.15547151784613938
0 0.9107841911106942 0.3396378887739789 0.16242987765916653 0.1433267153566284
0 0.788557820101041 0.6655277277809611 0.11326502583555573 0.1084063410815748
0 0.9183381987101384 0.5511906954126747 0.13713893692972262 0.1289323286340201
0 0.7539659209747217 0.6104384086947107 0.14651393692972228 0.1296427236549981
0 0.8992771145539578 0.6664963866993865 0.11497299620027804 0.11477474025173766
0 0.6903346063858325 0.8648191779907425 0.10770470364722229 0.07055114357108536
0 0.7621031164538188 0.7299221145035695 0.11330139342673604 0.10996884108157481
0 0.7227113485020478 0.8475482450024007 0.09985583605604162 0.06839664772027021
0 0.8153963430868052 0.48412343981359723 0.19411628875333342 0.164444698759889
0 0.6825546608098263 0.12686981471335096 0.13386846656500015 0.12244553029369402