0 0.5174571830947963 0.875289229696864 0.17564852084968266 0.13669086958138302
0 0.16918951616432198 0.7877971358558244 0.09179034639736088 0.09737901878308027
0 0.2826359022159839 0.8426199456279255 0.07652905925034234 0.1092423488211363
0 0.3527809176553901 0.8608805142972749 0.08250627461060622 0.10012201680591418
0 0.6744165737653117 0.7320127790888415 0.14677937476889086 0.16360619665368964
0 0.7866066852063673 0.6898969218647482 0.10975073620994653 0.1246418557412186
0 0.6221734268265902 0.9257747079480341 0.07634720282385174 0.10299234882113631
0 0.7522269881885035 0.852426096769608 0.09817673871722885 0.10232118676785795
0 0.6356124865391509 0.7156038704956041 0.14571697994174038 0.18073002965749527
0 0.7739462461725694 0.46983908984952577 0.1259667695960413 0.14559102570316257
0 0.5090771347980206 0.061048952053716035 0.10877926959604131 0.12209790410743207
0 0.22800429420664753 0.22849112003849364 0.08180759263643714 0.1297458498097196
0 0.30040682845067224 0.08240268722496842 0.10073944906292791 0.13675985376405228
0 0.2916037929530063 0.23685010669262074 0.09747805674305984 0.13194501977166348
0 0.19304060932948458 0.12901504346047862 0.0919267387172289 0.1020665187830803
0 0.059902815056330064 0.36518198961987663 0.03572220282385159 0.1013370069200823
0 0.1711920045523465 0.26522179889768605 0.08669366943775678 0.08312551779449713
0 0.06560724577685789 0.34617732163509907 0.054244882290738185 0.09428851087441492
0 0.3665977812745238 0.17982417387909558 0.11094952335696498 0.11220552273741302
0 0.7879392353520165 0.2518239188989987 0.0980858105039836 0.09919618676785795