0 0.520677979094487 0.13106632391046097 0.12355641026922992 0.26213264782092194
0 0.8493497396884179 0.17554634555713933 0.09755681043863902 0.0975568104386391
0 0.746413726463651 0.11146770598166097 0.08431335779368573 0.11080026308359248
0 0.6794005317112054 0.0990201848643864 0.09259629465362344 0.09259629465362355
0 0.3621304607492226 0.2124882345679203 0.12499854195220043 0.1676718893637168
0 0.22887834499244195 0.2545076765483556 0.11343941567207612 0.12962585779368574
0 0.40362625796309504 0.051666521223155314 0.10453485253201396 0.10333304244631063
0 0.282229400098822 0.08711577922154386 0.0987552893919517 0.09139781570031094
0 0.29939742939095304 0.44738615031058354 0.131263952503779 0.14156441567207612
0 0.20809759520420346 0.4776189528567148 0.12868498407381015 0.15075740514873245
0 0.32230795349199937 0.8828462371987562 0.12012903142885678 0.16427387357870132
0 0.4217241245669216 0.900413897820922 0.12243498407381015 0.15039338410204514
0 0.7112556033790599 0.7418454507199892 0.1352234104104042 0.1293374314570915
0 0.6674006456136091 0.8798760717384416 0.10753802616718496 0.16198333148532634
0 0.6731255427992464 0.6880070901542931 0.1249075366905286 0.1661093893637169
0 0.7524805718796159 0.8227545455006696 0.08863683674699843 0.10482327886860787
0 0.9060360243128078 0.6059248193193673 0.056188357793685736 0.10916216837349921
0 0.7870515349067386 0.6837074560522481 0.09214126834526422 0.08478379465362344
0 0.896168200649402 0.6283003482585624 0.06648882096198286 0.0988617052052021
0 0.5627425086689667 0.778524945317143 0.13420694198043534 0.13862142619541978
0 0.16998513224766792 0.6908392896743004 0.11078485253201387 0.110784852532014