0 0.5614838455571393 0.8375743709898957 0.20131738922254244 0.2716388725471326
0 0.09041508446909827 0.2675456442587814 0.10279034200867018 0.10550985376405234
0 0.19000483176767516 0.19022445749092348 0.10112142619541978 0.13038251977166349
0 0.26162920278612767 0.15145377616027306 0.0963583314853265 0.10213018577927468
0 0.5777477554734334 0.19702762543852 0.1428230787839034 0.1772866946765233
0 0.7118574449642072 0.20948918026770516 0.12648544724210709 0.13765119171077372
0 0.5355587974256337 0.04872536558986932 0.11601838410204515 0.09745073117973864
0 0.659239221131392 0.05575402661738362 0.10389781570031094 0.09776102076024666
0 0.6457719004517578 0.44755952464021725 0.15815965244730917 0.19973469764227278
0 0.7357899556993124 0.42752425585713694 0.13704351564384112 0.1583456936879401
0 0.6218375166320615 0.8584970246402174 0.13455555247554418 0.1691558596955513
0 0.524522900875281 0.8967557114080751 0.1280325366905286 0.1642136917107738
0 0.21535927445398215 0.7986789446393422 0.10562691567207609 0.1274485207602467
0 0.30329264298277314 0.9081083413695815 0.13557202090551304 0.15984452669174587
0 0.2707671112715677 0.7707011832706356 0.13842400512049746 0.15528436068413462
0 0.19413745086116346 0.8954093646012862 0.10159186305535757 0.11169618676785795
0 0.1566514033649425 0.7628807074909235 0.09884629465362353 0.09132001977166357
0 0.041769126985996066 0.7013131492016973 0.07090330517696725 0.09329901384016441
0 0.3538680376081618 0.7891381654761387 0.10755343671876352 0.13376218775644108
0 0.7711527900978233 0.6232704959713052 0.12254139988706055 0.12346135771838504