0 0.15488102862008687 0.41516325908385576 0.25646533278320494 0.14671472970625654
0 0.2650787031095665 0.07774326529277359 0.11394594606059663 0.1102356115191484
0 0.18458479709092618 0.166614188780414 0.11924875269929239 0.09824579454968659
0 0.14549714107228592 0.25210514969073927 0.1054230510396184 0.10022288273097572
0 0.17609040994411057 0.5656097981735305 0.17990283278320493 0.14046498758216436
0 0.18207753296976442 0.7017705677183679 0.14349173610255286 0.13128143515657004
0 0.04285202675759809 0.5267381010581668 0.08570405351519618 0.11868584030732095
0 0.04082083515853637 0.6483102121182732 0.08164167031707274 0.11116038273097573
0 0.4169979072448182 0.6344562955884566 0.20980382033565026 0.1661983112195859
0 0.39726390247093335 0.7206966845283501 0.16666912697434616 0.1502545757634536
0 0.832812161394003 0.608277851178853 0.17869553029369384 0.14502494182452974
0 0.8777121095291921 0.5075605029956242 0.16595873195336788 0.1408795757634536
0 0.7965976997855742 0.21526104587832076 0.14635662697434615 0.14859648091420458
0 0.9039114470862817 0.2950127055709997 0.14481743776222658 0.1282839809142046
0 0.7367248697016616 0.25741646603198126 0.17232713112353099 0.14295225879399173
0 0.8880873827739162 0.17595968769315223 0.11467965186945542 0.09942565727678296
0 0.7686871099533994 0.14300327966746326 0.0962848493799445 0.10258260818516848
0 0.7205357977156261 0.032837559153897196 0.10161096680652086 0.06567511830779439
0 0.7908660728112281 0.35237840860541714 0.12232713112353082 0.1388707945496866
0 0.599973582759983 0.7608281216417743 0.12606743776222676 0.1267534318225902