0 0.8553186610865986 0.7180661373241186 0.23550946856846844 0.1450950524036106
0 0.1327075303980741 0.23282064486347193 0.10302230024766904 0.10704966531583313
0 0.08424429756158187 0.3470301163525924 0.11359592721213971 0.10019407257314797
0 0.07662654259918314 0.42637586376069425 0.11388702564056315 0.10644407257314796
0 0.2436876482663169 0.7131902329880088 0.17457196856846863 0.1397637119699997
0 0.30538066542982467 0.8370371275686568 0.13663532092583344 0.12710788708777762
0 0.07677197601657589 0.7095690725731479 0.11588617328319831 0.1159557736099071
0 0.13584941542982465 0.8222050650802775 0.09684507485477489 0.10806536116879606
0 0.5109671935515872 0.7177477597554619 0.20193498924663303 0.15927512959490714
0 0.5241157028572121 0.8059702211598138 0.15753001778268025 0.1413850005656478
0 0.897041742351514 0.5969915111695816 0.16356169396136266 0.13724430471268487
0 0.9031526552956303 0.4994719622063409 0.15494867328319833 0.11937329952888867
0 0.6919220186112499 0.2346795644681468 0.12428087014004525 0.1291392787937035
0 0.5932213070720945 0.08013974448689701 0.1104323858558109 0.0656823715363887
0 0.654109495451886 0.28863504114106353 0.17486306699689216 0.1460137119699997
0 0.7737028655919312 0.17986421682448925 0.10890842721213971 0.09978396946287016
0 0.5189297824649887 0.07520894524083233 0.10708906203449331 0.06072146946287016
0 0.6333860806457431 0.1777857240345358 0.09023120181924557 0.09970605702175912
0 0.5522688213401181 0.08361676753115635 0.09858735731976367 0.07865126324231464
0 0.7669305190255346 0.39263761889800775 0.18787248924663302 0.15804482026407377
0 0.7340921703922234 0.7945323095671745 0.11141699710451576 0.12023317049962934