0 0.8325473169441496 0.4192732011041576 0.13562037919390768 0.21875497840045352
0 0.8123423386105637 0.8042756836809624 0.09112496974937905 0.08910219473518959
0 0.8653360492847565 0.6907290496528787 0.1051511083130606 0.08334326805616747
0 0.8782723865205782 0.615292540034232 0.09107951795398109 0.08128969473518968
0 0.7275421752572102 0.34326875101149035 0.11810562626704132 0.16190477767481415
0 0.7010620093697739 0.1957861158022803 0.11777837334017516 0.10565477767481415
0 0.9432171722321481 0.3271452100898323 0.10526019262201594 0.1020932680561673
0 0.8555995184449602 0.21616555927152561 0.11151019262201593 0.10231152286549075
0 0.5270427263886783 0.3018426867610053 0.16791472872636942 0.13083831614940156
0 0.47985008470173884 0.22381937968209642 0.13661927693097126 0.12193454210278443
0 0.11679356064853585 0.580228158622855 0.2335871212970717 0.10042661905195924
0 0.06814497024035829 0.5225719152462769 0.13628994048071658 0.10173116950744614
0 0.2781718716898552 0.7877802198781151 0.09274201190385671 0.09853175843752063
0 0.10513434748935832 0.72508679083684 0.13335792154477705 0.09838791469812272
0 0.2746065101553408 0.7293228791339422 0.11777837334017516 0.10565477767481415
0 0.15373040789240452 0.8303992842134182 0.09582156010845858 0.09082838584218215
0 0.40615090506373414 0.9426537144358196 0.09077953610435348 0.029727194735189498
0 0.29895200430160834 0.8409498598966486 0.09891928903121974 0.08625001324684396
0 0.37413783578189336 0.9406472703336022 0.0924693011314682 0.05165675843752027
0 0.20320420882748094 0.6505828094411615 0.10373405405833439 0.10828870435383635
0 0.2658148557789778 0.22660710690142363 0.0911613311856975 0.09535219473518966