0 0.8249603295603624 0.639513371788051 0.09076077886860796 0.08331246974937905
0 0.7353763718654985 0.8501195945624922 0.09948333148532633 0.09898292154477702
0 0.6279433034637645 0.8710502389799061 0.08992632096198286 0.09580337939029918
0 0.5323731982303276 0.9028456605246831 0.11004139988706055 0.11934996369925485
0 0.2770772954300824 0.7270472715682181 0.126834057737216 0.16630677693097126
0 0.15746201642030005 0.6621404099355079 0.12152493145709165 0.12878859621281205
0 0.2531862271695227 0.8958790847999347 0.11087585779368574 0.10685905405833437
0 0.1473072244680996 0.8230824551150479 0.10591534200867017 0.10214428298109546
0 0.30205969780680453 0.4590239794137405 0.14842063140062187 0.18829995159900642
0 0.21239025305435896 0.4431449702403583 0.1289579998588257 0.1491374576491305
0 0.4703587316547357 0.07847848224241084 0.1280325366905286 0.1569569644848217
0 0.5743104842855716 0.0758029341360048 0.10726501038216937 0.1516058682720096
0 0.8155747081889739 0.30452529343102397 0.09314232622365459 0.09738406010845857
0 0.7763287396178307 0.1469945945624921 0.1226169945971538 0.1475385962128121
0 0.746543987128169 0.29633606441006693 0.11729245776545091 0.1365738251355733
0 0.8697000370434644 0.20658724229955577 0.10140985253201365 0.10524201190385671
0 0.9425481899142966 0.45764068219109716 0.05729583148532669 0.09873748184962743
0 0.855214060862162 0.34802985373587425 0.09948333148532669 0.09898292154477702
0 0.9417970319935541 0.43031056772971665 0.07126732622365459 0.09725679508134402
0 0.6817604212866838 0.24204399503003032 0.11409186305535748 0.10843973477649363
0 0.2551902160108945 0.23124895823830577 0.11721686305535757 0.10845791549465282