0 0.8716202503957113 0.3238709002704674 0.2567594992085772 0.20111518728260194
0 0.901783055818623 0.6875667384517566 0.10920516693047447 0.11023561151914833
0 0.9102511221951012 0.5748913952694976 0.10456313103709718 0.1114154742462448
0 0.9203187924907879 0.4902772792084213 0.10585284639736088 0.10216802000387926
0 0.7235501264182435 0.24086656588220007 0.1756939849563052 0.14528003333979883
0 0.6452312466347877 0.13292626224865778 0.13787573620994636 0.13128143515657004
0 0.9141152904457239 0.1963359605719695 0.12528480799670091 0.12713606909549377
0 0.8183959619950517 0.10939368315122436 0.10460859514371981 0.11297797424624481
0 0.46276339060400834 0.2942617302859848 0.2028020542357773 0.166198311219586
0 0.435399257059629 0.2150524624081373 0.16034176959604132 0.1533795757634535
0 0.0951991205457487 0.49968139348182145 0.1647564849563052 0.14438721303635713
0 0.10304637595602502 0.6078925062089178 0.15814277210332378 0.13137703000581896
0 0.3820221367765777 0.8028232715016914 0.1284552721033238 0.1289536606107628
0 0.18906174696399208 0.7919488996907392 0.1518473079967011 0.12930434697528082
0 0.3741354289381612 0.7470834545322296 0.1806088054894186 0.15347517061270252
0 0.270050985681221 0.8840091118090125 0.10879598997087019 0.09617311151914834
0 0.5313127461060623 0.9276802660416795 0.10467077962517113 0.061543020003879435
0 0.4077866664017488 0.8539713122583562 0.11545516693047428 0.1107457945496865
0 0.5055087640527509 0.9290035210426495 0.10030152837152997 0.07209788273097573
0 0.2606435787798766 0.6952654762030989 0.11471102084968247 0.13874324879205205
0 0.22874609177850735 0.27185979817353056 0.1156824874635877 0.1185582945496865