0 0.4935883432129601 0.8925822300684059 0.13706474267981755 0.0984567760184536
0 0.2529269805458692 0.8929073047024074 0.105832924013363 0.0996556493475449
0 0.19932126989182314 0.7993022080283169 0.09791133601209037 0.09018974267981754
0 0.14396215523554995 0.7220851800206809 0.1121011053469085 0.1012908746817267
0 0.21871035327818436 0.4088499306969986 0.1702045066836356 0.12696358402290803
0 0.23904212929663804 0.2731306066995439 0.13105110001590833 0.11869655068427196
0 0.053141539306183073 0.45379770934118147 0.10628307861236615 0.10748633068109026
0 0.09546430462286565 0.32381076468013575 0.12627269334818114 0.11082950668363552
0 0.46573135128900206 0.3320259907304062 0.16097495735199913 0.13935449602163538
0 0.459781890634956 0.23897542472945163 0.15139996268299924 0.12205790802036273
0 0.8829006699554565 0.3384429067870399 0.16389996268299925 0.1222033586887262
0 0.9169114959420936 0.43728948679181245 0.15596019334818118 0.11117495202099903
0 0.921480269931594 0.5146968714592215 0.14685791335136286 0.13450336401972632
0 0.9104325872454131 0.6583377834579489 0.1451136000159085 0.11886018268618095
0 0.7553269165738679 0.6924753314369497 0.14193405601527206 0.11413632001909005
0 0.8950792125636866 0.7691116514560399 0.10895792401336309 0.09969201201463562
0 0.8491485472231414 0.821709392783222 0.12412839067472703 0.06081132535009024
0 0.7531457038908688 0.8127787407701771 0.10581474267981754 0.0980931493475449
0 0.725328691876233 0.9202821580999044 0.10561474801081765 0.08090564934754489
0 0.8039740492520947 0.6078736121100858 0.1152806493475449 0.10601473734881743
0 0.6696568773074557 0.19844297342454126 0.09972837468172653 0.11208292401336303