0 0.91726834342111 0.40108696361057905 0.1223737015966055 0.17101032092583335
0 0.23460301243165177 0.8399036002904502 0.09575285178688589 0.09179370181924576
0 0.17220648870565558 0.730096260753367 0.10930601581733076 0.07994867328319835
0 0.148247723876908 0.660766217949296 0.103247016805914 0.0843450748547749
0 0.2541688241437381 0.3403915978092509 0.16284219269935693 0.13078773531769167
0 0.29373404844057555 0.21644252150673396 0.12301568874502422 0.11021837014004517
0 0.06617141703337544 0.3945462125726126 0.10292868182494201 0.0765325748547749
0 0.13660463935304654 0.25976664412797845 0.11800985376405224 0.10218754631872766
0 0.26845150003718105 0.38355940095240404 0.1974081936879401 0.13707627667402048
0 0.5129297174139362 0.2171915765119139 0.1408398587069682 0.1266438908182096
0 0.938791880455798 0.45591785877201485 0.12241623908840396 0.11123721463952715
0 0.7476494990857789 0.7526067299455172 0.14712435079830258 0.08950776385373889
0 0.932061649770351 0.6680925270928144 0.13513368676785795 0.10142556699689198
0 0.7662284027361005 0.6899055227495883 0.11344968775644108 0.10509422249741007
0 0.8911103390096666 0.7772342406988842 0.10050401878308009 0.09357452564056316
0 0.657618701176676 0.9250875055860804 0.10321784190105418 0.04535534946188058
0 0.7530028439525827 0.8071486807313055 0.08781301779449713 0.08830482878371626
0 0.6823321996938013 0.9168918618723868 0.09447951186299797 0.0605437018192454
0 0.8448070474891735 0.5821422185729779 0.16609452669174551 0.13405828453190338
0 0.7325737139538951 0.19052410690998803 0.1006950197716634 0.09826202564056316