0 0.9074973199692117 0.4835140921077118 0.13832722267624503 0.14618834138279588
0 0.8913915726996862 0.2970764869348622 0.09903746369925485 0.10598923871722885
0 0.7988364340378089 0.2232776225908127 0.09133404800821018 0.12451191818411553
0 0.7279608526557197 0.18370900573948074 0.09119769262201594 0.10107441818411553
0 0.40886996419023414 0.2330280779884538 0.13224084913967826 0.1741314849563052
0 0.27282792506081843 0.24704145071228054 0.11952268052176755 0.13626777210332372
0 0.4605920663549745 0.07278691145369093 0.10845791549465282 0.114074523356965
0 0.33545571096878024 0.09258728292387644 0.0989829215447771 0.09661423871722892
0 0.3237990308397962 0.48450199828414037 0.14643061416679296 0.19641566191590928
0 0.23405072961013218 0.4654815621533362 0.12588176483072291 0.1551996285298145
0 0.32141281158139656 0.8946582482841403 0.12595448770335987 0.16769962852981452
0 0.41495373332256535 0.9271715684215422 0.11339994554888211 0.1456568631569155
0 0.7383372120489348 0.8177119326990848 0.09277837334017516 0.10424488229073817
0 0.6446321429634857 0.9325004033382764 0.10868517447164336 0.13499919332344704
0 0.6720264108192707 0.799373458167621 0.114871541958086 0.14238137978345583
0 0.7478571369133615 0.9273824493921323 0.09593973477649378 0.1105858105039836
0 0.920932064311871 0.7261335011206272 0.052162463699254855 0.10462531551854841
0 0.7939514077942087 0.79432590848419 0.09583065046753828 0.0918358105039836
0 0.9082775282075175 0.7523322882676458 0.06776019262201594 0.10039245658477522
0 0.5867247150739969 0.8218956643566848 0.11003859621281205 0.11724498746358769
0 0.18681613954564016 0.6602341210079671 0.11632495764913058 0.12367684389007838