0 0.3666150913460912 0.49233980335917416 0.15991636031120038 0.22629928901808824
0 0.8126141490625194 0.8107099830287952 0.09684279121570682 0.10101988433001133
0 0.7094734314842344 0.8716393861757126 0.09744856909549374 0.12748225478036196
0 0.6350475163315437 0.8982834268918438 0.0935902454580722 0.09925712523071262
0 0.3260548957285395 0.796807257862681 0.13695735030926076 0.17353523442229637
0 0.1962556964871439 0.7610025609173132 0.12295875212603188 0.13533432757475108
0 0.3540688411769133 0.9539375828949801 0.11167056576151388 0.09212483421003981
0 0.23396350632960403 0.9244130212809163 0.10102010818516849 0.09507027297895938
0 0.28316499149587243 0.5333269463270588 0.1512429909161442 0.19621127081949083
0 0.19249219407124793 0.5377257472222228 0.1323018012176463 0.15458497532299767
0 0.34470697999612065 0.12575427822074658 0.1286346672787227 0.16678458667404977
0 0.44615778075472506 0.10476875462347846 0.1201844384905499 0.15847143892580315
0 0.7408489142346069 0.25637533157992076 0.10188097758022466 0.12465764342930993
0 0.663169937572466 0.13045557679955874 0.13255689273291543 0.15770997532299771
0 0.6779982278700888 0.2759077791435972 0.12241661818710821 0.14773419802510182
0 0.7720029325714962 0.16334602482466057 0.09904302000387925 0.10893251387966063
0 0.9111777765026613 0.3921590445644173 0.05191292848861018 0.10280362739018098
0 0.7959989287784743 0.3023176896917703 0.09738492515463033 0.08862001387966068
0 0.9014997586248139 0.36640807294204747 0.06195760818516831 0.09256703423772628
0 0.6002557362050386 0.2277322925618325 0.11517820303441759 0.11618380937615383
0 0.17594177816965118 0.33640427667958706 0.12037588606495561 0.12273419802510181