0 0.8910682255977818 0.38008022849623513 0.09019696856846834 0.1264727711033183
0 0.8170163337461149 0.1499348068237239 0.09684507485477489 0.10160913879807003
0 0.7126541654253155 0.12517236039444632 0.08710620181924558 0.09363299756436802
0 0.6195377121583278 0.09004911242304121 0.09884422249741007 0.11101141233702042
0 0.34560156017246646 0.25198959943410243 0.1201413337461151 0.16602619480442452
0 0.22251297063538317 0.3119976193196048 0.11185364474715102 0.12216710064862309
0 0.33688787799792796 0.08169073620357759 0.10302230024766904 0.10015573295387141
0 0.23020553846084474 0.1414123839301014 0.09455482878371627 0.08595686525911975
0 0.35283197911243863 0.5247413068204286 0.1315154813887501 0.175592109577077
0 0.2594458521479679 0.534190219157449 0.10818498924663303 0.14396028003177222
0 0.4865050816746912 0.9102230649381035 0.1070591368892682 0.15330800649282175
0 0.5884314547102205 0.9162627849063313 0.10691358767505647 0.1501830064928221
0 0.6626844379609975 0.8821275182672398 0.12184507485477489 0.10204551542127546
0 0.8048697839082216 0.8460246026838085 0.13282111621110354 0.13658415665497756
0 0.7751008930900121 0.7104962057680637 0.11621581306795044 0.14878414772652385
0 0.8862802956950457 0.7976904683499654 0.06254284946188093 0.1025716209411625
0 0.8525901923042237 0.7122711655900218 0.07122864474715129 0.12145798863591431
0 0.8962096056626245 0.6583415961909868 0.09113873035529281 0.07965231818121907
0 0.9797411197257604 0.5745921132371155 0.04051776054847913 0.1056966209411625
0 0.8492704472666224 0.7920813965152984 0.09967897642635144 0.0954136858759707
0 0.28994895119556385 0.7862066866900449 0.11643413688926821 0.15347164772652383