0 0.7869266102760768 0.4569938676817449 0.24059124525034736 0.14664529977412108
0 0.8895678331093411 0.8109371860128919 0.10392639342673604 0.10747784200867017
0 0.9219055947928478 0.6918910544005084 0.11464568787965276 0.09873987884037305
0 0.9139645018029519 0.618870783353821 0.09905705547083343 0.0993923262236546
0 0.721045077506667 0.341589404584035 0.17500261284152785 0.1443855787839034
0 0.6449345595548961 0.22246840728545814 0.13717530452090293 0.128138952503779
0 0.8861972988213196 0.330923462321251 0.11660823138263901 0.11601838410204497
0 0.814265787803403 0.2237487281768537 0.0977127610179167 0.10867632096198283
0 0.48558035619201423 0.3481601100715858 0.15029355357097246 0.1554294945971538
0 0.433089829406528 0.27176493906725074 0.15781511284152785 0.14338452090551304
0 0.09143423195131986 0.5093287683452643 0.16235714247680566 0.1374075366905286
0 0.09690494158246579 0.610292028868608 0.15581620174736122 0.12454351564384111
0 0.3256339260992368 0.8506495312876824 0.139137848023889 0.14541745776545092
0 0.38166833339368134 0.9664579998588255 0.12696384992374998 0.06708400028234891
0 0.3672934428167368 0.7969021759836583 0.175075348023889 0.14751057878390342
0 0.2631716001111813 0.9156683155591366 0.10999455547083344 0.10002936305535784
0 0.5155348403275355 0.9822719866340588 0.11235583605604163 0.03545602673188242
0 0.4018522404037855 0.9073615338479311 0.09128092306201392 0.10049979991529553
0 0.4709308551451744 0.9780549234939967 0.09843880642076393 0.04389015301200665
0 0.24178299011944498 0.7006502603115822 0.17529355357097237 0.1568855787839034
0 0.22466038677722247 0.3001952340032229 0.11831620174736121 0.12235938936371689