0 0.56328125 0.34609375 0.18046875 0.121875
0 0.16171875 0.81171875 0.084375 0.0890625
0 0.26875 0.865625 0.075 0.103125
0 0.346875 0.88203125 0.07578125 0.09296875
0 0.66015625 0.75546875 0.12109375 0.1609375
0 0.7765625 0.70703125 0.1 0.11640625
0 0.628125 0.94765625 0.08828125 0.10390625
0 0.74609375 0.871875 0.09140625 0.090625
0 0.628125 0.73671875 0.146875 0.175
0 0.759375 0.48671875 0.115625 0.13359375
0 0.48359375 0.06953125 0.096875 0.1375
0 0.20703125 0.2734375 0.08984375 0.0875
0 0.27734375 0.10546875 0.090625 0.128125
0 0.2640625 0.27890625 0.10546875 0.121875
0 0.1703125 0.153125 0.08515625 0.09296875
0 0.04296875 0.39140625 0.02734375 0.0984375
0 0.1515625 0.290625 0.08046875 0.090625
0 0.0484375 0.371875 0.04765625 0.090625
0 0.34453125 0.2078125 0.096875 0.10703125
0 0.76796875 0.27109375 0.09140625 0.09140625