0 0.24890169073726803 0.5244899084131716 0.2708221672787226 0.17288638059640907
0 0.8441334109006269 0.17979829036837697 0.10647288273097573 0.10359639077317437
0 0.8741561375627676 0.29802266791256826 0.11820760818516832 0.09487648801421233
0 0.8736462124081374 0.38050761929204924 0.12560552000387942 0.10926653663473136
0 0.6645909793679008 0.6543965779076195 0.17920875212603188 0.13696881275401332
0 0.5854937975453106 0.7752280563108934 0.1408159318225902 0.12406602103089917
0 0.8298493175491901 0.659738095886301 0.12130065727678278 0.1137083751693421
0 0.7547699560300416 0.7694682999793154 0.10204047424624481 0.10647572930778519
0 0.4008153928536016 0.6456611442796774 0.20860920970237729 0.15406778154634876
0 0.37426912618370217 0.7326222337187993 0.16214879788366643 0.1376305540475858
0 0.06066720665826144 0.5052396986659475 0.12133441331652288 0.13327060266810484
0 0.06289919294788887 0.40602094866594757 0.12579838589577774 0.12044305404758586
0 0.29391001241783565 0.1541807304394389 0.12544602333785929 0.12637214947960165
0 0.3835779034837611 0.020185267978681427 0.11096919303247779 0.040370535957362855
0 0.3213496151429924 0.20875204375927897 0.18115388939893542 0.141738199909143
0 0.21938811560203436 0.09507572535105623 0.11377519970043756 0.09775582654882313
0 0.4772003577261266 0.018078334747223996 0.10771664727484342 0.03615666949444799
0 0.35821149954095804 0.10024682496694344 0.0951527454580722 0.09833568068726609
0 0.42785406196849207 0.02156850491904052 0.09728933030538141 0.04313700983808104
0 0.19241180104846844 0.3111920482818348 0.20573930121764633 0.15702900723608923
0 0.1699163370940274 0.7106597817734913 0.11699579454968659 0.11815021370395282