0 0.540625 0.9140625 0.071875 0.171875
0 0.16171875 0.81171875 0.084375 0.0890625
0 0.275 0.865625 0.07734375 0.10390625
0 0.34921875 0.89140625 0.071875 0.10546875
0 0.65859375 0.7546875 0.12265625 0.153125
0 0.775 0.684375 0.10859375 0.12890625
0 0.621875 0.94765625 0.07109375 0.10390625
0 0.74765625 0.86640625 0.09453125 0.1125
0 0.625 0.7203125 0.14140625 0.16953125
0 0.759375 0.4890625 0.115625 0.12890625
0 0.4859375 0.071875 0.1 0.14296875
0 0.21875 0.246875 0.109375 0.10703125
0 0.27578125 0.1046875 0.08984375 0.128125
0 0.26328125 0.29453125 0.10859375 0.159375
0 0.1703125 0.153125 0.08515625 0.09296875
0 0.04296875 0.3890625 0.03359375 0.1
0 0.1515625 0.3 0.08046875 0.09609375
0 0.0515625 0.3546875 0.05234375 0.0859375
0 0.36953125 0.190625 0.12109375 0.15390625
0 0.76796875 0.2328125 0.09140625 0.134375