0 0.319969518050939 0.89626244252382 0.11497985965300898 0.20747511495235998
0 0.7526768121539311 0.13333325487177383 0.10807092072720578 0.10215337334017516
0 0.6347173565706901 0.09591454722264327 0.10252182757475108 0.1130545119038567
0 0.5542986713455147 0.09466514373004295 0.10877182757475126 0.11309087334017516
0 0.28167629241417425 0.28768284894328666 0.14382675046142532 0.17264768052176754
0 0.16212645358065614 0.3604522075509347 0.12892364126984165 0.13507495764913058
0 0.27197752467700226 0.12193967427525157 0.11668445712440043 0.11469882513557321
0 0.1643967597176075 0.19087096057599678 0.1092329025286086 0.09591246369925477
0 0.2967355837486143 0.5527129513044187 0.1627164528054638 0.19931017447164337
0 0.2101775200535238 0.5740925267345796 0.1442878254152828 0.15546927088084708
0 0.44654251003137446 0.9208129906302261 0.14000084361388007 0.15837401873954776
0 0.5442988895810238 0.9214776286047325 0.12231269586563336 0.1537795058537327
0 0.7922309515780713 0.6868945921075955 0.13114747532299784 0.12103063836728971
0 0.9362090939276471 0.574408748527062 0.06149630937615384 0.10656816256778665
0 0.7364210425710578 0.6553082488216496 0.14861438001107458 0.17423745159900647
0 0.8537308536452546 0.7638434323684793 0.1006589389258032 0.10835792154477701
0 0.8455049483388688 0.6238996884186034 0.10101988433001133 0.08961701190385654
0 0.9285758690660746 0.5227826160135047 0.08277053207825773 0.0973204275949012
0 0.6411109376984108 0.776674188713191 0.1620155459579184 0.18837267447164335
0 0.23680416949981345 0.7805743308911098 0.12107156847545253 0.11003859621281205