0 0.8769326036002191 0.3883799393601422 0.11199919396136267 0.13211061151914844
0 0.8626304708447801 0.16073317148229474 0.09989730024766885 0.10621779121570665
0 0.760327416253885 0.10137376012262586 0.08968754631872766 0.12094997091226492
0 0.6908347076102139 0.07280209209499724 0.08968754631872748 0.12094997091226492
0 0.3753487946660977 0.19583994786426978 0.12341188296032675 0.1766258860649556
0 0.23815485566713374 0.25062265589965704 0.13812935442427943 0.19183629788366643
0 0.43215537448327135 0.03158548453804855 0.0856892510334573 0.0631709690760971
0 0.2971596362700956 0.06991491877653469 0.10138702564056316 0.10478283697334119
0 0.27705253577475764 0.2676827390799764 0.18758139081820957 0.15073280788560608
0 0.2191372202256076 0.4584191804454643 0.1405266083532209 0.1764663893989354
0 0.41881811911109706 0.8834039786189948 0.12453773531769166 0.1673784318225902
0 0.8108665320552131 0.75411638072563 0.0763527923897862 0.13542705909355418
0 0.6661212663394475 0.7036694548220936 0.1279538337461151 0.1738835233378591
0 0.7439658223780847 0.820283256788646 0.10011562406898662 0.11090529121570673
0 0.9112582919800106 0.5871524081463753 0.04862589867609231 0.10825878121376711
0 0.7714273504998472 0.6818426390605797 0.08027400496239885 0.08593724212409234
0 0.8959757402845995 0.6312052970862687 0.05294952564056317 0.10082891848667064
0 0.5802543868937773 0.7425881757343585 0.10553087014004525 0.1269129284886102
0 0.6198027303598022 0.8125181673994089 0.09295809553293921 0.12433006242753386