0 0.5929465449831481 0.11787018465799241 0.1374464996072165 0.23574036931598483
0 0.25202014323906363 0.8728766120772745 0.10374314441741399 0.11105312406898663
0 0.37325933898433755 0.8922365800265706 0.09599427693097136 0.12162675103345748
0 0.45376445042065594 0.8947386877606188 0.09599427693097126 0.12162675103345748
0 0.7189662278426067 0.6752993672490702 0.15572380093507637 0.18532968610347994
0 0.8216867068635636 0.6009649931800837 0.13837267447164336 0.1564041654253156
0 0.7287053630866385 0.871774106909988 0.09286927693097127 0.1214812018192454
0 0.8335332427715254 0.7567055709303426 0.11951359016268777 0.13678087014004525
0 0.6930986194313503 0.6616563982663168 0.17143970452587248 0.20168243217453838
0 0.7516958728491958 0.3908858258927414 0.1446499455488821 0.1613827638537389
0 0.38332156010845864 0.07659775237875548 0.13218630698520065 0.15319550475751095
0 0.16204249950902067 0.3167593527716496 0.14610336123992673 0.14270553846084474
0 0.18770505396013853 0.16083468445085006 0.11959540339440444 0.15084337014004517
0 0.2223760115110732 0.3444262803980741 0.14164312021691716 0.18154971463952715
0 0.09750730083688056 0.23849311166298975 0.10533291549465287 0.11581339867609249
0 0.032650957059955375 0.5079922824649887 0.05999314441741401 0.10901543507002245
0 0.11554474941082482 0.38378634098482534 0.10220791549465283 0.11566784946188076
0 0.0364163064942213 0.483591595947224 0.06777837334017514 0.10469180810555194
0 0.30053685206654457 0.2126261627392283 0.16201925273047452 0.19343328453190328
0 0.7090533340143678 0.18031435298104662 0.11946813836728971 0.12896837014004517