0 0.4931918160022171 0.8939572178010394 0.12834384793281667 0.08015416442319179
0 0.2539698272609841 0.8480069056477031 0.09603199568106335 0.08701191818411544
0 0.2092302213086029 0.7461117850354475 0.09074371838316742 0.07750052586424747
0 0.16070428130306555 0.6581427721033238 0.10414488433001132 0.09192673871722903
0 0.2668298611941685 0.3672486506331382 0.1610957911775565 0.10450094655564542
0 0.30138772902362554 0.23724891356526195 0.12193316162790727 0.1018018438900784
0 0.09766885101513571 0.380261813011266 0.10122014342930993 0.0949608105039836
0 0.15245887569213798 0.26176787727617323 0.11704540252860855 0.09854045157021041
0 0.5302019463270587 0.33982129875899403 0.1777220866740498 0.12058058762187222
0 0.5242442381229242 0.24685254875899404 0.14224566162790708 0.10239287727617326
0 0.9296740141103733 0.4296305741610231 0.14065197177925343 0.10431909012915472
0 0.9433848631229242 0.5316931793338726 0.11323027375415151 0.08538723370266403
0 0.8103910055463291 0.8181893058186229 0.11201794108527138 0.06876202335696498
0 0.932878472388337 0.7461133805083715 0.13247014342930968 0.09587009263643723
0 0.775666749686233 0.7508965057394807 0.16910855027685515 0.107853267088759
0 0.9028684022148414 0.8497324740027385 0.10061936613141427 0.08558581050398359
0 0.6776855343853845 0.9741855900626476 0.10270349784053164 0.04509720282385175
0 0.7603700215854581 0.8650810261934518 0.07874436613141392 0.08494931301126592
0 0.6969163957364366 0.9700663913954312 0.09539164558877822 0.05268238229073816
0 0.8228538278792928 0.6719508033113406 0.10747014342931002 0.09514266693047428
0 0.7379062199243269 0.24683113136630136 0.09849566162790727 0.10111988229073816