0 0.5613121743931941 0.32327713195520547 0.1478972118153475 0.25276423111680746
0 0.20881315587274232 0.8512847817734913 0.09607752583555565 0.10491322930778502
0 0.32292955404913115 0.8765160758714547 0.09506053970326392 0.12826884215265508
0 0.40012783368440896 0.8787126616925318 0.09131729065319458 0.10154256784239593
0 0.676966356670173 0.6847358531223902 0.13365156743868062 0.1771091338757694
0 0.7941915306821175 0.6099262036427885 0.12024237765916687 0.13739153663473136
0 0.6871193406182632 0.8519676187262224 0.10879573138263901 0.11494332654882307
0 0.7949695146302076 0.7776492921773992 0.10058318787965277 0.09734639077317428
0 0.6589300971708677 0.42038010402690135 0.1482232137152085 0.19972111827193723
0 0.7476841258562149 0.3954409797620704 0.1300901563445139 0.1581953595655099
0 0.5067571866453819 0.06719638681644549 0.1271106267092362 0.13439277363289098
0 0.40434070146302076 0.07133833220303268 0.1192981267092362 0.14267666440606536
0 0.1529918345374303 0.2994190665992004 0.09971167211208343 0.12695200361804462
0 0.20085071913045124 0.15411653267800252 0.12860039152687514 0.16123847241038014
0 0.21543728315065946 0.2984873303940104 0.1268196859797918 0.15178158525525037
0 0.10333863307440953 0.22009009271848226 0.09778549620027785 0.11124511646291486
0 0.023088088621492874 0.481956006897405 0.04617617724298575 0.10418288896415202
0 0.11098486607256915 0.360923132632574 0.09575021751493064 0.09085072930778511
0 0.02686737865755191 0.4537081761647103 0.05373475731510382 0.09373671189493056
0 0.2848971043890623 0.23086273914586614 0.11046733415618064 0.11971271370395291
0 0.7187272437317359 0.19798280359736004 0.11686280452090295 0.12629026232447188