0 0.11132085772388531 0.4769787423263302 0.0944772287263694 0.13210395020978147
0 0.11633911406859712 0.2657335890069823 0.09590337334017515 0.10878484937994451
0 0.2105612918598901 0.2197717388018452 0.08649201190385669 0.10182445435896632
0 0.287527791958086 0.1607887477249149 0.10699540944452864 0.13617614357108562
0 0.599746511707465 0.2703468821724382 0.12284766842151917 0.17642263527271584
0 0.7358112767345796 0.3025226099766213 0.11637949980360833 0.1384490385920638
0 0.5542562288245654 0.10212875582279199 0.10687723477649377 0.11586364357108563
0 0.684970418519715 0.1542025865314045 0.11007495764913067 0.12860044191141168
0 0.6770185805965222 0.5323392419253448 0.14172493344863374 0.19971842531467204
0 0.7683430173648057 0.5252030933798817 0.12274767447164336 0.15923513527271585
0 0.6653377546753821 0.9278107656713006 0.12124880698520073 0.14437846865739878
0 0.5678724022160541 0.9432159891141951 0.10244426483072289 0.11356802177160966
0 0.25068438133520693 0.8077103693006762 0.09118860226293624 0.10374215186945542
0 0.3499081973955939 0.9358631238624575 0.11648858411256366 0.12827375227508497
0 0.32012927292395055 0.7981353823729308 0.1117374515990063 0.14590634108157463
0 0.23881161611170057 0.914575675939372 0.097493144417414 0.11359074855010717
0 0.07354918871319102 0.6958937630722545 0.05684996369925477 0.10738737012586874
0 0.19660995969223402 0.7747193479300518 0.09590337334017515 0.10878484937994451
0 0.08465940553570377 0.7264100572633957 0.06619769262201594 0.10341026514684692
0 0.3866809686692244 0.8281673471048594 0.102371541958086 0.14675844606059663
0 0.8094094206610143 0.7383785222190389 0.1115738251355733 0.11778134108157481