0 0.40551946260345745 0.4943605492830363 0.14373291335136287 0.14275521857321785
0 0.8568023413033196 0.28118710401395425 0.09480451734563573 0.09718063861970413
0 0.7521426606460919 0.20428076056678712 0.08088746801399935 0.10869729282674852
0 0.6789960619828189 0.1741455103146856 0.0824681493475449 0.11036905347041022
0 0.36912052796786515 0.26272278319149295 0.11435449602163539 0.1672417663436449
0 0.23666201662954717 0.29020900880207634 0.1061056440165447 0.1291954631253363
0 0.3999449086569095 0.09990035509923503 0.09807496801399936 0.10989915990702759
0 0.27997730665181886 0.12904191585911232 0.093169292011454 0.09082137797604237
0 0.3184098139322304 0.5218903335598101 0.12716357869190792 0.1946783514929388
0 0.230174017266094 0.511810857192922 0.1172795013526355 0.15027278763096846
0 0.3706957358768693 0.9262888024235668 0.10961245202099903 0.14742239515286643
0 0.46731619720723305 0.9439295885034886 0.09852950135263541 0.11214082299302283
0 0.7597775118953229 0.8248499866815736 0.1105931493475449 0.11233574505632156
0 0.9308808999045499 0.7687906468407026 0.05279883068109044 0.10985560124083733
0 0.7142110205681409 0.7763142976935524 0.11907835868872638 0.17069454827463026
0 0.7985303818825964 0.9213861330949479 0.08239542401336308 0.10411905347041035
0 0.9402109939131403 0.7061103303808423 0.04805678668045417 0.10484031930985208
0 0.8251485205681408 0.7840718033935357 0.08686474801081764 0.08569683540139543
0 0.9263661225732316 0.7536191149097176 0.054143154678545004 0.09121486188449897
0 0.5881383218889595 0.8597609462006137 0.13027039735836254 0.19333437278026225
0 0.2066530592377771 0.7189295885034885 0.10425224267981756 0.10408620248167448