0 0.1832884987269063 0.43856709184501436 0.2810329186823629 0.12376307508545992
0 0.17511565611072216 0.8108058046979958 0.09636701734563577 0.09339831050398359
0 0.12770375942867745 0.6988657458433649 0.108794292011454 0.08751202335696498
0 0.1049287834181779 0.6221584933360824 0.11506247334499946 0.08925637978345566
0 0.26080387671067984 0.31673990446056893 0.16248291335136283 0.1374953029821361
0 0.3157084580283168 0.19947819662215244 0.12316587468172653 0.11448370031656915
0 0.06579136871417963 0.34820416778840413 0.10868520401018134 0.07813702335696497
0 0.15420788403086222 0.22293373165759994 0.1199317866804539 0.10501777210332372
0 0.2767288687141796 0.34206651339434213 0.18444882001909005 0.1459443004748538
0 0.5325056066995439 0.2267751678549111 0.1405170066836355 0.1290463054894186
0 0.9301891286998621 0.5167670527194387 0.13962174260027566 0.11360316191590947
0 0.7328372494429949 0.7867626186336987 0.10417951734563573 0.09362563103709683
0 0.888432721435359 0.7259662079714305 0.13397610534690826 0.10386444906292791
0 0.7141412461011771 0.7247854558598595 0.13557496801399935 0.10703491316955045
0 0.8325832581158128 0.8291881478631584 0.10107269867918127 0.09509720282385166
0 0.5830928827975395 0.9474226369760987 0.10367044000636341 0.049875631037097176
0 0.6865895054503127 0.8420327918323791 0.099455654678545 0.09036423871722903
0 0.6150695887969031 0.9418031227903338 0.09436816534054522 0.05585284639736088
0 0.807527072087814 0.6235973774091873 0.17807155068427188 0.1348249440483631
0 0.7810794667011347 0.2312651249019048 0.12607269867918128 0.0958246285298145