0 0.8828332851223948 0.5981056668229183 0.10206246974937869 0.09482306738935158
0 0.8359678963623217 0.7382125484440756 0.08333065046753836 0.09630765494824053
0 0.7292229926733296 0.7967953194620847 0.07096700585373235 0.1186515466541664
0 0.6527786673413646 0.8238061702632884 0.07706246974937905 0.09263585080120355
0 0.35359121271729615 0.7210098182843062 0.10402494554888211 0.16370976842611107
0 0.22518895676536782 0.6845630532985651 0.09911927693097129 0.1257996653158333
0 0.36863092631835503 0.8877482589534729 0.09274201190385671 0.10337786116879606
0 0.2511525348278073 0.8480008367104173 0.08640110831306043 0.08720605702175917
0 0.3278225564942213 0.4567224343540747 0.11663402985783762 0.1835533767201849
0 0.2363935805965222 0.46081319500449125 0.10235336123992675 0.14482306738935163
0 0.417687469749379 0.06401575318078738 0.10086358411256366 0.12803150636157476
0 0.5230744065176625 0.050603291635023605 0.09145222267624505 0.10120658327004721
0 0.8062192255049156 0.192880216068983 0.07713519262201593 0.10513585080120355
0 0.7405527980082102 0.06482816880268585 0.0867374515990063 0.1296563376053717
0 0.7359294514026147 0.20293801272314954 0.09291472872636941 0.13306536116879608
0 0.8392221021647405 0.08837864377865903 0.08180451190385654 0.10242095391148132
0 0.9609299722834617 0.31769641394819625 0.03338519262201593 0.10130822177194432
0 0.8533260296614458 0.22862293496620537 0.08324883723582169 0.08224515494824056
0 0.9552930506404888 0.2892686175768537 0.04896474082661797 0.09486273213953691
0 0.6567959424256242 0.170778915079492 0.08338519262201594 0.10568265494824058
0 0.23522092427525157 0.25925069500449116 0.09904655405833437 0.11329966531583313