0 0.3377158223780847 0.8556632012354667 0.13420814185166688 0.24060353444287869
0 0.7537713552528489 0.06277050330077036 0.10651117328319834 0.11394594606059656
0 0.6347324108772014 0.05334460725410696 0.09920809553293922 0.10668921450821392
0 0.5554087839127307 0.05245753609326407 0.09920809553293922 0.10491507218652814
0 0.2748907222925222 0.26565535310492205 0.16134853060296192 0.18816561867597636
0 0.170924506205253 0.35838914999535565 0.13736306699689202 0.14119553029369403
0 0.2793728227878603 0.06913555061541116 0.09601032092583343 0.12249215186945539
0 0.16732012489755613 0.1850583937715783 0.12330056699689199 0.1401299377622268
0 0.29990783891791073 0.2801080167972322 0.17770127667402047 0.2049746103776066
0 0.2235100430134679 0.5498061327739162 0.1492466368892682 0.16233682448483505
0 0.5675467175395206 0.8686088740513391 0.13711050992479734 0.1692021311235309
0 0.8001923593911874 0.6205461918881897 0.1355094685684687 0.134827131123531
0 0.7689144725019192 0.7739438790257166 0.12388276385373906 0.15262993776222694
0 0.7428357777119869 0.5984236607693031 0.13398550992479752 0.16896533278320494
0 0.8636319671252357 0.6959237775711797 0.10829199710451576 0.11875184523075966
0 0.9470974003332315 0.42491161532876215 0.06432367328319799 0.11074916846619484
0 0.8556290301931864 0.5501735696877285 0.10516699710451576 0.1185150468904336
0 0.9420267566195377 0.45020761325416975 0.0718450748547749 0.10509116431701
0 0.6599611575719418 0.7230344196923728 0.1663271290313853 0.19477081618646536
0 0.2558708170014012 0.7910222060093515 0.12628001778268028 0.13724173610255264