0 0.43439102118017614 0.6979167175293007 0.14025622136826893 0.2616387037328781
0 0.7912577168824637 0.17095439163414855 0.0975700197716634 0.09538641233702042
0 0.6807313937644898 0.12055319682972407 0.09501802273741297 0.10939436525911975
0 0.6026063937644898 0.11918951988220708 0.08963018577927465 0.0921250446422687
0 0.31261411064695344 0.2712706225627204 0.1254350346004111 0.16613528896022584
0 0.18822426429727498 0.3308620365245939 0.11609452669174569 0.12849892126547413
0 0.3170508957416561 0.10482346225429487 0.10595552273741297 0.10958528003177212
0 0.20528838338436647 0.16150806452777106 0.1004403517868859 0.08919095941492108
0 0.3058243052862957 0.5338388064100962 0.14019787155854946 0.1835682508107789
0 0.2183733848300602 0.5502938749983524 0.12785969764227278 0.14900233603812651
0 0.4234058057434062 0.924612036524594 0.12205536661563361 0.15077592695081207
0 0.5200579712567259 0.9310080868489055 0.10285969764227279 0.13798382630218917
0 0.7806465972638995 0.7383600799457513 0.13615235870696818 0.1226034772718286
0 0.9403492025108265 0.6371675470713101 0.057645356729801735 0.11186480032431163
0 0.731711690153537 0.6921611899298652 0.1301862015966055 0.167779609577077
0 0.8400905814465688 0.8144510215037648 0.09007585475263546 0.1030625446422686
0 0.9471204673395741 0.5669232309186859 0.05426568874502422 0.10556025324641087
0 0.8434768611040638 0.6737851111953393 0.09243685079830266 0.08436709172016954
0 0.938896790457548 0.6152516367628846 0.0693813527754692 0.0933329886359143
0 0.6278770829294436 0.8037105702065187 0.14125103558899427 0.1710955243497292
0 0.2285920073400117 0.7599961574657564 0.11195085475263547 0.10344437418757338