0 0.6293577610542271 0.9043354376520462 0.1578174784004535 0.13526585518980241
0 0.2577357321982867 0.8689898527539157 0.10360120435383653 0.10370678298109545
0 0.3822645062449038 0.8995217143866258 0.09148315027015244 0.11457156010845856
0 0.45424863364956547 0.9022285578689633 0.09589783175849824 0.1067863311856975
0 0.7367362075186974 0.7122655914392342 0.16877482576804842 0.18063289734428026
0 0.8336632820208015 0.6460633536376784 0.12495041469812271 0.13351245764913067
0 0.734345361417047 0.9123201335937118 0.09148315027015244 0.11457156010845856
0 0.8402010026167067 0.8109025584581385 0.11006945916315977 0.109993144417414
0 0.6934127934535468 0.7023593263139236 0.1675942716843643 0.19156130698520074
0 0.7676215866526397 0.4331229921031641 0.14446430653075487 0.155496541958086
0 0.40515378067003904 0.07812798253699844 0.12722224282842393 0.15383404800821018
0 0.18063496342432916 0.3169824460398615 0.09962303248413758 0.12399201190385671
0 0.21089783838192017 0.15427336778103026 0.11908236061443878 0.14441359621281213
0 0.23944696823365258 0.3228915575743758 0.12495041469812271 0.13351245764913058
0 0.11793157758214697 0.22201537968488694 0.10376489546082905 0.10839428298109555
0 0.047219806615572735 0.47951023799794745 0.05042164065150563 0.10183521077238851
0 0.13054568338726227 0.3594699278894889 0.09686013103285877 0.08960792154477701
0 0.04810026033643704 0.45996989763886786 0.06750001324684392 0.09881020472226432
0 0.30137156015895183 0.23892055767257164 0.12138890507947586 0.12099427693097128
0 0.726525327582147 0.21847468482337584 0.10996033175849824 0.10686814441741399