0 0.5802059420901143 0.14536912324842113 0.18424286808868526 0.29073824649684227
0 0.25641352698730663 0.09378272453610888 0.11044546312533629 0.11310552000387934
0 0.3749232263668881 0.061113423403051495 0.10372556956195353 0.12222684680610299
0 0.4496882795851967 0.05993452771060923 0.10074268119435104 0.1076527454580721
0 0.7301345222957296 0.23896922603392096 0.15522236758448216 0.1757967097023773
0 0.842754490616846 0.298918568757138 0.13138067599857095 0.14588606909549373
0 0.7353033514929388 0.06569122269994107 0.12069454827463008 0.12637079454968653
0 0.842509200135886 0.126868225574879 0.11168018119435104 0.10854556576151383
0 0.7072097465689307 0.49541041573241884 0.16554786238870206 0.21237193849054994
0 0.7911530578330112 0.5160580134566057 0.14998856436617344 0.16760157242947357
0 0.5494015084731002 0.8791470422544767 0.14417560694082035 0.17334138939893542
0 0.44678460686394583 0.8835950393795388 0.14228532500983526 0.16852634364130098
0 0.2086844012801782 0.6696752869636429 0.16139595792955613 0.1529969384905499
0 0.2462440214625504 0.8135369862050386 0.12713021857321788 0.15175343182258993
0 0.26832719905060526 0.6349497295370787 0.13592606436617344 0.1664536606107628
0 0.1454138589576328 0.7424110274207452 0.0997264844126597 0.11533769970043757
0 0.06533932082246133 0.4849490848473093 0.06814870248167453 0.10809928454774695
0 0.15605679199356928 0.6024716825714961 0.1032121173323806 0.09853283697334128
0 0.07014143530485037 0.5199140162108575 0.07428944183801278 0.10704696757828494
0 0.3369839999231254 0.7291304221105145 0.1411163089182919 0.1295913893989354
0 0.7620439840836836 0.7290042946703728 0.12549130891829172 0.1283159318225902