0 0.723896412420688 0.584475314105917 0.2551835517214315 0.16008143713693707
0 0.25557293212131793 0.10312703825595695 0.10489088584218216 0.10004284946188076
0 0.18560022721932726 0.20576619478993224 0.12029763103285873 0.0945205955329393
0 0.16302831197305032 0.276461838503626 0.10154763103285883 0.09364730024766903
0 0.24447180724854495 0.5919369811838624 0.1732242235911302 0.13598465756743253
0 0.27413700379783307 0.7243663374701687 0.13528771397248338 0.12173806699689216
0 0.06694451877395753 0.5501241244832713 0.09929565027015248 0.11850175103345731
0 0.12454374236508772 0.6757747878416722 0.12898315027015247 0.11988446856846871
0 0.5008607057045988 0.6512048575291606 0.20027779691210784 0.1512843258882322
0 0.49524067748163053 0.7367613678682428 0.15625497840045366 0.1414341368892682
0 0.9154997921451935 0.6177479247354496 0.169000415709613 0.13278688296032684
0 0.934511442372937 0.5131310452897795 0.13097711525412592 0.11941358767505647
0 0.7797693786706061 0.21252323139325938 0.10371033175849824 0.1109075748547749
0 0.9324590970935176 0.3060270206826736 0.13508180581296472 0.11926803846084474
0 0.7717411130615095 0.27393376633944744 0.1384127139724834 0.1218836162111037
0 0.9017163005403048 0.18649792473544957 0.10763393992586642 0.08925089867609244
0 0.6836235210513923 0.036239021301846176 0.10314484736759474 0.050042849461880735
0 0.7660863353866952 0.1568190409465533 0.11275794954451293 0.10196922249741007
0 0.7066071532653774 0.044558789498811244 0.09905754809323426 0.06701202564056316
0 0.8383234670525261 0.36551764475166026 0.10905259618646852 0.12987589867609248
0 0.7038269929980598 0.7716499824267167 0.10839783175849824 0.11112589867609231