0 0.11953125 0.571875 0.07421875 0.11953125
0 0.1625 0.80859375 0.08359375 0.09296875
0 0.26328125 0.84296875 0.07578125 0.0859375
0 0.3484375 0.8859375 0.07890625 0.1015625
0 0.64375 0.75625 0.10078125 0.15703125
0 0.775 0.709375 0.096875 0.1125
0 0.63046875 0.92578125 0.090625 0.090625
0 0.74453125 0.8765625 0.08359375 0.0765625
0 0.6734375 0.484375 0.109375 0.1640625
0 0.76796875 0.484375 0.09140625 0.13203125
0 0.5921875 0.08828125 0.0875 0.14453125
0 0.4921875 0.071875 0.0875 0.14140625
0 0.41328125 0.0984375 0.10859375 0.090625
0 0.26640625 0.11953125 0.11640625 0.121875
0 0.27265625 0.2765625 0.103125 0.1265625
0 0.18515625 0.16328125 0.059375 0.0984375
0 0.20703125 0.240625 0.05 0.121875
0 0.153125 0.30390625 0.07734375 0.08359375
0 0.04609375 0.36328125 0.03671875 0.09453125
0 0.13359375 0.215625 0.08984375 0.07109375
0 0.76796875 0.26328125 0.090625 0.09453125