0 0.5509987666199615 0.9017423632338201 0.15764932448483507 0.14475121266133187
0 0.36074061952439085 0.8995873482162864 0.11394594606059653 0.10341710064862326
0 0.2782106168250985 0.8118476148553778 0.13065984937994451 0.09746710957707672
0 0.23081355333792547 0.7438340004070371 0.10866645020978147 0.09552278003177203
0 0.249332874699261 0.4204277280859028 0.1837382278041831 0.13896486282348772
0 0.24918839689507793 0.28431295008272556 0.14685353444287888 0.12583757142762994
0 0.09451624275053744 0.4833658790588375 0.12258724025173773 0.11449096834337488
0 0.1013321599673325 0.3565170068998588 0.10457094606059654 0.10325345941492117
0 0.491270075734235 0.3199838486233235 0.20691561867597633 0.15653419236879254
0 0.4626463230349427 0.23130317816862828 0.16619553029369402 0.13397735389503396
0 0.8982062373519526 0.2909768181878096 0.17713303029369384 0.13416826866768633
0 0.9311464853776066 0.38167395617510075 0.13770702924478684 0.12306712743398443
0 0.8637085637108877 0.7132296935931991 0.11202824855010754 0.09870232710967279
0 0.9490107981398335 0.6119381546329732 0.10197840372033298 0.11503643912238157
0 0.8384232985640405 0.6479592495995534 0.15118583693238968 0.121231892044481
0 0.9570610190955392 0.7160080458666752 0.08587796180892156 0.10349892126547414
0 0.7903572645453691 0.901475761774418 0.10750576929603177 0.05961255357072233
0 0.8461551334218381 0.7706427731385037 0.09952824855010727 0.09848413879807012
0 0.8151321215989833 0.8877444983817375 0.10544636182749904 0.07362050649282174
0 0.8521646446199928 0.5608859435931991 0.12571224025173758 0.11454551542127547
0 0.6521339529090738 0.17167125933878613 0.137241736102553 0.12254893019392785