0 0.5155879885569314 0.8477310563960254 0.2213550296574951 0.1418794695529872
0 0.1556227395455146 0.8409482286281735 0.09607118676785786 0.0958488311856975
0 0.2733713136520716 0.8853936410977642 0.08258168973360736 0.10982951795398108
0 0.3440193946787109 0.8967447524358869 0.08688718775644108 0.10048178903121965
0 0.6559821782905388 0.7391469176359522 0.15349636760421675 0.16335449375348396
0 0.7659593561611481 0.6866491524124457 0.11440469269935694 0.1240738251355733
0 0.6188947192795595 0.9397599959929792 0.08258168973360754 0.10982951795398108
0 0.7428362380626398 0.8513974536421098 0.10257585475263546 0.10213519262201594
0 0.616647764260094 0.7264151134794219 0.15263420456235507 0.18053290339440445
0 0.7380903186321686 0.46924802897407475 0.1324198636498842 0.14448631908544912
0 0.4446957346769608 0.07526063787631049 0.11373353064607841 0.14593973477649363
0 0.17535419117930112 0.2799925479100143 0.09134919467652329 0.13331246974937896
0 0.2378117233082543 0.12797605083688054 0.10710152866891205 0.13652837334017515
0 0.2401979411793011 0.2803697978118184 0.10630303262324477 0.15526928298109546
0 0.1339572114452562 0.1836351774967054 0.09626218775644108 0.10053633118569741
0 0.01879512646428424 0.4314545330792914 0.03759025292856848 0.10020907825883119
0 0.12129143228205255 0.32187552088084714 0.09081068380210837 0.08175906010845857
0 0.02577000319430479 0.41194600897699046 0.05154000638860958 0.09406816256778665
0 0.31265787300424314 0.20889931879086143 0.12751218775644108 0.1007181383672898
0 0.7368156146012861 0.25122019164005727 0.10244852076024671 0.09901019262201594