0 0.47913490721487095 0.68680747609819 0.193763952503779 0.14629041640826923
0 0.8252715577372159 0.11335737508305437 0.09617632096198285 0.10112001387966063
0 0.7053994025178965 0.07477334130675346 0.08127936305535748 0.11261871838316742
0 0.6320151104245216 0.06692936536544689 0.08716534200867017 0.1067692365817647
0 0.33459262080669105 0.23811725709671383 0.151834057737216 0.17473678901808826
0 0.22684030496520574 0.2999139551218156 0.1149109104104042 0.1287839389258032
0 0.3535947078360381 0.047799545035067885 0.08127936305535766 0.09559909007013577
0 0.23621676301300526 0.13777490052602376 0.10838789462538864 0.12369592072720588
0 0.37746266026922987 0.24713250925618216 0.14832962613895004 0.19474890036914028
0 0.2730837863375927 0.5149486698043553 0.13309946828879457 0.14707286397194572
0 0.5985883754330784 0.8932298519472116 0.11774748407380997 0.15075906847545256
0 0.8452380493505981 0.6311957171557749 0.09596348933548207 0.15091975478036196
0 0.8019717096904152 0.8307940013935013 0.10782645250377891 0.14078329117755653
0 0.7878042519249642 0.6952570195920985 0.09957433674699825 0.1060077729789592
0 0.9010392702702286 0.7679855158914707 0.09644933674699843 0.10580751387966067
0 0.9875545089608707 0.5132701326411935 0.024890982078258617 0.10240310919158375
0 0.9024058072431058 0.6298847385935747 0.09066977360693614 0.08675712523071262
0 0.9807924221079916 0.5330517065153169 0.038415155784016976 0.09755492288667433
0 0.7096939334526431 0.7543700061738632 0.13420694198043534 0.13936049352159507
0 0.2929012756024876 0.7340293368309333 0.10251732622365459 0.1030830320782579