0 0.4501871150689653 0.8713732036485279 0.17491639812585583 0.2572535927029442
0 0.117052703153056 0.723108542557295 0.1062165592503423 0.10925063103709683
0 0.21548785464412407 0.8063733351145898 0.09872230799670109 0.11996081050398359
0 0.2801330278428045 0.8550896314328085 0.1069439849563052 0.13425063103709708
0 0.600947981524586 0.8011967194503921 0.13321697994174037 0.17872805674305986
0 0.7491066852063674 0.7422800236861694 0.13672241316955064 0.1382394490629279
0 0.5363041229865242 0.9590724377801567 0.0949608105039836 0.08185512443968648
0 0.6775823408540705 0.9323981090983754 0.127711126022532 0.13520378180324927
0 0.6892914160060375 0.7522484055811962 0.17866587226160818 0.18473401583511767
0 0.7707817937444291 0.575084163498755 0.14816001834239997 0.15574519780928675
0 0.592253347651002 0.09997520025006212 0.1376316953020041 0.1694894490629279
0 0.29598976458147636 0.1928313238318187 0.14301787727617327 0.13998380548941863
0 0.3801026886380866 0.07897106380268883 0.11958037727617325 0.1393018438900784
0 0.3281634185798269 0.25231162391096096 0.150586336368231 0.18547816191590932
0 0.26649482970431343 0.0912771840192331 0.10791545157021032 0.11398359514371963
0 0.08883414561857332 0.2898414014910681 0.049875631037096954 0.10448892319868044
0 0.2173024749271754 0.22488765439406197 0.10309155925034227 0.1091597028238516
0 0.09991639812585579 0.26830738229073814 0.07639266693047427 0.10369931301126609
0 0.432412997888429 0.18665318316130328 0.13948370031656912 0.12583037727617324
0 0.3506341489837856 0.11245951372354654 0.1293932979675712 0.20827916442319178
0 0.3989125246106062 0.10840015102884966 0.1288644490629279 0.13644962852981452