0 0.4710585827344785 0.8685007205999575 0.10429268218006964 0.25270792401336306
0 0.8092626311745483 0.16319286588959597 0.0864843202884722 0.09160679201145401
0 0.7001428575231943 0.11994339990454983 0.08401393692972228 0.1196954293443631
0 0.6247434672305902 0.10441894458150391 0.0833229526972918 0.09000792934436315
0 0.3299550312507984 0.25312226328772935 0.11777199430041678 0.16070223734881744
0 0.20370034935506917 0.30848301997136496 0.10752417211208343 0.12309314934754481
0 0.33935148109829855 0.08430862862032032 0.0992752610179167 0.10425224267981759
0 0.22399793161138878 0.14110461596913776 0.09102634992375007 0.08541133601209036
0 0.3143611731589232 0.520418851289002 0.12921864057694457 0.18270450668363553
0 0.2235361514074301 0.5300671186346377 0.11577308320625015 0.1419340560152719
0 0.41767835638583256 0.9136410452737301 0.10981402393569457 0.15436133068109043
0 0.5190772022255201 0.919490508593276 0.10345492116215275 0.14960110534690826
0 0.7970242835319091 0.7225587752228233 0.08859233415618065 0.11506247334499946
0 0.7329228030992005 0.8592053472310957 0.11272081838861112 0.14502269334818116
0 0.7350152460128466 0.7021922785646411 0.1146106267092362 0.1591033746817267
0 0.836393948425798 0.8095769698838691 0.08666615824437507 0.09941929201145419
0 0.9507337778323259 0.5614383672024605 0.03979115824437507 0.09887385200509069
0 0.8459352154276383 0.6680979945496872 0.08775587955902786 0.07912497334499946
0 0.942920624621944 0.5951139332034151 0.05821384992375016 0.08502952800763594
0 0.6618310127303466 0.7592786199077315 0.08873780452090294 0.12131247334499946
0 0.228201548349548 0.7323017806333652 0.10563436379145844 0.10901246801399936