0 0.353125 0.13191261190327405 0.134375 0.10234741316955058
0 0.12890625 0.2298429612036288 0.10625 0.10152905925034235
0 0.115625 0.3364794061099216 0.0984375 0.09348923871722885
0 0.09296875 0.4277636356559505 0.1109375 0.1001029515702104
0 0.28984375 0.6907851582214926 0.159375 0.14057483887551356
0 0.35234375 0.8022478439565855 0.13125 0.12256898495630528
0 0.11171875 0.7123743163764783 0.1078125 0.11094952335696498
0 0.18125 0.8126949136317689 0.09375 0.10116534639736088
0 0.5515625 0.6511386703621935 0.184375 0.14911476458147632
0 0.56953125 0.7443658331360328 0.1515625 0.12472251834240015
0 0.92109375 0.4810114091459295 0.1578125 0.12646687476889085
0 0.9171875 0.3756563194124862 0.1546875 0.11700094655564541
0 0.87890625 0.30567644002474187 0.11875 0.13158027210332382
0 0.82890625 0.17666254143666765 0.146875 0.11989862602253205
0 0.67578125 0.1990867738856904 0.184375 0.13192726458147636
0 0.7625 0.07625101596813162 0.1125 0.09702341567683304
0 0.6765625 0.13812654183237907 0.1328125 0.09292694906292791
0 0.625 0.09900185735092755 0.10625 0.10152905925034231
0 0.571875 0.031560922407257615 0.1125 0.06312184481451523
0 0.7578125 0.26310615828799966 0.1125 0.12046091567683304
0 0.78125 0.6944554466886594 0.0953125 0.1152733105039836