0 0.1483884491840962 0.5639514375953125 0.10887993776222675 0.11951502583555573
0 0.2062405284428162 0.7903496302246179 0.09616645020978146 0.0958229526972918
0 0.3209551464940926 0.8479419650463887 0.0848504419114117 0.11115701196784719
0 0.3965830311421085 0.8751389382609025 0.0848504419114117 0.11115701196784719
0 0.6907096942097187 0.7493336255718746 0.11688261452679143 0.16337412860909736
0 0.8179341224241758 0.6931537479127077 0.1320107070582587 0.17776393692972228
0 0.6696429454591186 0.9360893963734369 0.0810150468904336 0.10170927678548622
0 0.7932687769929236 0.8737322538966315 0.09917305103961845 0.09433318787965277
0 0.775947531967301 0.6761305552834023 0.1844719336130419 0.12907317021222225
0 0.7972627344521677 0.4823253506862494 0.13598781203728053 0.1684980397032641
0 0.5127736097529066 0.07050794927881926 0.11929721950581325 0.14101589855763852
0 0.14966014834497043 0.18826045336288183 0.07209033278320494 0.1280172036472223
0 0.3022416193006763 0.23949303220072893 0.11378092531467213 0.1430252610179168
0 0.1994224273892646 0.1323182714671526 0.09652164772027053 0.10051045269729171
0 0.07542085540322911 0.36529703846899303 0.043870244400922596 0.10552395459715277
0 0.1981228043636107 0.27009102840100685 0.07755816016782516 0.07667290919430556
0 0.08232112822374596 0.3220918991263194 0.04940984937994446 0.09629442496187508
0 0.37883908548249734 0.20718771884611079 0.10239313942190069 0.11624455547083341
0 0.3251328224102427 0.13878386417270808 0.08977474025173766 0.11439111474138897