0 0.6915675517973745 0.5488388956939602 0.15956567394668236 0.19458631303532492
0 0.7674909046917091 0.13531220599881055 0.09827774545807219 0.09427724082661784
0 0.8227527474149262 0.24275200127654623 0.12056733363936126 0.08035109621281214
0 0.8410406196849202 0.3152673507108122 0.0988198793969958 0.08178633118569749
0 0.7120078554309168 0.6236843595896067 0.16843074879205205 0.11186471662612085
0 0.6645114889107986 0.7559292330279778 0.1304205657615139 0.10539654800821019
0 0.8792112019471556 0.593819076706707 0.11103283697334092 0.09747496369925486
0 0.8318901786092965 0.7143497453246179 0.09190019970043757 0.09267837939029935
0 0.4456177098230635 0.6728677899149825 0.1961411606107628 0.1260817527304745
0 0.4423176245167122 0.7611263140172835 0.1516258860649557 0.11645222267624522
0 0.062461092868149104 0.618204578455223 0.12492218573629821 0.10714994554888228
0 0.054241863476002426 0.5198852531232581 0.10848372695200485 0.10085449375348396
0 0.21002947787008877 0.229918262394836 0.11361570303441751 0.10998405405833438
0 0.28695812393698406 0.06236260285211148 0.11045901000193972 0.05218064441741401
0 0.24735426362578364 0.27967736787922615 0.1620532030344175 0.11026585518980259
0 0.11953189468976941 0.19061993393961307 0.10506987939699583 0.08182269262201594
0 0.3584185357556949 0.04789103669352869 0.10462359818322886 0.038090873340175156
0 0.260635126811922 0.16481089198152707 0.08670251666989941 0.08640110831306051
0 0.3079243281793495 0.06380238300453664 0.09183655575957417 0.053634060108458594
0 0.1492519902879244 0.40050347316722457 0.19327125212603194 0.1291885720123153
0 0.232002006788646 0.7834336269544124 0.10529302000387934 0.10368860226293641