0 0.11668896381095765 0.4466631383370102 0.07686221463952717 0.14389985731976349
0 0.13297312758364327 0.2439576693542569 0.09997007485477488 0.1044392510334573
0 0.23442215756743262 0.17930231803034932 0.09132282092583344 0.11962760339082212
0 0.30236948283649223 0.13179592535011292 0.09099748924663302 0.14611732878371625
0 0.6175107934232434 0.25327293486062563 0.1250471575674325 0.1742080955329393
0 0.7630459253501128 0.33177042410725865 0.13140416542531544 0.14332196856846863
0 0.5592508755167287 0.07360039743323817 0.08725175103345731 0.09916955417661044
0 0.6994071486760924 0.13703581285855362 0.1151969685684687 0.13009422249741004
0 0.7091204046719485 0.31210858746565945 0.17631855913900907 0.1703596575674326
0 0.7806444559530747 0.5087695717498938 0.14263276385373871 0.15008139081820956
0 0.587431880888903 0.932373814101408 0.12766273531769165 0.13525237179718416
0 0.2963081131062226 0.8050493347795722 0.13401974317557447 0.13253001778268034
0 0.37720285628179706 0.9307502709877508 0.11443498924663302 0.13849945802449853
0 0.33956580748187015 0.7797796610820893 0.11781254631872766 0.1193022717116218
0 0.26328375144323285 0.8993964942090317 0.10175089867609248 0.10919952564056316
0 0.09223058105551869 0.6747132096771284 0.0471361732831983 0.10821491439185812
0 0.22005167410725862 0.7578425409420442 0.09470037799792799 0.09172092721213972
0 0.10247887634078896 0.6938998573197636 0.06857452564056317 0.09985875889134022
0 0.42612404569504586 0.8305844898658055 0.13074919396136267 0.1292594685684687
0 0.41066817369297387 0.9171748072769823 0.0943022717116218 0.11664815260503403