0 0.17501534585545953 0.1886343527716496 0.0938935551888033 0.08845037799792803
0 0.28270852406991664 0.13030596836358083 0.0805181394219007 0.11741013192686944
0 0.3553288852727159 0.10575542452605258 0.08151195435896633 0.08943068114108116
0 0.6655228693006763 0.215965062658175 0.11472811867597628 0.1579281240689866
0 0.7971406448204854 0.2560912948754947 0.1056365385920639 0.12013702564056317
0 0.6356074585081511 0.049672398471204665 0.09796574855010753 0.09934479694240933
0 0.7556248831981234 0.0910313751069531 0.09185745850815116 0.08212760339082217
0 0.7137757282283903 0.4802801197302696 0.1257607070582587 0.18023977171162175
0 0.8037970769836349 0.4784393298216828 0.1133073286340199 0.1391781240689866
0 0.6590480649602876 0.8858088358175389 0.10800452199532415 0.15138702564056317
0 0.5562666070768362 0.9054920971900783 0.1077677236549981 0.14826202564056318
0 0.26855035167825153 0.7401390407371563 0.11335395020978148 0.09869867328319834
0 0.33871133155702704 0.8693684683635808 0.11053752614450918 0.1437200748547749
0 0.31930736827499107 0.7064147040955572 0.1113663203356503 0.15465757485477488
0 0.23106385230295143 0.8351818670396733 0.08522895020978147 0.0973887303552928
0 0.0868715313426012 0.5980714729116947 0.03077824855010749 0.09796661910658777
0 0.2048421265733608 0.6960658631107318 0.08669636182749914 0.07565927956950454
0 0.09634161972488353 0.6195825998761655 0.05483105518880329 0.08663101282028159
0 0.40161222802789764 0.7786299983473702 0.10421574855010748 0.10138702564056316
0 0.8247169186899095 0.6820908686968122 0.1044525468904336 0.10451202564056317