0 0.5608943136585244 0.2089948475844951 0.1396644448207603 0.2536825926364371
0 0.8948465897778061 0.2701957381885035 0.1021157779283044 0.10281877461060622
0 0.7976163856847917 0.2010616417911426 0.08821705223856355 0.10553459765100212
0 0.718058360470021 0.1714446864600086 0.09405761646291495 0.09790395407749282
0 0.40352554895920323 0.24263875870898163 0.13154432835784538 0.1582791644231918
0 0.2741622755534549 0.2599362558059878 0.12085913387576941 0.1330063797834557
0 0.4418023976705793 0.07994018190766206 0.11050148801421233 0.11398359514371963
0 0.3211147614199607 0.09905023159109293 0.1033507293077851 0.09661423871722892
0 0.3501803002023987 0.48992528417751763 0.14921650723608923 0.1977963054894186
0 0.26383336442674993 0.47961225831327015 0.1375486668924562 0.15377352084968265
0 0.3938372834669127 0.9061867816702354 0.13047315128862405 0.16760870031656908
0 0.49539313941437796 0.9313960671679011 0.1296542797373265 0.13720786566419782
0 0.7811115541591276 0.8238482724325282 0.14429663387576924 0.1336883413827959
0 0.7062896958368131 0.9372901975781774 0.11649918249628843 0.12541960484364517
0 0.7353995844622808 0.7702542595004045 0.12504866689245625 0.1534098079967011
0 0.8239784848463938 0.9124621430447839 0.09134205223856355 0.1056255258642473
0 0.9698730817487474 0.7045312857603634 0.06001016508343397 0.10315374373179384
0 0.8518434560135784 0.7892436033904829 0.096773180687266 0.09018238229073816
0 0.9557596720923804 0.7478039126408251 0.07999511646291495 0.09749477711788863
0 0.6443894821328602 0.8346911810497322 0.133775213703953 0.11154055674305985
0 0.23344093679170158 0.6885637094877691 0.11683337516934211 0.1157279515702104