0 0.7484008811028092 0.5756025681034904 0.2808947431755744 0.1281624031980126
0 0.22755345761021384 0.13104650868240286 0.0981892510334573 0.09585792154477706
0 0.15697978432701554 0.2369147136010589 0.1226070541766104 0.08350336729005096
0 0.12476228970369903 0.307840291958086 0.09760705417661045 0.08335792154477702
0 0.2032852801931863 0.6185374183233232 0.16773977171162172 0.11344539734428025
0 0.22983916398208262 0.7531033158639951 0.13002144789030418 0.10853972872636959
0 0.04810241718489838 0.5847704306199633 0.09620483436979677 0.1006181444174139
0 0.06948601489170539 0.7060641685197149 0.0919392510334573 0.09582156010845858
0 0.46231136973026954 0.6778725534691592 0.19354029238978615 0.13077834308955422
0 0.45031432982168285 0.767670851673761 0.15091614474715098 0.12115790339440444
0 0.8720887841221276 0.6380576371889394 0.16312504631872776 0.11498062626704134
0 0.8999291478520319 0.5436627425751337 0.1544392510334575 0.09618517447164336
0 0.7692250732021451 0.24594688436026907 0.11476032092583335 0.11626132513557322
0 0.7754473021096959 0.11235313436026906 0.12322348428423435 0.06319995764913058
0 0.7238911484712047 0.2964781494855796 0.15814644789030421 0.10870335518980259
0 0.8662841637726857 0.20900139626412573 0.10549232878371625 0.08496587334017516
0 0.6520676141441891 0.06005886045435983 0.10508991439185814 0.04278746369925477
0 0.730130494004144 0.1792951946651194 0.08383565260503403 0.08952610831306052
0 0.6973972307695776 0.07673327604720855 0.09175516046291676 0.05833065046753823
0 0.8018448664205007 0.41805823369633915 0.20157111621110388 0.1355112948849523
0 0.6568532741973303 0.7962236194313503 0.10494867328319835 0.10683178298109546