0 0.8705000872926678 0.45 0.0848871285298145 0.125
0 0.8461833635526267 0.21171875 0.08866534639736087 0.09375
0 0.7481694123781277 0.1703125 0.0791084899708702 0.0875
0 0.6635503714701855 0.125 0.09514266693047428 0.1015625
0 0.36179399168672977 0.2390625 0.11084187476889076 0.1578125
0 0.2278676210744741 0.27734375 0.10658027210332373 0.11875
0 0.3909455972552907 0.06953125 0.09817673871722885 0.0984375
0 0.26738842531025153 0.12734375 0.10331887978345566 0.1140625
0 0.3095793076674967 0.503125 0.12696697994174028 0.175
0 0.21748273588074202 0.5 0.1102963054894186 0.1390625
0 0.3626705861055336 0.90703125 0.10909751834240007 0.1515625
0 0.46283807066612737 0.928125 0.09012019780928675 0.14375
0 0.7680293390085275 0.7765625 0.07555759263643722 0.1265625
0 0.681003048958515 0.89453125 0.10064852084968248 0.1296875
0 0.7004386737274059 0.73671875 0.11263169530200408 0.165625
0 0.7874265451975914 0.86171875 0.08880173871722903 0.0984375
0 0.9331495368178142 0.6328125 0.04826766693047446 0.1015625
0 0.816609243006878 0.71796875 0.08660274122451135 0.0765625
0 0.9270897534317193 0.653125 0.054244882290738164 0.0921875
0 0.6176201620489234 0.790625 0.10148359514371955 0.1046875
0 0.19721438532674607 0.71328125 0.10433581050398351 0.0953125