0 0.3546711377319456 0.13625004636395371 0.13816942182065048 0.07026291469812271
0 0.17069449258313418 0.2014955565307547 0.10452774545807211 0.09713294954451308
0 0.1374192201633589 0.3187450547166562 0.11925992515463038 0.08674108656782167
0 0.11273782668153745 0.39812253067003905 0.1471298336393613 0.08459823320977708
0 0.3140921300252157 0.679370074586922 0.1748082945496865 0.11828375244707061
0 0.4278194033630749 0.803311060791924 0.14588606909549373 0.12662204210278452
0 0.1216495385099466 0.6695337392002267 0.1158798336393613 0.08350695916315978
0 0.22809047033253674 0.7901041887447399 0.12898561151914842 0.11045140507947586
0 0.3932054162399525 0.7514658185964723 0.17069462152108805 0.16332343393541643
0 0.5985784424527496 0.776555131750649 0.14977634364130096 0.13610616950744614
0 0.9367181053102307 0.47279030252403953 0.1265637893795386 0.12113593393541641
0 0.7425694925831342 0.22146587158384795 0.13351361485312835 0.12774803248413757
0 0.8865744551604493 0.267782854793625 0.14904302000387942 0.10803573320977708
0 0.730180933948622 0.27011170270937396 0.1198657030344176 0.11324902286549073
0 0.8212527309142047 0.16422877965854873 0.10921524545807211 0.09729664065150567
0 0.5636159609103253 0.05240086913677724 0.1094386439408634 0.0427728317584982
0 0.6765939351565701 0.15761913719294457 0.0916451081851685 0.0920089399258662
0 0.5842473253044116 0.05701644726707837 0.10015923879011232 0.0627033858421822
0 0.8016092659209934 0.34349712820726996 0.13038861485312836 0.12763890507947587
0 0.8787618262224954 0.305682158877309 0.11795251666989941 0.08981152286549073