0 0.7756803569099879 0.6715703932816517 0.2552397717116218 0.12852072794389144
0 0.2398544044670607 0.1014671607050566 0.10607452564056316 0.10338342072720588
0 0.1632854423087329 0.2068543699889253 0.11657537799792803 0.0947093275747511
0 0.12478156038186346 0.2809822848560351 0.11501287799792803 0.09460919802510181
0 0.19469153019318633 0.602868974400147 0.1770077638537389 0.1546641209117759
0 0.23109344892827063 0.7243842265596154 0.1449572431755744 0.13547402991878954
0 0.035903150952404025 0.5438210487356957 0.07180630190480805 0.09048290252860855
0 0.06719792287342276 0.681141773597268 0.13180227171162173 0.12061049352159507
0 0.22209093817490366 0.5831980220561086 0.19016273531769162 0.1695276573089707
0 0.4350168155536592 0.7276735055555543 0.1515711162111037 0.14368704811738695
0 0.8984929263880794 0.4931171213824266 0.15716614474715093 0.130025066315984
0 0.7752738660062161 0.21203470697674218 0.1402697431755744 0.13517364126984163
0 0.9106976356509231 0.2812481770579526 0.14415672249741007 0.11828652991878955
0 0.7342100643108049 0.2575066957179752 0.16014559553293922 0.12710032541528274
0 0.8838697700589918 0.17158208282576365 0.11083480024766885 0.10524630937615384
0 0.6720526284122128 0.024971062232372766 0.10716183664159917 0.04994212446474553
0 0.7443920471472971 0.13923755706902724 0.1091267510334573 0.1020211798265045
0 0.6941994561624718 0.033129368447765865 0.10156680810555194 0.06625873689553173
0 0.8069497433849714 0.36812521823550914 0.18333053846084474 0.1566271391103733
0 0.6670994154298246 0.7618728231081562 0.1130522717116218 0.1194089389258032