0 0.6032377945914593 0.6133656509879426 0.16619271857321785 0.14764387023308564
0 0.8521573517450403 0.22771092630050416 0.09975933540139507 0.0892113221398513
0 0.9005398574450236 0.3400670825611064 0.12454081411407217 0.08695934137714509
0 0.9192295093062792 0.4178746240309187 0.09797831411407217 0.08603175843752045
0 0.7838100874182079 0.6991642856489986 0.17080380891829172 0.12442462504240907
0 0.7345199176238231 0.8190204286627569 0.13253898441265974 0.11217759618646843
0 0.9491412484105162 0.7050844473518965 0.10171750317896766 0.10360120435383635
0 0.900942593118191 0.8139212448121583 0.09238387797604233 0.09518850362819711
0 0.517349207096377 0.6890799244015875 0.19344363342392407 0.1361260168750409
0 0.5119129441069268 0.7785144466341062 0.15194454827463028 0.12220736061443863
0 0.11787409495977638 0.5488764988188736 0.16400750569998318 0.11639387023308564
0 0.10670201215627102 0.4448338395630465 0.15866444183801282 0.10685517912609299
0 0.29141659369926864 0.18864587086605777 0.12319683540139544 0.0900297776748142
0 0.15628747687109112 0.2400397013586116 0.15485102698730663 0.11919148801910043
0 0.3038180407330615 0.25454368937771205 0.14336722376899794 0.11099704210278445
0 0.20231053503307836 0.1403323672378607 0.10768109604505716 0.09104664065150563
0 0.4453724841605581 0.04984380961079763 0.10284077673520504 0.04411707694917477
0 0.3436075243894166 0.14370788229880316 0.08591535668871889 0.09184524881887364
0 0.41997364641337426 0.05441225852233851 0.09266810124083728 0.05467263103285878
0 0.2476880090541779 0.32116570498680863 0.11367972376899796 0.10996033175849824
0 0.3084219573484785 0.7550421971822603 0.12003898441265974 0.11174108656782167