0 0.4607527191574491 0.22626112216227384 0.16465460957707695 0.1262739480508354
0 0.12474703531007314 0.23603118303659695 0.09228868587597075 0.09689436525911974
0 0.22509763717651224 0.16945556331325035 0.0864750624991762 0.12178527110331841
0 0.2982720844165687 0.13849984375205954 0.08598413879807003 0.09366027110331836
0 0.6131782897743 0.21891445211461572 0.12632849512873606 0.16777960957707688
0 0.7431288425342435 0.24632461161226232 0.11314665665497756 0.12849892126547413
0 0.5761982613640857 0.05554742735784938 0.10338982710967279 0.1064602800317721
0 0.6975005170461286 0.08623259131972286 0.09527731818121907 0.08913641233702041
0 0.6664361087695931 0.4788428311734531 0.13603077759614024 0.1866932508107789
0 0.7580060000032953 0.4678723291448582 0.12128643912238175 0.14738528896022593
0 0.6241478283340793 0.8880502357998358 0.11681712743398442 0.1598034683433749
0 0.5229165649413987 0.9155906290621327 0.10886825973923261 0.15185460064862327
0 0.22297288636902865 0.7833680588490235 0.09110801542127547 0.11874209172016936
0 0.3067557767919518 0.905305514206755 0.11818871266133195 0.14889324188232536
0 0.28056324391751064 0.750341324677336 0.12150462743398434 0.15988528896022594
0 0.1971040872625331 0.8783220487027539 0.09086255357072241 0.10467959172016919
0 0.04785192979348136 0.659119855519887 0.04549550649282176 0.10076365909060954
0 0.16592404545963818 0.740627179790186 0.0904807240254177 0.08280459172016937
0 0.05838032670922626 0.6823664407472346 0.05624209172016938 0.09001707386326174
0 0.36476492005424876 0.8035424168045425 0.11281937418757346 0.10974892126547431
0 0.7826263502481765 0.6681626554437521 0.1113659683433749 0.11597164772652384