0 0.09805465916389709 0.38529436809601875 0.085294754780362 0.09447175287472209
0 0.16832279611480208 0.16162313077268556 0.09184514342930994 0.09970605702175908
0 0.2735004518826131 0.12056961234657462 0.08226988433001133 0.09576085080120356
0 0.36609776449796944 0.06974055273291739 0.10105945712440043 0.12226456220555537
0 0.6399789481819853 0.19649181456111237 0.11167558451458141 0.16669806738935167
0 0.7655308582687331 0.23755772902847375 0.11073484577334831 0.1277722684261109
0 0.6462055690937614 0.03998877464627373 0.10162066162790725 0.07997754929254745
0 0.7582259053063858 0.07272354095120517 0.09280686613141391 0.09046775805851837
0 0.6408255451919513 0.4621072526383809 0.13328976866002265 0.18878768086722192
0 0.7325624622185295 0.4610731414695849 0.11516152991878954 0.14835817049962938
0 0.5092427691306731 0.8667154231380103 0.11440006631598418 0.1607214694628702
0 0.4062481770579526 0.8858255910457415 0.09681204811738695 0.1529677580585183
0 0.14108995373753966 0.7078146255888893 0.08695738433001132 0.09617095391148141
0 0.1962211374215555 0.8537040325633802 0.10578652991878959 0.1475379642790738
0 0.211352388962715 0.7024443289347226 0.10664812307124434 0.13673716531583313
0 0.09781271823550912 0.8133708499527318 0.09224566162790722 0.10595605702175917
0 0.09759957202842201 0.6712223061732873 0.08938147748246605 0.08550685598499985
0 0.28168587292358604 0.7444568802070377 0.10494592072720588 0.11017466531583313
0 0.7103510934662218 0.6743249971717606 0.10807092072720578 0.11044806738935158