0 0.45695775217056156 0.9185828701187212 0.09439412822814397 0.16283425976255755
0 0.0905893430198386 0.7945999485739443 0.0956181386197041 0.09426815046753827
0 0.1958124385606927 0.8546112737095175 0.08086722376899798 0.10667724687674215
0 0.2671739863311197 0.8847260205862595 0.08421074505632138 0.10982042759490121
0 0.5935558058930732 0.7662634086589618 0.14395708565349707 0.16014768052176756
0 0.7156764603522193 0.7075747307694729 0.12723947921687967 0.14443177693097126
0 0.5327882786536651 0.9516317194547913 0.08355518119435104 0.09673656109041744
0 0.666665887940274 0.8831423573311017 0.10819454827463026 0.11776928298109582
0 0.5735928671571537 0.738792393631847 0.15042560694082036 0.163309041958086
0 0.7242477030627522 0.5067616645126942 0.13127141535490913 0.1350840480082102
0 0.5035131300697293 0.07561516188041556 0.11797373986054147 0.14593973477649363
0 0.21173590345073973 0.23570219242562418 0.13130426634364492 0.1132181383672898
0 0.2903193613802959 0.09547716822512736 0.1061621547112475 0.1333761022629363
0 0.2544972038190568 0.28362660801847295 0.12876912822814396 0.16630677693097126
0 0.1795021936795982 0.13781868344863374 0.09594592055068932 0.0989556504675382
0 0.02359712906132314 0.366692596311008 0.04616444183801278 0.10178975897699036
0 0.14277845381905682 0.28297664734428024 0.09303944183801276 0.10206246974937896
0 0.04015619837117519 0.3198948643631847 0.05444683540139543 0.08621930113146811
0 0.37304474404791527 0.1866203186926656 0.1379256069408205 0.16323631908544903
0 0.7655493183014459 0.2514292698988885 0.10983345792955604 0.14120678298109554