0 0.36568205813319377 0.8143091702291796 0.17369729882131962 0.28455215940862677
0 0.7254187744138534 0.9099903609123302 0.10719686379145835 0.11085859514371954
0 0.603779510546145 0.9299043926490725 0.09963893692972228 0.1215687746106063
0 0.5120459522255201 0.933632168579827 0.09869468597979178 0.13273566284034607
0 0.26174140017315917 0.7119988609788372 0.16828114057694457 0.18602373119538154
0 0.16430466214100642 0.632549390208297 0.13292421561506956 0.14283602084968247
0 0.2485471498888187 0.9094050583924125 0.09647756933854179 0.11991534639736087
0 0.14804061645381877 0.7939044273553155 0.12180487765916678 0.1347052721033238
0 0.3002954071070133 0.701393981591093 0.18270731648875013 0.20205790815498564
0 0.24252450038124965 0.429217453219563 0.14894925911805573 0.1604781619159093
0 0.6229634148938887 0.10568564264907246 0.13655836189159737 0.16480194906292786
0 0.8287899619122566 0.3985875111497571 0.11453789152687506 0.1579154515702103
0 0.8154580797877775 0.19884592392359624 0.12369468597979179 0.14881323620994644
0 0.7717048137358677 0.3656553392047178 0.12031511284152785 0.1377848079967011
0 0.9027749354111109 0.27643737800108903 0.10886846656499997 0.11559155925034226
0 0.9566941435236455 0.5461564961060623 0.06497299620027804 0.10806856426490725
0 0.8798796832269093 0.4204003266683055 0.10407186379145834 0.11076766693047428
0 0.9549868263693051 0.5187445499461283 0.06951502583555573 0.10195495658477541
0 0.6969613465052775 0.25168611592689516 0.16548344889756966 0.19999530298213614
0 0.3002870214671526 0.1979280007914228 0.11671733415618064 0.11738137978345575