0 0.5082994119789165 0.8566946050203665 0.13474105041774181 0.24926616061076282
0 0.17308215357595946 0.8693073357653933 0.09919618676785787 0.10309279121570683
0 0.29339731216919684 0.9175371548608868 0.09814302273741297 0.11546524545807202
0 0.3642682276825165 0.9288092368332583 0.08982118676785786 0.10232751666989941
0 0.6490782622829275 0.7874498816922056 0.1239362015966055 0.1751909318225902
0 0.773627276123092 0.7317734507876994 0.11772069368794007 0.1373082945496865
0 0.6552778882529202 0.9596130845574452 0.11564885771838504 0.08077383088510963
0 0.7611233230436117 0.9039832906359784 0.10219385277546902 0.10022288273097572
0 0.6528067346397798 0.5228134257828503 0.1437685405319101 0.2032839809142047
0 0.7386951550960152 0.5117959195739324 0.13261086463846716 0.15876870636839727
0 0.5272535666921833 0.12220803471692473 0.12674286661563344 0.16763352333785925
0 0.42269340068457206 0.11053746895541088 0.12492569863085592 0.1612559775802247
0 0.16728702319452354 0.2997602392491543 0.1254695266917457 0.1363835233378592
0 0.21852055384060196 0.1581465662205558 0.11341519566510642 0.14630065727678296
0 0.22676018228205255 0.34067202379690115 0.12199169961943915 0.16568838606495556
0 0.11178112250995154 0.2191960233378592 0.08857702174882984 0.11001247091226493
0 0.01890787300424313 0.468239688031508 0.03781574600848626 0.10682382697140155
0 0.1130823428524563 0.36039497924721464 0.0942540187830803 0.09646015394280302
0 0.024885958973798257 0.43965230242559433 0.049771917947596514 0.10015923879011232
0 0.3001751190499104 0.251035310011638 0.13082818874502422 0.11501870636839735
0 0.7257017010651328 0.2920415289670489 0.1157761917107738 0.12780574879205203