0 0.89924673195132 0.46335152316387296 0.09676851006798622 0.13405397642635145
0 0.9032848409931254 0.7040492977709789 0.10247299620027803 0.1109075748547749
0 0.811516221502084 0.7599418868937773 0.09291615824437507 0.10265842721213972
0 0.7377890871934035 0.8181225680348586 0.09317073138263901 0.11359592721213971
0 0.42043662661232706 0.7586042886702418 0.1290004350298613 0.1776969685684687
0 0.28317236274461866 0.7415345667920042 0.11860714247680564 0.13351032092583334
0 0.4672421574818758 0.9214467369748306 0.10712412860909737 0.1095633986760923
0 0.34625685704503545 0.8981441317219817 0.0989479526972918 0.09357452564056316
0 0.33860017268076426 0.5019776071148758 0.14004703780340294 0.18289389081820956
0 0.24594054720579903 0.5195889462376744 0.11424695079743066 0.14735449710451592
0 0.34084516517822927 0.09440054756158187 0.11457425911805572 0.1614169971045159
0 0.43539394576343754 0.06814739754019125 0.11450152393569457 0.1362947950803825
0 0.5177343202884723 0.06660937965506705 0.12591049620027786 0.11199919396136275
0 0.6684246513105209 0.06502449369455769 0.14393445079743064 0.13004898738911538
0 0.6845068590418057 0.209004433212505 0.11068553970326392 0.12845894789030418
0 0.7550713193385418 0.08214652667852966 0.07914459897381967 0.11450345574818699
0 0.7483505002843405 0.1630155370176119 0.07329464247680555 0.13139985731976359
0 0.8118506090418057 0.2030733027333776 0.09088087955902786 0.08227315260503384
0 0.9369064668493404 0.26685535877201483 0.06973323138263865 0.11250430810555194
0 0.9030204696991323 0.18865973821768495 0.08924564437666689 0.07907537799792799
0 0.20442127516996553 0.31504914950466195 0.11032186379145843 0.11283394789030421