0 0.8394108443890724 0.46240894068523375 0.26738536397194573 0.144654262247062
0 0.07588645589700799 0.775878183613042 0.11119592072720585 0.10949524440092269
0 0.05694700146733034 0.653256899794863 0.11389400293466068 0.1009490385920639
0 0.05559405498338803 0.5730366035291293 0.11118810996677606 0.1008306394219007
0 0.2648695242155769 0.3136769493845889 0.18471256631598415 0.1648232070582587
0 0.3526780097176075 0.2174899562330661 0.15704864126984167 0.14562292116548728
0 0.06809465376522626 0.29719615394404786 0.1213323843300113 0.09782403859206372
0 0.18135372224067875 0.19587229751513346 0.1370970866740498 0.12545213112353099
0 0.2819673866463631 0.3408789894265451 0.19967623226282802 0.1799512995897259
0 0.5489231516057579 0.29123880001393315 0.15891152991878954 0.1504288203356503
0 0.877756243835362 0.6725661133006136 0.16592299352159506 0.13852081618646536
0 0.6307253477851584 0.876799636946323 0.1506985117201923 0.14358682448483506
0 0.7892585410298982 0.8652612535477069 0.1495970866740496 0.12639932448483507
0 0.6123048172480601 0.8212357985640407 0.16572273442229637 0.13539581618646537
0 0.7137695828257636 0.9486273847598732 0.11598355027685514 0.10274523048025372
0 0.4448507996677716 0.9875099794661792 0.11005492288667415 0.02498004106764142
0 0.5676455544481336 0.9301129684801281 0.11568316162790726 0.10672544191141142
0 0.46931987354189497 0.9846397222051056 0.10430557063492074 0.030720555589788746
0 0.7330864890550001 0.7495285871561045 0.19106269586563354 0.16685930373891084
0 0.7854824128645249 0.34841637304887585 0.12459708667404978 0.12450493776222685