0 0.931120778048965 0.547966749152954 0.10022288273097572 0.10380681043863901
0 0.9511866900126078 0.7741120201996414 0.09762661997478439 0.1088583314853265
0 0.870086651696085 0.828989965022674 0.09735297424624463 0.10674979991529546
0 0.8003798006379181 0.8894654624624254 0.11970620636839727 0.13293286831702958
0 0.4816140830596331 0.8040314074972196 0.14046498758216436 0.17768392619541978
0 0.34133989836210504 0.781088189208425 0.1311538893989356 0.13981990514873247
0 0.5455963189748075 0.9546363221715201 0.1185582945496865 0.09072735565695993
0 0.418029428367924 0.939506904936971 0.10452774545807206 0.09939232622365494
0 0.36967296608047295 0.5471450996894165 0.16412562818904775 0.20083299985882572
0 0.2812959922932701 0.5598810471432851 0.14062448424818452 0.1605874314570917
0 0.32916095470140744 0.13657932601189313 0.14164485030926074 0.1730874314570916
0 0.42141235651817854 0.10463064697387595 0.12043953000581897 0.16096686305535757
0 0.754479561219586 0.2414374861399487 0.10035042848861035 0.1053693104386391
0 0.6403058777300059 0.10960438623877071 0.13061175546001175 0.1522288998870605
0 0.6880413603112003 0.25622875725722327 0.12710411818710804 0.14735938936371687
0 0.7534276310639857 0.13329876244830793 0.1089282030344176 0.11519933674699834
0 0.8120528162205559 0.2704494229292993 0.1025826081851684 0.09461382096198286
0 0.6022793324314133 0.2247974757577793 0.12193838606495558 0.12217737884037314
0 0.2128336794066942 0.3498466235081141 0.12480829454968652 0.11923438936371689