0 0.42658992907117516 0.1877920057032126 0.1404959340192331 0.2725735117201923
0 0.10745583267381434 0.2612657718992251 0.09996655925034234 0.11245803207825791
0 0.20357832640560813 0.21263610965300903 0.09914820533113407 0.0843330320782579
0 0.2791155354976659 0.17207976326135177 0.09188127461060622 0.10258238433001132
0 0.5942798827529566 0.261937311840164 0.1299101235152495 0.1767603639719457
0 0.7279274570469937 0.29554845311000555 0.11944398495630519 0.1386595866740498
0 0.5517383447480082 0.08310211057585967 0.1183983105039836 0.10272208667404978
0 0.6732807241357526 0.1292435302233314 0.10442673871722885 0.10494592072720588
0 0.6595482154267709 0.5204995858988574 0.14787051332783516 0.20442428901808823
0 0.7457357680131957 0.5174129611295701 0.13878501834240015 0.1601736412698415
0 0.6333922630651377 0.9238122439830203 0.1298646594086268 0.15237551203395938
0 0.5324829809326841 0.9401894131690668 0.12628501834239997 0.11962117366186646
0 0.23060589535587592 0.8170523018180147 0.11618259263643713 0.13377182757475126
0 0.32297158861281605 0.938293395279624 0.11819973370266394 0.12341320944075207
0 0.2887510159681316 0.7824257803802149 0.11953491316955063 0.1417845866740496
0 0.2029007810118264 0.9084189790236256 0.09054609514371963 0.11029475478036196
0 0.046674827725756395 0.682380505860096 0.051483595143719627 0.10779151603912887
0 0.16940162239462234 0.7685158698320419 0.10189277210332381 0.12505816162790725
0 0.056862169966482155 0.7088626627076413 0.06531877461060623 0.10088018198597268
0 0.3799921299164698 0.8477584885843494 0.13282452335696499 0.11612325262089378
0 0.7827714520989357 0.7240727737449264 0.107688131037097 0.1098336798265045