0 0.7730342266072754 0.4556110604079174 0.26860564401654463 0.1280938580918752
0 0.15072922855668688 0.8138839280960071 0.09638519867918127 0.09440592306201409
0 0.10753430657227707 0.6980037017473613 0.1103204293443631 0.083795731382639
0 0.08968428258277658 0.6202235406531946 0.113481792011454 0.08699346656499998
0 0.25643816728995655 0.3255864539315627 0.16406359468490822 0.13815722948277792
0 0.31636824530554675 0.21210648860083361 0.12474655601527207 0.115373039703264
0 0.06007169728677486 0.34445982123840285 0.11028406667727224 0.080670731382639
0 0.1536773413033196 0.22473050911805573 0.12151246801399936 0.10592530452090292
0 0.27565124395291124 0.3533847988213196 0.1782170013526355 0.14629703780340292
0 0.5315478026336834 0.2554064661837504 0.14209768801718106 0.12983558320625013
0 0.9193632392584579 0.57311029777448 0.1497465560152719 0.11595492116215293
0 0.720324113224096 0.8216711650813201 0.12014996268299924 0.12307643692972228
0 0.8661820532304592 0.7781783510611119 0.13555678668045407 0.10469011284152785
0 0.6779462565643228 0.7698898063238546 0.1638817813494537 0.12253222948277802
0 0.807196857216778 0.8776140001874314 0.10265338001272672 0.09611389342673604
0 0.5528264358689151 0.9774486599536114 0.10365225867281787 0.04510268009277709
0 0.6602491318825964 0.880445446616459 0.1010363360120902 0.09139002583555537
0 0.5755372298695514 0.971507784478646 0.09602157200827222 0.056984431042707936
0 0.7931632712444585 0.6733258904800354 0.1750556386855447 0.14309930262104179
0 0.7720091706317744 0.2750695752255562 0.11206474267981754 0.09945709897381949