0 0.49609375 0.83828125 0.08125 0.253125
0 0.1625 0.8046875 0.08359375 0.0859375
0 0.27578125 0.865625 0.06796875 0.1
0 0.34453125 0.87578125 0.08046875 0.08046875
0 0.646875 0.75390625 0.10234375 0.153125
0 0.775 0.7078125 0.096875 0.11640625
0 0.62890625 0.91875 0.090625 0.096875
0 0.7453125 0.875 0.0875 0.07890625
0 0.67578125 0.51640625 0.11328125 0.128125
0 0.76328125 0.4859375 0.10859375 0.134375
0 0.5890625 0.0859375 0.09765625 0.15
0 0.48671875 0.06953125 0.10234375 0.1375
0 0.21875 0.2375 0.11875 0.1125
0 0.22890625 0.09921875 0.08515625 0.1625
0 0.26484375 0.28984375 0.10390625 0.1515625
0 0.165625 0.15859375 0.07421875 0.09296875
0 0.04296875 0.3796875 0.03984375 0.1015625
0 0.1515625 0.29765625 0.08046875 0.0734375
0 0.05078125 0.346875 0.05625 0.090625
0 0.36484375 0.19609375 0.115625 0.125
0 0.7703125 0.27265625 0.09609375 0.096875