0 0.2718383811028091 0.5954549897081962 0.12664389081820956 0.14575852333785927
0 0.18191131782546152 0.18580930955259606 0.09121150496239876 0.086830062427534
0 0.12618139454226324 0.28791407242947364 0.1174829065339753 0.08274834030732112
0 0.10312057609762917 0.362101000459042 0.08950345574818702 0.0835775166698994
0 0.21805410153330454 0.6726235254638911 0.15963617328319835 0.11887703000581915
0 0.2598156083577301 0.8030761710717444 0.12177230024766902 0.1080034318225902
0 0.05081309760436311 0.6432873565181786 0.0996062018192456 0.09996779121570665
0 0.09539138937497674 0.7637750707624837 0.08369010339082217 0.09244233363936125
0 0.48340511973026956 0.7170263271405795 0.18038532092583348 0.1299101248550681
0 0.483054055214577 0.8087514415346657 0.1408133986760923 0.11578398091420468
0 0.8876988215495152 0.6574905410950205 0.1530950748547749 0.11211684697528099
0 0.9050747202256076 0.5538234071560968 0.14953342721213972 0.10248675546001174
0 0.7383774875940032 0.26024939502812516 0.11450345574818713 0.08561824879205204
0 0.8695867921848984 0.33918708018469523 0.14230312406898663 0.11434902667183913
0 0.722893728702663 0.3232915289670489 0.13256425103345731 0.10577125212603189
0 0.8307490781645438 0.23014704897092822 0.09902400496239885 0.08746779121570665
0 0.5957277229116947 0.09019250229520978 0.09840326674922295 0.04072033697334121
0 0.6899614123249436 0.2053229079050028 0.07729455417661057 0.08880715060882312
0 0.6196189871797184 0.09920071153854507 0.08648546360606986 0.052199970912264915
0 0.7741608221686878 0.4011931304842576 0.10302230024766904 0.10647288273097573
0 0.6853978052145769 0.8252686171483381 0.10927230024766903 0.10698306576151388