0 0.8719617533541946 0.3901072391132424 0.2560764932916107 0.14144237210203653
0 0.7908649366422327 0.06914948162037186 0.10154035668871889 0.09740126324231464
0 0.8369201178365836 0.16573195570139046 0.08624313861970415 0.1007217528747221
0 0.8852972696978396 0.2393164271905109 0.0979783141140718 0.09087786116879615
0 0.8101105074646939 0.5579481414695848 0.16880426634364482 0.12658020678620333
0 0.7833509015322798 0.6923422653150477 0.13086722376899793 0.11704938190398124
0 0.9696287110316494 0.5105674191319926 0.06074257793670128 0.11798716531583313
0 0.9474244731879203 0.6331840043818072 0.09874313861970414 0.10181536116879605
0 0.5550130980618695 0.6305721630532417 0.19645937278026224 0.14452912441111074
0 0.5618036834632649 0.7164413125348621 0.15238159084927716 0.1360139953818516
0 0.138235507464694 0.6167295872760651 0.1672417663436449 0.12644350574944418
0 0.1075868049830195 0.5156551028274539 0.1500542663436449 0.12493979434509228
0 0.23855367365278246 0.20786385226180598 0.12708665990702755 0.10740097983046278
0 0.10784425905417787 0.30576269297824094 0.14638296312533625 0.11685389227157383
0 0.26948659939925185 0.2680399346368986 0.12149222376899793 0.11622917568342572
0 0.14496221077954774 0.18461086291222248 0.10557229282674849 0.0884363663525924
0 0.3630352315626681 0.022828897620023443 0.10440327673520508 0.045657795240046886
0 0.28300316015912913 0.14659487012226904 0.10622785668871888 0.0978113663525924
0 0.3378549151028077 0.03175182865189878 0.09757412252816078 0.06288956220555537
0 0.2145584348006473 0.3593087750705096 0.10550659084927708 0.1319129642790739
0 0.3550127340836836 0.7604721509422228 0.10532092055068923 0.10704966531583313