0 0.45576659315616713 0.07048939043770562 0.17762993776222674 0.13096244182452982
0 0.8370534045687478 0.11247088572659987 0.09893625269929238 0.09658769970043757
0 0.7178880848577973 0.06481424891273822 0.08425844606059663 0.10781224212409224
0 0.6418224923263302 0.05687394527919591 0.0872650468904336 0.1065048336393613
0 0.3598648651514914 0.22610127483567127 0.12133331618646537 0.16674070303441743
0 0.23810918693703426 0.2894937083252514 0.11224173610255284 0.12873052000387936
0 0.35578990394404786 0.05821227316868135 0.10300844606059663 0.10934279121570667
0 0.24569377614450913 0.11986686347600242 0.09846265601864027 0.09033769970043758
0 0.3652673732493685 0.49450045953319943 0.1358461020792368 0.19432356909549373
0 0.2767376695151021 0.508801817718368 0.12303752614450918 0.1482457945496865
0 0.5015907624707766 0.8827023480140511 0.11785311867597628 0.16179811151914833
0 0.6016975062469992 0.886321942404258 0.10753092531467204 0.14853283697334127
0 0.8549847591467843 0.6706978449699352 0.11875184523075966 0.11218074879205205
0 0.9858600640116266 0.5811894505700298 0.02827987197674666 0.11147937606301603
0 0.8020247798927087 0.6357168092142403 0.12950101369695446 0.1720659318225902
0 0.9132368122609952 0.7547700849679956 0.08702824855010753 0.10337983363936125
0 0.910393386946323 0.6135073561798228 0.09029495850815117 0.08501247091226496
0 0.9864399431608115 0.5557270649641162 0.027120113678376967 0.09014651000193971
0 0.7013637742936313 0.7492687393698405 0.13610621120744354 0.17726361485312836
0 0.2972906583169473 0.7177941804454643 0.10878484937994451 0.1036029742462448