0 0.5123720674285038 0.0810395350129186 0.14215529121570664 0.10392364126984162
0 0.753060840307321 0.06640083436692315 0.11090529121570665 0.10192105027685519
0 0.8138385857653934 0.15674642967884625 0.1041451081851684 0.0952705320782579
0 0.8748396007683027 0.23058564544111998 0.11728283697334127 0.10388406847545253
0 0.8237862522952097 0.5479919933739368 0.1771360690954939 0.13258886181247737
0 0.8138527560882316 0.6860624922942026 0.13912588606495566 0.1239357526208936
0 0.9650342305397516 0.49435944633628404 0.0699315389204969 0.11139617982650449
0 0.9436692201633589 0.626850573726465 0.11266155967328224 0.11728523442229637
0 0.5824435172981193 0.6412062769933542 0.16747402667183914 0.14751295496493205
0 0.5954374669985569 0.7330433235695815 0.15813097758022465 0.12826230721668547
0 0.16449074275231207 0.6585658667497228 0.17050343182259015 0.12750084361388012
0 0.12273406426370179 0.5607186520671833 0.16192565727678293 0.11762519586563336
0 0.12475920774552322 0.47969918954411206 0.1273911606107628 0.13250971622369895
0 0.11256261243723231 0.3399055043189366 0.15149834030732107 0.12317428901808825
0 0.2709491972845416 0.2983421607050566 0.15685552000387934 0.11263730721668548
0 0.11991311364518031 0.2279166440476188 0.11728283697334119 0.10388406847545247
0 0.1478467950087285 0.22377056215393099 0.15899210485118864 0.08168769586563351
0 0.2601556053102306 0.17573597547988123 0.10621779121570665 0.10162066162790725
0 0.25041420136742754 0.08526116980435523 0.10742960485118865 0.07838342072720587
0 0.22973400804508565 0.3803023619693609 0.12678538273097573 0.10604734577334832
0 0.3884698609394202 0.7855732479974151 0.10593074879205204 0.11714553207825791