0 0.6404149982123238 0.8109375 0.1485003703131401 0.26875
0 0.2650960048802836 0.8453125 0.10165783697334127 0.096875
0 0.38416474033641607 0.8875 0.09811824879205204 0.1109375
0 0.462130243670396 0.9046875 0.09811824879205204 0.1109375
0 0.7445128247246835 0.73671875 0.15101985030926066 0.165625
0 0.8528197901769365 0.67578125 0.12426616061076282 0.125
0 0.7409885673078176 0.9328125 0.0886157030344176 0.109375
0 0.8528032989709281 0.83828125 0.11463606909549365 0.121875
0 0.7175198900271553 0.721875 0.1606179909161442 0.1875
0 0.7946572485021879 0.4609375 0.13973166394474265 0.1421875
0 0.4474646734876404 0.07421875 0.12617934697528083 0.1484375
0 0.20784341940475448 0.2875 0.10554811151914842 0.10625
0 0.24652379788366643 0.1296875 0.11422148091420459 0.1359375
0 0.2724638998599171 0.30390625 0.11747402667183912 0.1375
0 0.151434309552596 0.18984375 0.10204047424624481 0.1015625
0 0.0698805180470253 0.44453125 0.059980520003879344 0.103125
0 0.15945358789142508 0.3359375 0.0989154742462448 0.1015625
0 0.07117208001551734 0.4125 0.06403029121570665 0.0953125
0 0.3577321069772205 0.2 0.15698280788560606 0.18125
0 0.753347495917114 0.21328125 0.10720620636839726 0.1265625