0 0.5448140859067045 0.5855882232654577 0.12713303029369402 0.13261360001590833
0 0.2242923728251612 0.1428307479710468 0.09761055103961844 0.09324201734563581
0 0.17459021598132837 0.25053470731222827 0.12310745850815122 0.07948860001590834
0 0.15521417656407202 0.32504435864895537 0.09510085767831425 0.08072383601209036
0 0.2870733635011062 0.6308120059675469 0.16621884108157464 0.11277381468808993
0 0.3360221942097187 0.7608262226289109 0.12812684523075965 0.10452496268299924
0 0.11793227719341633 0.6069761586569096 0.10878484937994445 0.09649428668045382
0 0.16827766454072463 0.7244631033179553 0.08956125269929238 0.09002611067790856
0 0.5534921915104263 0.6691547012651394 0.18892263527271602 0.12396585335772628
0 0.5580155933798817 0.7598069732654575 0.14735044191141178 0.11099313868554468
0 0.9372090764591814 0.6011553952100966 0.12558184708163722 0.1064510893539083
0 0.9440855771841274 0.5009372192075512 0.11182884563174511 0.10014654535327168
0 0.7885100834079048 0.21054967122855026 0.12372276514684692 0.06700678134945379
0 0.917512344405567 0.28255084587846013 0.15035704274124875 0.1094670013526354
0 0.7614040543636107 0.2656007978994592 0.1848504419114116 0.1114294906906352
0 0.8742457512494 0.17592867588323263 0.10471265601864026 0.08395792401336304
0 0.7334072636969544 0.15410931456877724 0.0829560551888033 0.08526588534372678
0 0.6457278197109504 0.049567812579594916 0.09164397095570571 0.055705654678544915
0 0.8158207124568435 0.34394342655955035 0.12694285352912935 0.08889996268299924
0 0.763105835081512 0.7730593092377771 0.11238344606059644 0.10278064934754472