0 0.8918524592498962 0.5124201592139146 0.1010209053945836 0.17925224267981754
0 0.2197657858066327 0.8468915393061831 0.09422408510611116 0.08857269867918127
0 0.16031609099312563 0.7436489079805918 0.10799564437666676 0.07623633068109026
0 0.1397295276385075 0.6649608339831371 0.09560474715020839 0.08077838001272682
0 0.24644577422003505 0.34800859663431966 0.17009690729444454 0.12694540268936266
0 0.28897615349472244 0.2279500879615018 0.12118662860909737 0.10606928134945379
0 0.059764045021597545 0.38534660665977305 0.10374455547083342 0.0949317866804539
0 0.1257501080918752 0.26579662798377346 0.09280705547083343 0.09480451734563582
0 0.3038225163362503 0.3621887279599109 0.19858558320625014 0.14289766669318063
0 0.5095068590418057 0.23476151993159405 0.14186280452090294 0.12193063868554459
0 0.9349244331300003 0.48996335654046036 0.13015113373999937 0.10319882001909005
0 0.7519411997505909 0.7797451139004137 0.09139002583555574 0.1010363360120902
0 0.9188546363959726 0.6988752798775056 0.1334684230620141 0.09683973201781733
0 0.7473251285121881 0.7157189765675046 0.12438436379145834 0.10923064401654478
0 0.8768327501874312 0.8072059478835507 0.0989479526972918 0.09018974267981754
0 0.6456217306201397 0.9458706479153676 0.10072735182361114 0.03241360534690827
0 0.7344276978507299 0.8330882899029591 0.09883884992375017 0.08550224267981754
0 0.6657887602554174 0.9393842905792769 0.09338763050895835 0.052635198679181275
0 0.8063896975663895 0.6345411545592322 0.11148432028847247 0.09189769334818117
0 0.7231874993344098 0.21586442723586813 0.09280705547083343 0.09480451734563582