0 0.22497278438305415 0.481727227254921 0.22949407095872498 0.18384426881613755
0 0.17150052168436442 0.18294727895033205 0.10009425843752054 0.09669952564056317
0 0.12478426750801316 0.3017187036812724 0.11221231252120449 0.08634422249741007
0 0.1234425115175634 0.3753381401990371 0.09351687622353536 0.08703342721213972
0 0.2907590194069297 0.6625555421848983 0.15129465988879928 0.1334033130679506
0 0.3448512970817439 0.777414254757511 0.12714783175849825 0.11199919396136267
0 0.11696685534177916 0.6604772735736486 0.10968751324684392 0.10338617328319835
0 0.17402044190960078 0.7705029369320494 0.09233632213985135 0.09789815260503403
0 0.5477629875557642 0.6498028693159849 0.19197422359113006 0.13685795285270289
0 0.5632639911839614 0.7351581724591381 0.14795140507947585 0.12700776385373888
0 0.9293787536706061 0.5094795064146499 0.1412424926587878 0.11828773531769166
0 0.9342187764936878 0.4060270206826736 0.1315624470126245 0.11770553846084475
0 0.742757962791357 0.16103566005314116 0.12802085099579194 0.13699919396136276
0 0.881922155712448 0.20228774462782573 0.13323414065150557 0.10760279238978614
0 0.7025347560752678 0.2192505744449993 0.15214783175849825 0.11316358767505645
0 0.8157391058051153 0.09972997891206001 0.1027827488188735 0.08434507485477487
0 0.5723759970047751 0.01677108426509828 0.10147321996293321 0.03354216853019656
0 0.6758135102516191 0.10389955624803424 0.08274306733052797 0.09121150496239872
0 0.5919890925582714 0.02290228701535728 0.09754961179556502 0.04580457403071456
0 0.7942435956383143 0.29088367183996544 0.11056053248413775 0.12838617328319835
0 0.7769445452676453 0.7142505512856354 0.10834326805616748 0.1095633986760923