0 0.542472706996632 0.20390625 0.19625155338349137 0.253125
0 0.24194080779493463 0.12109375 0.107518022737413 0.1078125
0 0.36590223121691967 0.0890625 0.10008752471457934 0.1171875
0 0.4390532297340449 0.09609375 0.09782468775644108 0.1
0 0.6973101042211628 0.29609375 0.15043503460041094 0.1640625
0 0.8023212563886096 0.36484375 0.12741402866891213 0.1359375
0 0.7214691403044486 0.125 0.11727502471457943 0.1171875
0 0.8209797089737982 0.19453125 0.10876218775644127 0.1
0 0.646307383841477 0.55078125 0.15971187551288218 0.2
0 0.7280375449061723 0.57734375 0.14542919961943906 0.15625
0 0.4484694727396006 0.91953125 0.13780770060802236 0.1609375
0 0.3455354737281838 0.91484375 0.1392428666156335 0.1578125
0 0.13533143867066214 0.6859375 0.15097886266130084 0.1390625
0 0.1522576590131669 0.8265625 0.12604252965749524 0.140625
0 0.19760594559074435 0.653125 0.1314303666156335 0.1578125
0 0.06240859182669208 0.75 0.096580522737413 0.1078125
0 0.019674535551813234 0.5046875 0.03934907110362647 0.103125
0 0.08835562098989573 0.61171875 0.10056768577927469 0.090625
0 0.023820866084160904 0.53046875 0.04764173216832181 0.1015625
0 0.2545005913324005 0.75234375 0.13934102570316256 0.121875
0 0.675006750914221 0.7859375 0.12196252471457925 0.1171875