0 0.6110346090439254 0.8989873716628392 0.1370970866740498 0.12242163387576924
0 0.825886455897008 0.812263056872661 0.11119592072720579 0.10704893939369349
0 0.8642153755444797 0.6912036063976912 0.12465764342931003 0.09841092378986112
0 0.8778156030269457 0.6135289857509049 0.12465764342931003 0.09841092378986112
0 0.701618552593207 0.3416971720923805 0.18154799352159506 0.1356519742194025
0 0.6229905097176075 0.2231308785602441 0.19661178901808823 0.1520139586155702
0 0.8940260980897003 0.3361033485957751 0.12133238433001133 0.0951221494796016
0 0.8071850370155035 0.22337761928799 0.10973355027685514 0.10852955223856364
0 0.6139368823274265 0.26655332993972514 0.16055317550756792 0.1968417797373264
0 0.4318357811554073 0.2703356699446739 0.15891152991878954 0.14692366689245615
0 0.06832459246031677 0.6069294306872661 0.13664918492063355 0.13844942559888337
0 0.26714610426356344 0.9632922953411587 0.12375647748246603 0.07341540931768264
0 0.26903567859911204 0.7924862296464694 0.1803860117201923 0.14182008706427282
0 0.17158208282576365 0.9065277182265087 0.11598355027685514 0.10885710085908258
0 0.4276132348929469 0.9825170081406004 0.11151729333702494 0.03496598371879926
0 0.3090215260705035 0.8902144007227971 0.09300712523071261 0.09052318068726635
0 0.38146942011812224 0.9821927815463487 0.10360466378737554 0.0356144369073025
0 0.21724144355850683 0.7200070420617983 0.13170867982650453 0.11123847241038014
0 0.15683606724806004 0.7819028544771272 0.1296455320782579 0.10334408525525038