0 0.28363348324044557 0.45938513212077386 0.254563131037097 0.10458854781181834
0 0.23247677784280452 0.8488652677575892 0.09000052586424748 0.08644656010845893
0 0.1645414685924622 0.742238017855785 0.10379024122451139 0.07715337334017516
0 0.14912340558119616 0.6687232498036082 0.08673913354437941 0.08174087939029935
0 0.2519311906831507 0.36312321047780094 0.15929609514371962 0.10559653590796181
0 0.28956391983346813 0.23367660499341078 0.12170516693047428 0.10225336729005097
0 0.08779213433580224 0.3863829275949013 0.10272784639736088 0.09433178298109546
0 0.12422607633910117 0.2694272317514315 0.08388691818411552 0.09109769867214013
0 0.4835843559642723 0.324633923980664 0.13015416442319178 0.12417381908544903
0 0.5115753121533362 0.23965493598271653 0.1407279515702104 0.11173745159900639
0 0.9222112837818063 0.4013934293434171 0.1555774324363874 0.10245335518980259
0 0.9361888672470435 0.49837751365237254 0.12762226550591294 0.09300563231716552
0 0.7950927866182932 0.7755889325648709 0.12068823620994636 0.12099427693097127
0 0.7697016446941365 0.9230724657423582 0.11588106426490725 0.06316359621281223
0 0.7383737736861693 0.7322974748175446 0.1594779515702104 0.11184653590796181
0 0.8770163880302189 0.8260570860574713 0.09914820533113407 0.07868860226293614
0 0.6574660691464581 0.958350914709086 0.10605142319868044 0.04748405405833438
0 0.7385449214163138 0.8455605440993853 0.07901756175762494 0.0848204275949012
0 0.6969461062934768 0.9460827188656161 0.08931856426490725 0.06300906010845893
0 0.831034983636157 0.6148877819009411 0.15975073620994634 0.12122153590796181
0 0.7244246531404207 0.22605201999708435 0.10290970282385156 0.10058178298109555